0.005000	0.500000	0.097441	-0.001522	0.000000	-0.069957	0.000000	-0.085050	-0.085050	-0.049415	0.000000	-0.051924	-0.051924	-0.000000	0.000000	
0.015000	0.500000	0.103625	-0.001415	0.000000	-0.074339	0.000000	-0.092006	-0.092006	-0.046040	0.000000	-0.047372	-0.047372	0.000000	-0.000000	
0.025000	0.500000	0.109356	-0.001309	0.000000	-0.078396	0.000000	-0.098285	-0.098285	-0.042630	0.000000	-0.043006	-0.043006	0.000000	-0.000000	
0.035000	0.500000	0.114635	-0.001202	0.000000	-0.082129	0.000000	-0.103924	-0.103924	-0.039197	0.000000	-0.038812	-0.038812	0.000000	-0.000000	
0.045000	0.500000	0.119463	-0.001096	0.000000	-0.085541	0.000000	-0.108953	-0.108953	-0.035754	0.000000	-0.034783	-0.034783	0.000000	-0.000000	
0.055000	0.500000	0.123843	-0.000991	0.000000	-0.088633	0.000000	-0.113403	-0.113403	-0.032309	0.000000	-0.030908	-0.030908	0.000000	-0.000000	
0.065000	0.500000	0.127779	-0.000886	0.000000	-0.091409	0.000000	-0.117303	-0.117303	-0.028874	0.000000	-0.027179	-0.027179	0.000000	-0.000000	
0.075000	0.500000	0.131276	-0.000783	0.000000	-0.093872	0.000000	-0.120679	-0.120679	-0.025455	0.000000	-0.023589	-0.023589	0.000000	-0.000000	
0.085000	0.500000	0.134340	-0.000681	0.000000	-0.096027	0.000000	-0.123555	-0.123555	-0.022060	0.000000	-0.020131	-0.020131	0.000000	-0.000000	
0.095000	0.500000	0.136977	-0.000580	0.000000	-0.097878	0.000000	-0.125956	-0.125956	-0.018697	0.000000	-0.016799	-0.016799	0.000000	-0.000000	
0.105000	0.500000	0.139194	-0.000481	0.000000	-0.099431	0.000000	-0.127902	-0.127902	-0.015372	0.000000	-0.013587	-0.013587	0.000000	-0.000000	
0.115000	0.500000	0.141000	-0.000384	0.000000	-0.100691	0.000000	-0.129415	-0.129415	-0.012089	0.000000	-0.010491	-0.010491	0.000000	-0.000000	
0.125000	0.500000	0.142403	-0.000289	0.000000	-0.101665	0.000000	-0.130515	-0.130515	-0.008856	0.000000	-0.007506	-0.007506	0.000000	-0.000000	
0.135000	0.500000	0.143410	-0.000196	0.000000	-0.102358	0.000000	-0.131219	-0.131219	-0.005675	0.000000	-0.004628	-0.004628	0.000000	-0.000000	
0.145000	0.500000	0.144031	-0.000106	0.000000	-0.102777	0.000000	-0.131545	-0.131545	-0.002551	0.000000	-0.001853	-0.001853	0.000000	-0.000000	
0.155000	0.500000	0.144276	-0.000017	0.000000	-0.102929	0.000000	-0.131511	-0.131511	0.000512	0.000000	0.000822	0.000822	0.000000	-0.000000	
0.165000	0.500000	0.144154	0.000070	0.000000	-0.102821	0.000000	-0.131132	-0.131132	0.003510	0.000000	0.003400	0.003400	0.000000	-0.000000	
0.175000	0.500000	0.143674	0.000154	0.000000	-0.102459	0.000000	-0.130424	-0.130424	0.006441	0.000000	0.005884	0.005884	0.000000	-0.000000	
0.185000	0.500000	0.142848	0.000235	0.000000	-0.101852	0.000000	-0.129400	-0.129400	0.009302	0.000000	0.008277	0.008277	0.000000	-0.000000	
0.195000	0.500000	0.141685	0.000315	0.000000	-0.101005	0.000000	-0.128075	-0.128075	0.012090	0.000000	0.010580	0.010580	0.000000	-0.000000	
0.205000	0.500000	0.140195	0.000392	0.000000	-0.099927	0.000000	-0.126463	-0.126463	0.014803	0.000000	0.012795	0.012795	0.000000	-0.000000	
0.215000	0.500000	0.138389	0.000466	0.000000	-0.098626	0.000000	-0.124576	-0.124576	0.017438	0.000000	0.014925	0.014925	0.000000	-0.000000	
0.225000	0.500000	0.136278	0.000538	0.000000	-0.097108	0.000000	-0.122426	-0.122426	0.019995	0.000000	0.016972	0.016972	0.000000	-0.000000	
0.235000	0.500000	0.133871	0.000607	0.000000	-0.095381	0.000000	-0.120026	-0.120026	0.022470	0.000000	0.018936	0.018936	0.000000	-0.000000	
0.245000	0.500000	0.131181	0.000674	0.000000	-0.093453	0.000000	-0.117387	-0.117387	0.024864	0.000000	0.020819	0.020819	0.000000	-0.000000	
0.255000	0.500000	0.128217	0.000738	0.000000	-0.091331	0.000000	-0.114521	-0.114521	0.027173	0.000000	0.022622	0.022622	0.000000	-0.000000	
0.265000	0.500000	0.124991	0.000800	0.000000	-0.089023	0.000000	-0.111438	-0.111438	0.029398	0.000000	0.024347	0.024347	0.000000	-0.000000	
0.275000	0.500000	0.121513	0.000859	0.000000	-0.086538	0.000000	-0.108150	-0.108150	0.031536	0.000000	0.025995	0.025995	0.000000	-0.000000	
0.285000	0.500000	0.117794	0.000915	0.000000	-0.083881	0.000000	-0.104665	-0.104665	0.033588	0.000000	0.027565	0.027565	0.000000	-0.000000	
0.295000	0.500000	0.113845	0.000969	0.000000	-0.081062	0.000000	-0.100996	-0.100996	0.035551	0.000000	0.029060	0.029060	0.000000	-0.000000	
0.305000	0.500000	0.109676	0.001021	0.000000	-0.078088	0.000000	-0.097151	-0.097151	0.037424	0.000000	0.030480	0.030480	0.000000	-0.000000	
0.315000	0.500000	0.105299	0.001069	0.000000	-0.074966	0.000000	-0.093140	-0.093140	0.039209	0.000000	0.031825	0.031825	0.000000	-0.000000	
0.325000	0.500000	0.100725	0.001116	0.000000	-0.071704	0.000000	-0.088973	-0.088973	0.040902	0.000000	0.033097	0.033097	0.000000	-0.000000	
0.335000	0.500000	0.095964	0.001159	0.000000	-0.068310	0.000000	-0.084658	-0.084658	0.042505	0.000000	0.034295	0.034295	0.000000	-0.000000	
0.345000	0.500000	0.091027	0.001200	0.000000	-0.064792	0.000000	-0.080206	-0.080206	0.044015	0.000000	0.035421	0.035421	0.000000	-0.000000	
0.355000	0.500000	0.085925	0.001239	0.000000	-0.061157	0.000000	-0.075625	-0.075625	0.045434	0.000000	0.036474	0.036474	0.000000	-0.000000	
0.365000	0.500000	0.080668	0.001274	0.000000	-0.057412	0.000000	-0.070924	-0.070924	0.046759	0.000000	0.037456	0.037456	0.000000	-0.000000	
0.375000	0.500000	0.075268	0.001308	0.000000	-0.053566	0.000000	-0.066111	-0.066111	0.047992	0.000000	0.038366	0.038366	0.000000	-0.000000	
0.385000	0.500000	0.069734	0.001338	0.000000	-0.049626	0.000000	-0.061196	-0.061196	0.049131	0.000000	0.039205	0.039205	0.000000	-0.000000	
0.395000	0.500000	0.064079	0.001367	0.000000	-0.045600	0.000000	-0.056187	-0.056187	0.050176	0.000000	0.039973	0.039973	0.000000	-0.000000	
0.405000	0.500000	0.058312	0.001392	0.000000	-0.041495	0.000000	-0.051092	-0.051092	0.051127	0.000000	0.040671	0.040671	0.000000	-0.000000	
0.415000	0.500000	0.052444	0.001415	0.000000	-0.037318	0.000000	-0.045920	-0.045920	0.051984	0.000000	0.041298	0.041298	0.000000	-0.000000	
0.425000	0.500000	0.046486	0.001435	0.000000	-0.033077	0.000000	-0.040679	-0.040679	0.052746	0.000000	0.041855	0.041855	0.000000	-0.000000	
0.435000	0.500000	0.040449	0.001453	0.000000	-0.028781	0.000000	-0.035378	-0.035378	0.053413	0.000000	0.042342	0.042342	0.000000	-0.000000	
0.445000	0.500000	0.034342	0.001469	0.000000	-0.024435	0.000000	-0.030024	-0.030024	0.053985	0.000000	0.042760	0.042760	0.000000	-0.000000	
0.455000	0.500000	0.028178	0.001481	0.000000	-0.020049	0.000000	-0.024625	-0.024625	0.054462	0.000000	0.043107	0.043107	0.000000	-0.000000	
0.465000	0.500000	0.021965	0.001492	0.000000	-0.015628	0.000000	-0.019190	-0.019190	0.054844	0.000000	0.043385	0.043385	0.000000	-0.000000	
0.475000	0.500000	0.015716	0.001499	0.000000	-0.011182	0.000000	-0.013727	-0.013727	0.055131	0.000000	0.043593	0.043593	0.000000	-0.000000	
0.485000	0.500000	0.009440	0.001504	0.000000	-0.006717	0.000000	-0.008245	-0.008245	0.055322	0.000000	0.043732	0.043732	0.000000	-0.000000	
0.495000	0.500000	0.003148	0.001507	0.000000	-0.002240	0.000000	-0.002750	-0.002750	0.055417	0.000000	0.043801	0.043801	0.000000	-0.000000	
0.505000	0.500000	-0.003148	0.001507	0.000000	0.002240	0.000000	0.002750	0.002750	0.055417	0.000000	0.043801	0.043801	0.000000	-0.000000	
0.515000	0.500000	-0.009440	0.001504	0.000000	0.006717	0.000000	0.008245	0.008245	0.055322	0.000000	0.043732	0.043732	0.000000	-0.000000	
0.525000	0.500000	-0.015716	0.001499	0.000000	0.011182	0.000000	0.013727	0.013727	0.055131	0.000000	0.043593	0.043593	-0.000000	-0.000000	
0.535000	0.500000	-0.021965	0.001492	0.000000	0.015628	0.000000	0.019190	0.019190	0.054844	0.000000	0.043385	0.043385	-0.000000	-0.000000	
0.545000	0.500000	-0.028178	0.001481	0.000000	0.020049	0.000000	0.024625	0.024625	0.054462	0.000000	0.043107	0.043107	-0.000000	-0.000000	
0.555000	0.500000	-0.034342	0.001469	0.000000	0.024435	0.000000	0.030024	0.030024	0.053985	0.000000	0.042760	0.042760	-0.000000	-0.000000	
0.565000	0.500000	-0.040449	0.001453	0.000000	0.028781	0.000000	0.035378	0.035378	0.053413	0.000000	0.042342	0.042342	-0.000000	-0.000000	
0.575000	0.500000	-0.046486	0.001435	0.000000	0.033077	0.000000	0.040679	0.040679	0.052746	0.000000	0.041855	0.041855	-0.000000	-0.000000	
0.585000	0.500000	-0.052444	0.001415	0.000000	0.037318	0.000000	0.045920	0.045920	0.051984	0.000000	0.041298	0.041298	-0.000000	-0.000000	
0.595000	0.500000	-0.058312	0.001392	0.000000	0.041495	0.000000	0.051092	0.051092	0.051127	0.000000	0.040671	0.040671	-0.000000	-0.000000	
0.605000	0.500000	-0.064079	0.001367	0.000000	0.045600	0.000000	0.056187	0.056187	0.050176	0.000000	0.039973	0.039973	-0.000000	-0.000000	
0.615000	0.500000	-0.069734	0.001338	0.000000	0.049626	0.000000	0.061196	0.061196	0.049131	0.000000	0.039205	0.039205	-0.000000	-0.000000	
0.625000	0.500000	-0.075268	0.001308	0.000000	0.053566	0.000000	0.066111	0.066111	0.047992	0.000000	0.038366	0.038366	-0.000000	-0.000000	
0.635000	0.500000	-0.080668	0.001274	0.000000	0.057412	0.000000	0.070924	0.070924	0.046759	0.000000	0.037456	0.037456	-0.000000	-0.000000	
0.645000	0.500000	-0.085925	0.001239	0.000000	0.061157	0.000000	0.075625	0.075625	0.045434	0.000000	0.036474	0.036474	-0.000000	-0.000000	
0.655000	0.500000	-0.091027	0.001200	0.000000	0.064792	0.000000	0.080206	0.080206	0.044015	0.000000	0.035421	0.035421	-0.000000	-0.000000	
0.665000	0.500000	-0.095964	0.001159	0.000000	0.068310	0.000000	0.084658	0.084658	0.042505	0.000000	0.034295	0.034295	0.000000	-0.000000	
0.675000	0.500000	-0.100725	0.001116	0.000000	0.071704	0.000000	0.088973	0.088973	0.040902	0.000000	0.033097	0.033097	0.000000	-0.000000	
0.685000	0.500000	-0.105299	0.001069	0.000000	0.074966	0.000000	0.093140	0.093140	0.039209	0.000000	0.031825	0.031825	0.000000	-0.000000	
0.695000	0.500000	-0.109676	0.001021	0.000000	0.078088	0.000000	0.097151	0.097151	0.037424	0.000000	0.030480	0.030480	0.000000	-0.000000	
0.705000	0.500000	-0.113845	0.000969	0.000000	0.081062	0.000000	0.100996	0.100996	0.035551	0.000000	0.029060	0.029060	0.000000	-0.000000	
0.715000	0.500000	-0.117794	0.000915	0.000000	0.083881	0.000000	0.104665	0.104665	0.033588	0.000000	0.027565	0.027565	0.000000	-0.000000	
0.725000	0.500000	-0.121513	0.000859	0.000000	0.086538	0.000000	0.108150	0.108150	0.031536	0.000000	0.025995	0.025995	0.000000	-0.000000	
0.735000	0.500000	-0.124991	0.000800	0.000000	0.089023	0.000000	0.111438	0.111438	0.029398	0.000000	0.024347	0.024347	0.000000	-0.000000	
0.745000	0.500000	-0.128217	0.000738	0.000000	0.091331	0.000000	0.114521	0.114521	0.027173	0.000000	0.022622	0.022622	0.000000	-0.000000	
0.755000	0.500000	-0.131181	0.000674	0.000000	0.093453	0.000000	0.117387	0.117387	0.024864	0.000000	0.020819	0.020819	0.000000	-0.000000	
0.765000	0.500000	-0.133871	0.000607	0.000000	0.095381	0.000000	0.120026	0.120026	0.022470	0.000000	0.018936	0.018936	0.000000	-0.000000	
0.775000	0.500000	-0.136278	0.000538	0.000000	0.097108	0.000000	0.122426	0.122426	0.019995	0.000000	0.016972	0.016972	0.000000	-0.000000	
0.785000	0.500000	-0.138389	0.000466	0.000000	0.098626	0.000000	0.124576	0.124576	0.017438	0.000000	0.014925	0.014925	0.000000	-0.000000	
0.795000	0.500000	-0.140195	0.000392	0.000000	0.099927	0.000000	0.126463	0.126463	0.014803	0.000000	0.012795	0.012795	0.000000	-0.000000	
0.805000	0.500000	-0.141685	0.000315	0.000000	0.101005	0.000000	0.128075	0.128075	0.012090	0.000000	0.010580	0.010580	0.000000	-0.000000	
0.815000	0.500000	-0.142848	0.000235	0.000000	0.101852	0.000000	0.129400	0.129400	0.009302	0.000000	0.008277	0.008277	0.000000	-0.000000	
0.825000	0.500000	-0.143674	0.000154	0.000000	0.102459	0.000000	0.130424	0.130424	0.006441	0.000000	0.005884	0.005884	0.000000	-0.000000	
0.835000	0.500000	-0.144154	0.000070	0.000000	0.102821	0.000000	0.131132	0.131132	0.003510	0.000000	0.003400	0.003400	0.000000	-0.000000	
0.845000	0.500000	-0.144276	-0.000017	0.000000	0.102929	0.000000	0.131511	0.131511	0.000512	0.000000	0.000822	0.000822	0.000000	-0.000000	
0.855000	0.500000	-0.144031	-0.000106	0.000000	0.102777	0.000000	0.131545	0.131545	-0.002551	0.000000	-0.001853	-0.001853	0.000000	-0.000000	
0.865000	0.500000	-0.143410	-0.000196	0.000000	0.102358	0.000000	0.131219	0.131219	-0.005675	0.000000	-0.004628	-0.004628	0.000000	-0.000000	
0.875000	0.500000	-0.142403	-0.000289	0.000000	0.101665	0.000000	0.130515	0.130515	-0.008856	0.000000	-0.007506	-0.007506	0.000000	-0.000000	
0.885000	0.500000	-0.141000	-0.000384	0.000000	0.100691	0.000000	0.129415	0.129415	-0.012089	0.000000	-0.010491	-0.010491	0.000000	-0.000000	
0.895000	0.500000	-0.139194	-0.000481	0.000000	0.099431	0.000000	0.127902	0.127902	-0.015372	0.000000	-0.013587	-0.013587	0.000000	-0.000000	
0.905000	0.500000	-0.136977	-0.000580	0.000000	0.097878	0.000000	0.125956	0.125956	-0.018697	0.000000	-0.016799	-0.016799	0.000000	-0.000000	
0.915000	0.500000	-0.134340	-0.000681	0.000000	0.096027	0.000000	0.123555	0.123555	-0.022060	0.000000	-0.020131	-0.020131	0.000000	-0.000000	
0.925000	0.500000	-0.131276	-0.000783	0.000000	0.093872	0.000000	0.120679	0.120679	-0.025455	0.000000	-0.023589	-0.023589	0.000000	-0.000000	
0.935000	0.500000	-0.127779	-0.000886	0.000000	0.091409	0.000000	0.117303	0.117303	-0.028874	0.000000	-0.027179	-0.027179	0.000000	-0.000000	
0.945000	0.500000	-0.123843	-0.000991	0.000000	0.088633	0.000000	0.113403	0.113403	-0.032309	0.000000	-0.030908	-0.030908	0.000000	-0.000000	
0.955000	0.500000	-0.119463	-0.001096	0.000000	0.085541	0.000000	0.108953	0.108953	-0.035754	0.000000	-0.034783	-0.034783	0.000000	-0.000000	
0.965000	0.500000	-0.114635	-0.001202	0.000000	0.082129	0.000000	0.103924	0.103924	-0.039197	0.000000	-0.038812	-0.038812	0.000000	-0.000000	
0.975000	0.500000	-0.109356	-0.001309	0.000000	0.078396	0.000000	0.098285	0.098285	-0.042630	0.000000	-0.043006	-0.043006	0.000000	-0.000000	
0.985000	0.500000	-0.103625	-0.001415	0.000000	0.074339	0.000000	0.092006	0.092006	-0.046040	0.000000	-0.047372	-0.047372	0.000000	-0.000000	
0.995000	0.500000	-0.097441	-0.001522	0.000000	0.069957	0.000000	0.085050	0.085050	-0.049415	0.000000	-0.051924	-0.051924	-0.000000	0.000000	
