416
0 1 1
1 2 -0.7978845608028654
5 2 0.3257350079352799
14 2 -0.2185096861184158
30 2 0.1685838828361839
55 2 -0.1390746078775947
2 3 -0.9213177319235611
8 3 0.4120258154914019
20 3 -0.2860963362053374
40 3 0.2247785104482447
70 3 -0.1875281630064065
1 4 1
3 5 -0.7978845608028654
9 5 0.3257350079352799
21 5 -0.2185096861184158
41 5 0.1685838828361839
71 5 -0.1390746078775947
4 6 -0.7978845608028654
10 6 0.3257350079352799
22 6 -0.2185096861184158
42 6 0.1685838828361839
72 6 -0.1390746078775947
2 7 1
1 8 -0.5641895835477562
5 8 -0.6909882989426709
14 8 0.2575161346821262
30 8 -0.1668895294531134
55 8 0.1264379121271375
3 9 1
4 10 1
6 11 -0.7978845608028654
15 11 0.3257350079352799
31 11 -0.2185096861184158
56 11 0.1685838828361839
7 12 -0.7978845608028654
16 12 0.3257350079352799
32 12 -0.2185096861184158
57 12 0.1685838828361839
2 13 -0.5319230405352436
8 13 -0.7136496464611081
20 13 0.2752963278705284
40 13 -0.1816863069214715
70 13 0.1392035597902079
5 14 1
3 15 -0.5641895835477562
9 15 -0.6909882989426709
21 15 0.2575161346821262
41 15 -0.1668895294531134
71 15 0.1264379121271375
4 16 -0.5641895835477562
10 16 -0.6909882989426709
22 16 0.2575161346821262
42 16 -0.1668895294531134
72 16 0.1264379121271375
6 17 1
7 18 1
11 19 -0.7978845608028654
23 19 0.3257350079352799
43 19 -0.2185096861184158
73 19 0.1685838828361839
12 20 -0.7978845608028654
24 20 0.3257350079352799
44 20 -0.2185096861184158
74 20 0.1685838828361839
13 21 -0.7978845608028654
25 21 0.3257350079352799
45 21 -0.2185096861184158
75 21 0.1685838828361839
8 22 1
1 23 0.16286750396764
5 23 -0.5984134206021491
14 23 -0.6690465435572889
30 23 0.2408842868867123
55 23 -0.1532978214649914
9 24 1
10 25 1
6 26 -0.5641895835477562
15 26 -0.6909882989426709
31 26 0.2575161346821262
56 26 -0.1668895294531134
7 27 -0.5641895835477562
16 27 -0.6909882989426709
32 27 0.2575161346821262
57 27 -0.1668895294531134
11 28 1
12 29 1
13 30 1
17 31 -0.7978845608028654
33 31 0.3257350079352799
58 31 -0.2185096861184158
18 32 -0.7978845608028654
34 32 0.3257350079352799
59 32 -0.2185096861184158
19 33 -0.7978845608028654
35 33 0.3257350079352799
60 33 -0.2185096861184158
2 34 0.1456731240789439
8 34 -0.5863230142835041
20 34 -0.6785370394786205
40 34 0.2487842217267428
70 34 -0.1601143525424437
14 35 1
3 36 0.16286750396764
9 36 -0.5984134206021491
21 36 -0.6690465435572889
41 36 0.2408842868867123
71 36 -0.1532978214649914
4 37 0.16286750396764
10 37 -0.5984134206021491
22 37 -0.6690465435572889
42 37 0.2408842868867123
72 37 -0.1532978214649914
15 38 1
16 39 1
11 40 -0.5641895835477562
23 40 -0.6909882989426709
43 40 0.2575161346821262
73 40 -0.1668895294531134
12 41 -0.5641895835477562
24 41 -0.6909882989426709
44 41 0.2575161346821262
74 41 -0.1668895294531134
13 42 -0.5641895835477562
25 42 -0.6909882989426709
45 42 0.2575161346821262
75 42 -0.1668895294531134
17 43 1
18 44 1
19 45 1
26 46 -0.7978845608028654
46 46 0.3257350079352799
76 46 -0.2185096861184158
27 47 -0.7978845608028654
47 47 0.3257350079352799
77 47 -0.2185096861184158
28 48 -0.7978845608028654
48 48 0.3257350079352799
78 48 -0.2185096861184158
29 49 -0.7978845608028654
49 49 0.3257350079352799
79 49 -0.2185096861184158
20 50 1
1 51 -0.08920620580763855
5 51 0.1820914050986799
14 51 -0.6107531398786501
30 51 -0.659688788381992
55 51 0.2332352078688213
21 52 1
22 53 1
6 54 0.16286750396764
15 54 -0.5984134206021491
31 54 -0.6690465435572889
56 54 0.2408842868867123
7 55 0.16286750396764
16 55 -0.5984134206021491
32 55 -0.6690465435572889
57 55 0.2408842868867123
23 56 1
24 57 1
25 58 1
17 59 -0.5641895835477562
33 59 -0.6909882989426709
58 59 0.2575161346821262
18 60 -0.5641895835477562
34 60 -0.6909882989426709
59 60 0.2575161346821262
19 61 -0.5641895835477562
35 61 -0.6909882989426709
60 61 0.2575161346821262
26 62 1
27 63 1
28 64 1
29 65 1
36 66 -0.7978845608028654
61 66 0.3257350079352799
37 67 -0.7978845608028654
62 67 0.3257350079352799
38 68 -0.7978845608028654
63 68 0.3257350079352799
39 69 -0.7978845608028654
64 69 0.3257350079352799
2 70 -0.07786556010920259
8 70 0.1741126855102728
20 70 -0.6044888395154533
40 70 -0.664903800669054
70 70 0.2377353372694309
30 71 1
3 72 -0.08920620580763855
9 72 0.1820914050986799
21 72 -0.6107531398786501
41 72 -0.659688788381992
71 72 0.2332352078688213
4 73 -0.08920620580763855
10 73 0.1820914050986799
22 73 -0.6107531398786501
42 73 -0.659688788381992
72 73 0.2332352078688213
31 74 1
32 75 1
11 76 0.16286750396764
23 76 -0.5984134206021491
43 76 -0.6690465435572889
73 76 0.2408842868867123
12 77 0.16286750396764
24 77 -0.5984134206021491
44 77 -0.6690465435572889
74 77 0.2408842868867123
13 78 0.16286750396764
25 78 -0.5984134206021491
45 78 -0.6690465435572889
75 78 0.2408842868867123
33 79 1
34 80 1
35 81 1
26 82 -0.5641895835477562
46 82 -0.6909882989426709
76 82 0.2575161346821262
27 83 -0.5641895835477562
47 83 -0.6909882989426709
77 83 0.2575161346821262
28 84 -0.5641895835477562
48 84 -0.6909882989426709
78 84 0.2575161346821262
29 85 -0.5641895835477562
49 85 -0.6909882989426709
79 85 0.2575161346821262
36 86 1
37 87 1
38 88 1
39 89 1
50 90 -0.7978845608028654
80 90 0.3257350079352799
51 91 -0.7978845608028654
81 91 0.3257350079352799
52 92 -0.7978845608028654
82 92 0.3257350079352799
53 93 -0.7978845608028654
83 93 0.3257350079352799
54 94 -0.7978845608028654
84 94 0.3257350079352799
40 95 1
1 96 0.05960340337611203
5 96 -0.1021985476433283
14 96 0.1904357497768608
30 96 -0.6170823570053585
55 96 -0.6545146787835997
41 97 1
42 98 1
6 99 -0.08920620580763855
15 99 0.1820914050986799
31 99 -0.6107531398786501
56 99 -0.659688788381992
7 100 -0.08920620580763855
16 100 0.1820914050986799
32 100 -0.6107531398786501
57 100 -0.659688788381992
43 101 1
44 102 1
45 103 1
17 104 0.16286750396764
33 104 -0.5984134206021491
58 104 -0.6690465435572889
18 105 0.16286750396764
34 105 -0.5984134206021491
59 105 -0.6690465435572889
19 106 0.16286750396764
35 106 -0.5984134206021491
60 106 -0.6690465435572889
46 107 1
47 108 1
48 109 1
49 110 1
36 111 -0.5641895835477562
61 111 -0.6909882989426709
37 112 -0.5641895835477562
62 112 -0.6909882989426709
38 113 -0.5641895835477562
63 113 -0.6909882989426709
39 114 -0.5641895835477562
64 114 -0.6909882989426709
50 115 1
51 116 1
52 117 1
53 118 1
54 119 1
65 120 -0.7978845608028654
66 121 -0.7978845608028654
67 122 -0.7978845608028654
68 123 -0.7978845608028654
69 124 -0.7978845608028654
2 125 0.05129844192288108
8 125 -0.09635371475468524
20 125 0.185846262099247
40 125 -0.6132613768799003
70 125 -0.6578120028197539
55 126 1
3 127 0.05960340337611203
9 127 -0.1021985476433283
21 127 0.1904357497768608
41 127 -0.6170823570053585
71 127 -0.6545146787835997
4 128 0.05960340337611203
10 128 -0.1021985476433283
22 128 0.1904357497768608
42 128 -0.6170823570053585
72 128 -0.6545146787835997
56 129 1
57 130 1
11 131 -0.08920620580763855
23 131 0.1820914050986799
43 131 -0.6107531398786501
73 131 -0.659688788381992
12 132 -0.08920620580763855
24 132 0.1820914050986799
44 132 -0.6107531398786501
74 132 -0.659688788381992
13 133 -0.08920620580763855
25 133 0.1820914050986799
45 133 -0.6107531398786501
75 133 -0.659688788381992
58 134 1
59 135 1
60 136 1
26 137 0.16286750396764
46 137 -0.5984134206021491
76 137 -0.6690465435572889
27 138 0.16286750396764
47 138 -0.5984134206021491
77 138 -0.6690465435572889
28 139 0.16286750396764
48 139 -0.5984134206021491
78 139 -0.6690465435572889
29 140 0.16286750396764
49 140 -0.5984134206021491
79 140 -0.6690465435572889
61 141 1
62 142 1
63 143 1
64 144 1
50 145 -0.5641895835477562
80 145 -0.6909882989426709
51 146 -0.5641895835477562
81 146 -0.6909882989426709
52 147 -0.5641895835477562
82 147 -0.6909882989426709
53 148 -0.5641895835477562
83 148 -0.6909882989426709
54 149 -0.5641895835477562
84 149 -0.6909882989426709
65 150 1
66 151 1
67 152 1
68 153 1
69 154 1
85 155 -0.7978845608028654
86 156 -0.7978845608028654
87 157 -0.7978845608028654
88 158 -0.7978845608028654
89 159 -0.7978845608028654
90 160 -0.7978845608028654
70 161 1
1 162 -0.4397925255879954
5 162 0.5899320821131318
14 162 -0.7444471532832211
30 162 0.9679935308769332
55 162 -1.602552102093605
71 163 1
72 164 1
6 165 0.4768272270088965
15 165 -0.6618572609282206
31 165 0.8966803303779033
56 165 -1.535401652369249
7 166 0.4768272270088965
16 166 -0.6618572609282206
32 166 0.8966803303779033
57 166 -1.535401652369249
73 167 1
74 168 1
75 169 1
17 170 -0.5352372348458316
33 170 0.8012021824341911
58 170 -1.449520785311995
18 171 -0.5352372348458316
34 171 0.8012021824341911
59 171 -1.449520785311995
19 172 -0.5352372348458316
35 172 0.8012021824341911
60 172 -1.449520785311995
76 173 1
77 174 1
78 175 1
79 176 1
36 177 0.6514700158705603
61 177 -1.329807601338109
37 178 0.6514700158705603
62 178 -1.329807601338109
38 179 0.6514700158705603
63 179 -1.329807601338109
39 180 0.6514700158705603
64 180 -1.329807601338109
80 181 1
81 182 1
82 183 1
83 184 1
84 185 1
65 186 -1.128379167095513
66 187 -1.128379167095513
67 188 -1.128379167095513
68 189 -1.128379167095513
69 190 -1.128379167095513
85 191 1
86 192 1
87 193 1
88 194 1
89 195 1
90 196 1
