221
0 1 1
1 2 -0.7978845608028654
5 2 0.3257350079352799
14 2 -0.2185096861184158
30 2 0.1685838828361839
2 3 -0.9213177319235611
8 3 0.4120258154914019
20 3 -0.2860963362053374
40 3 0.2247785104482447
1 4 1
3 5 -0.7978845608028654
9 5 0.3257350079352799
21 5 -0.2185096861184158
41 5 0.1685838828361839
4 6 -0.7978845608028654
10 6 0.3257350079352799
22 6 -0.2185096861184158
42 6 0.1685838828361839
2 7 1
1 8 -0.5641895835477562
5 8 -0.6909882989426709
14 8 0.2575161346821262
30 8 -0.1668895294531134
3 9 1
4 10 1
6 11 -0.7978845608028654
15 11 0.3257350079352799
31 11 -0.2185096861184158
7 12 -0.7978845608028654
16 12 0.3257350079352799
32 12 -0.2185096861184158
2 13 -0.5319230405352436
8 13 -0.7136496464611081
20 13 0.2752963278705284
40 13 -0.1816863069214715
5 14 1
3 15 -0.5641895835477562
9 15 -0.6909882989426709
21 15 0.2575161346821262
41 15 -0.1668895294531134
4 16 -0.5641895835477562
10 16 -0.6909882989426709
22 16 0.2575161346821262
42 16 -0.1668895294531134
6 17 1
7 18 1
11 19 -0.7978845608028654
23 19 0.3257350079352799
43 19 -0.2185096861184158
12 20 -0.7978845608028654
24 20 0.3257350079352799
44 20 -0.2185096861184158
13 21 -0.7978845608028654
25 21 0.3257350079352799
45 21 -0.2185096861184158
8 22 1
1 23 0.16286750396764
5 23 -0.5984134206021491
14 23 -0.6690465435572889
30 23 0.2408842868867123
9 24 1
10 25 1
6 26 -0.5641895835477562
15 26 -0.6909882989426709
31 26 0.2575161346821262
7 27 -0.5641895835477562
16 27 -0.6909882989426709
32 27 0.2575161346821262
11 28 1
12 29 1
13 30 1
17 31 -0.7978845608028654
33 31 0.3257350079352799
18 32 -0.7978845608028654
34 32 0.3257350079352799
19 33 -0.7978845608028654
35 33 0.3257350079352799
2 34 0.1456731240789439
8 34 -0.5863230142835041
20 34 -0.6785370394786205
40 34 0.2487842217267428
14 35 1
3 36 0.16286750396764
9 36 -0.5984134206021491
21 36 -0.6690465435572889
41 36 0.2408842868867123
4 37 0.16286750396764
10 37 -0.5984134206021491
22 37 -0.6690465435572889
42 37 0.2408842868867123
15 38 1
16 39 1
11 40 -0.5641895835477562
23 40 -0.6909882989426709
43 40 0.2575161346821262
12 41 -0.5641895835477562
24 41 -0.6909882989426709
44 41 0.2575161346821262
13 42 -0.5641895835477562
25 42 -0.6909882989426709
45 42 0.2575161346821262
17 43 1
18 44 1
19 45 1
26 46 -0.7978845608028654
46 46 0.3257350079352799
27 47 -0.7978845608028654
47 47 0.3257350079352799
28 48 -0.7978845608028654
48 48 0.3257350079352799
29 49 -0.7978845608028654
49 49 0.3257350079352799
20 50 1
1 51 -0.08920620580763855
5 51 0.1820914050986799
14 51 -0.6107531398786501
30 51 -0.659688788381992
21 52 1
22 53 1
6 54 0.16286750396764
15 54 -0.5984134206021491
31 54 -0.6690465435572889
7 55 0.16286750396764
16 55 -0.5984134206021491
32 55 -0.6690465435572889
23 56 1
24 57 1
25 58 1
17 59 -0.5641895835477562
33 59 -0.6909882989426709
18 60 -0.5641895835477562
34 60 -0.6909882989426709
19 61 -0.5641895835477562
35 61 -0.6909882989426709
26 62 1
27 63 1
28 64 1
29 65 1
36 66 -0.7978845608028654
37 67 -0.7978845608028654
38 68 -0.7978845608028654
39 69 -0.7978845608028654
2 70 -0.07786556010920259
8 70 0.1741126855102728
20 70 -0.6044888395154533
40 70 -0.664903800669054
30 71 1
3 72 -0.08920620580763855
9 72 0.1820914050986799
21 72 -0.6107531398786501
41 72 -0.659688788381992
4 73 -0.08920620580763855
10 73 0.1820914050986799
22 73 -0.6107531398786501
42 73 -0.659688788381992
31 74 1
32 75 1
11 76 0.16286750396764
23 76 -0.5984134206021491
43 76 -0.6690465435572889
12 77 0.16286750396764
24 77 -0.5984134206021491
44 77 -0.6690465435572889
13 78 0.16286750396764
25 78 -0.5984134206021491
45 78 -0.6690465435572889
33 79 1
34 80 1
35 81 1
26 82 -0.5641895835477562
46 82 -0.6909882989426709
27 83 -0.5641895835477562
47 83 -0.6909882989426709
28 84 -0.5641895835477562
48 84 -0.6909882989426709
29 85 -0.5641895835477562
49 85 -0.6909882989426709
36 86 1
37 87 1
38 88 1
39 89 1
50 90 -0.7978845608028654
51 91 -0.7978845608028654
52 92 -0.7978845608028654
53 93 -0.7978845608028654
54 94 -0.7978845608028654
40 95 1
1 96 0.4768272270088965
5 96 -0.6618572609282206
14 96 0.8966803303779033
30 96 -1.535401652369249
41 97 1
42 98 1
6 99 -0.5352372348458316
15 99 0.8012021824341911
31 99 -1.449520785311995
7 100 -0.5352372348458316
16 100 0.8012021824341911
32 100 -1.449520785311995
43 101 1
44 102 1
45 103 1
17 104 0.6514700158705603
33 104 -1.329807601338109
18 105 0.6514700158705603
34 105 -1.329807601338109
19 106 0.6514700158705603
35 106 -1.329807601338109
46 107 1
47 108 1
48 109 1
49 110 1
36 111 -1.128379167095513
37 112 -1.128379167095513
38 113 -1.128379167095513
39 114 -1.128379167095513
50 115 1
51 116 1
52 117 1
53 118 1
54 119 1
