715
0 1 1
1 2 -0.7978845608028654
5 2 0.3257350079352799
14 2 -0.2185096861184158
30 2 0.1685838828361839
55 2 -0.1390746078775947
91 2 0.1193421921527582
2 3 -0.9213177319235611
8 3 0.4120258154914019
20 3 -0.2860963362053374
40 3 0.2247785104482447
70 3 -0.1875281630064065
112 3 0.1621541080548466
1 4 1
3 5 -0.7978845608028654
9 5 0.3257350079352799
21 5 -0.2185096861184158
41 5 0.1685838828361839
71 5 -0.1390746078775947
113 5 0.1193421921527582
4 6 -0.7978845608028654
10 6 0.3257350079352799
22 6 -0.2185096861184158
42 6 0.1685838828361839
72 6 -0.1390746078775947
114 6 0.1193421921527582
2 7 1
1 8 -0.5641895835477562
5 8 -0.6909882989426709
14 8 0.2575161346821262
30 8 -0.1668895294531134
55 8 0.1264379121271375
91 8 -0.1031404896535232
3 9 1
4 10 1
6 11 -0.7978845608028654
15 11 0.3257350079352799
31 11 -0.2185096861184158
56 11 0.1685838828361839
92 11 -0.1390746078775947
7 12 -0.7978845608028654
16 12 0.3257350079352799
32 12 -0.2185096861184158
57 12 0.1685838828361839
93 12 -0.1390746078775947
2 13 -0.5319230405352436
8 13 -0.7136496464611081
20 13 0.2752963278705284
40 13 -0.1816863069214715
70 13 0.1392035597902079
112 13 -0.1144240996991487
5 14 1
3 15 -0.5641895835477562
9 15 -0.6909882989426709
21 15 0.2575161346821262
41 15 -0.1668895294531134
71 15 0.1264379121271375
113 15 -0.1031404896535232
4 16 -0.5641895835477562
10 16 -0.6909882989426709
22 16 0.2575161346821262
42 16 -0.1668895294531134
72 16 0.1264379121271375
114 16 -0.1031404896535232
6 17 1
7 18 1
11 19 -0.7978845608028654
23 19 0.3257350079352799
43 19 -0.2185096861184158
73 19 0.1685838828361839
115 19 -0.1390746078775947
12 20 -0.7978845608028654
24 20 0.3257350079352799
44 20 -0.2185096861184158
74 20 0.1685838828361839
116 20 -0.1390746078775947
13 21 -0.7978845608028654
25 21 0.3257350079352799
45 21 -0.2185096861184158
75 21 0.1685838828361839
117 21 -0.1390746078775947
8 22 1
1 23 0.16286750396764
5 23 -0.5984134206021491
14 23 -0.6690465435572889
30 23 0.2408842868867123
55 23 -0.1532978214649914
91 23 0.1148429368269212
9 24 1
10 25 1
6 26 -0.5641895835477562
15 26 -0.6909882989426709
31 26 0.2575161346821262
56 26 -0.1668895294531134
92 26 0.1264379121271375
7 27 -0.5641895835477562
16 27 -0.6909882989426709
32 27 0.2575161346821262
57 27 -0.1668895294531134
93 27 0.1264379121271375
11 28 1
12 29 1
13 30 1
17 31 -0.7978845608028654
33 31 0.3257350079352799
58 31 -0.2185096861184158
94 31 0.1685838828361839
18 32 -0.7978845608028654
34 32 0.3257350079352799
59 32 -0.2185096861184158
95 32 0.1685838828361839
19 33 -0.7978845608028654
35 33 0.3257350079352799
60 33 -0.2185096861184158
96 33 0.1685838828361839
2 34 0.1456731240789439
8 34 -0.5863230142835041
20 34 -0.6785370394786205
40 34 0.2487842217267428
70 34 -0.1601143525424437
112 34 0.1208687024457836
14 35 1
3 36 0.16286750396764
9 36 -0.5984134206021491
21 36 -0.6690465435572889
41 36 0.2408842868867123
71 36 -0.1532978214649914
113 36 0.1148429368269212
4 37 0.16286750396764
10 37 -0.5984134206021491
22 37 -0.6690465435572889
42 37 0.2408842868867123
72 37 -0.1532978214649914
114 37 0.1148429368269212
15 38 1
16 39 1
11 40 -0.5641895835477562
23 40 -0.6909882989426709
43 40 0.2575161346821262
73 40 -0.1668895294531134
115 40 0.1264379121271375
12 41 -0.5641895835477562
24 41 -0.6909882989426709
44 41 0.2575161346821262
74 41 -0.1668895294531134
116 41 0.1264379121271375
13 42 -0.5641895835477562
25 42 -0.6909882989426709
45 42 0.2575161346821262
75 42 -0.1668895294531134
117 42 0.1264379121271375
17 43 1
18 44 1
19 45 1
26 46 -0.7978845608028654
46 46 0.3257350079352799
76 46 -0.2185096861184158
118 46 0.1685838828361839
27 47 -0.7978845608028654
47 47 0.3257350079352799
77 47 -0.2185096861184158
119 47 0.1685838828361839
28 48 -0.7978845608028654
48 48 0.3257350079352799
78 48 -0.2185096861184158
120 48 0.1685838828361839
29 49 -0.7978845608028654
49 49 0.3257350079352799
79 49 -0.2185096861184158
121 49 0.1685838828361839
20 50 1
1 51 -0.08920620580763855
5 51 0.1820914050986799
14 51 -0.6107531398786501
30 51 -0.659688788381992
55 51 0.2332352078688213
91 51 -0.1467714898305733
21 52 1
22 53 1
6 54 0.16286750396764
15 54 -0.5984134206021491
31 54 -0.6690465435572889
56 54 0.2408842868867123
92 54 -0.1532978214649914
7 55 0.16286750396764
16 55 -0.5984134206021491
32 55 -0.6690465435572889
57 55 0.2408842868867123
93 55 -0.1532978214649914
23 56 1
24 57 1
25 58 1
17 59 -0.5641895835477562
33 59 -0.6909882989426709
58 59 0.2575161346821262
94 59 -0.1668895294531134
18 60 -0.5641895835477562
34 60 -0.6909882989426709
59 60 0.2575161346821262
95 60 -0.1668895294531134
19 61 -0.5641895835477562
35 61 -0.6909882989426709
60 61 0.2575161346821262
96 61 -0.1668895294531134
26 62 1
27 63 1
28 64 1
29 65 1
36 66 -0.7978845608028654
61 66 0.3257350079352799
97 66 -0.2185096861184158
37 67 -0.7978845608028654
62 67 0.3257350079352799
98 67 -0.2185096861184158
38 68 -0.7978845608028654
63 68 0.3257350079352799
99 68 -0.2185096861184158
39 69 -0.7978845608028654
64 69 0.3257350079352799
100 69 -0.2185096861184158
2 70 -0.07786556010920259
8 70 0.1741126855102728
20 70 -0.6044888395154533
40 70 -0.664903800669054
70 70 0.2377353372694309
112 70 -0.1507497577786843
30 71 1
3 72 -0.08920620580763855
9 72 0.1820914050986799
21 72 -0.6107531398786501
41 72 -0.659688788381992
71 72 0.2332352078688213
113 72 -0.1467714898305733
4 73 -0.08920620580763855
10 73 0.1820914050986799
22 73 -0.6107531398786501
42 73 -0.659688788381992
72 73 0.2332352078688213
114 73 -0.1467714898305733
31 74 1
32 75 1
11 76 0.16286750396764
23 76 -0.5984134206021491
43 76 -0.6690465435572889
73 76 0.2408842868867123
115 76 -0.1532978214649914
12 77 0.16286750396764
24 77 -0.5984134206021491
44 77 -0.6690465435572889
74 77 0.2408842868867123
116 77 -0.1532978214649914
13 78 0.16286750396764
25 78 -0.5984134206021491
45 78 -0.6690465435572889
75 78 0.2408842868867123
117 78 -0.1532978214649914
33 79 1
34 80 1
35 81 1
26 82 -0.5641895835477562
46 82 -0.6909882989426709
76 82 0.2575161346821262
118 82 -0.1668895294531134
27 83 -0.5641895835477562
47 83 -0.6909882989426709
77 83 0.2575161346821262
119 83 -0.1668895294531134
28 84 -0.5641895835477562
48 84 -0.6909882989426709
78 84 0.2575161346821262
120 84 -0.1668895294531134
29 85 -0.5641895835477562
49 85 -0.6909882989426709
79 85 0.2575161346821262
121 85 -0.1668895294531134
36 86 1
37 87 1
38 88 1
39 89 1
50 90 -0.7978845608028654
80 90 0.3257350079352799
122 90 -0.2185096861184158
51 91 -0.7978845608028654
81 91 0.3257350079352799
123 91 -0.2185096861184158
52 92 -0.7978845608028654
82 92 0.3257350079352799
124 92 -0.2185096861184158
53 93 -0.7978845608028654
83 93 0.3257350079352799
125 93 -0.2185096861184158
54 94 -0.7978845608028654
84 94 0.3257350079352799
126 94 -0.2185096861184158
40 95 1
1 96 0.05960340337611203
5 96 -0.1021985476433283
14 96 0.1904357497768608
30 96 -0.6170823570053585
55 96 -0.6545146787835997
91 96 0.2288202621218269
41 97 1
42 98 1
6 99 -0.08920620580763855
15 99 0.1820914050986799
31 99 -0.6107531398786501
56 99 -0.659688788381992
92 99 0.2332352078688213
7 100 -0.08920620580763855
16 100 0.1820914050986799
32 100 -0.6107531398786501
57 100 -0.659688788381992
93 100 0.2332352078688213
43 101 1
44 102 1
45 103 1
17 104 0.16286750396764
33 104 -0.5984134206021491
58 104 -0.6690465435572889
94 104 0.2408842868867123
18 105 0.16286750396764
34 105 -0.5984134206021491
59 105 -0.6690465435572889
95 105 0.2408842868867123
19 106 0.16286750396764
35 106 -0.5984134206021491
60 106 -0.6690465435572889
96 106 0.2408842868867123
46 107 1
47 108 1
48 109 1
49 110 1
36 111 -0.5641895835477562
61 111 -0.6909882989426709
97 111 0.2575161346821262
37 112 -0.5641895835477562
62 112 -0.6909882989426709
98 112 0.2575161346821262
38 113 -0.5641895835477562
63 113 -0.6909882989426709
99 113 0.2575161346821262
39 114 -0.5641895835477562
64 114 -0.6909882989426709
100 114 0.2575161346821262
50 115 1
51 116 1
52 117 1
53 118 1
54 119 1
65 120 -0.7978845608028654
101 120 0.3257350079352799
66 121 -0.7978845608028654
102 121 0.3257350079352799
67 122 -0.7978845608028654
103 122 0.3257350079352799
68 123 -0.7978845608028654
104 123 0.3257350079352799
69 124 -0.7978845608028654
105 124 0.3257350079352799
2 125 0.05129844192288108
8 125 -0.09635371475468524
20 125 0.185846262099247
40 125 -0.6132613768799003
70 125 -0.6578120028197539
112 125 0.2317352874371762
55 126 1
3 127 0.05960340337611203
9 127 -0.1021985476433283
21 127 0.1904357497768608
41 127 -0.6170823570053585
71 127 -0.6545146787835997
113 127 0.2288202621218269
4 128 0.05960340337611203
10 128 -0.1021985476433283
22 128 0.1904357497768608
42 128 -0.6170823570053585
72 128 -0.6545146787835997
114 128 0.2288202621218269
56 129 1
57 130 1
11 131 -0.08920620580763855
23 131 0.1820914050986799
43 131 -0.6107531398786501
73 131 -0.659688788381992
115 131 0.2332352078688213
12 132 -0.08920620580763855
24 132 0.1820914050986799
44 132 -0.6107531398786501
74 132 -0.659688788381992
116 132 0.2332352078688213
13 133 -0.08920620580763855
25 133 0.1820914050986799
45 133 -0.6107531398786501
75 133 -0.659688788381992
117 133 0.2332352078688213
58 134 1
59 135 1
60 136 1
26 137 0.16286750396764
46 137 -0.5984134206021491
76 137 -0.6690465435572889
118 137 0.2408842868867123
27 138 0.16286750396764
47 138 -0.5984134206021491
77 138 -0.6690465435572889
119 138 0.2408842868867123
28 139 0.16286750396764
48 139 -0.5984134206021491
78 139 -0.6690465435572889
120 139 0.2408842868867123
29 140 0.16286750396764
49 140 -0.5984134206021491
79 140 -0.6690465435572889
121 140 0.2408842868867123
61 141 1
62 142 1
63 143 1
64 144 1
50 145 -0.5641895835477562
80 145 -0.6909882989426709
122 145 0.2575161346821262
51 146 -0.5641895835477562
81 146 -0.6909882989426709
123 146 0.2575161346821262
52 147 -0.5641895835477562
82 147 -0.6909882989426709
124 147 0.2575161346821262
53 148 -0.5641895835477562
83 148 -0.6909882989426709
125 148 0.2575161346821262
54 149 -0.5641895835477562
84 149 -0.6909882989426709
126 149 0.2575161346821262
65 150 1
66 151 1
67 152 1
68 153 1
69 154 1
85 155 -0.7978845608028654
127 155 0.3257350079352799
86 156 -0.7978845608028654
128 156 0.3257350079352799
87 157 -0.7978845608028654
129 157 0.3257350079352799
88 158 -0.7978845608028654
130 158 0.3257350079352799
89 159 -0.7978845608028654
131 159 0.3257350079352799
90 160 -0.7978845608028654
132 160 0.3257350079352799
70 161 1
1 162 -0.04397925255879953
5 162 0.06925289659588951
14 162 -0.1083979290990209
30 162 0.1951385752042094
55 162 -0.6209271440908991
91 162 -0.6512338827915564
71 163 1
72 164 1
6 165 0.05960340337611203
15 165 -0.1021985476433283
31 165 0.1904357497768608
56 165 -0.6170823570053585
92 165 -0.6545146787835997
7 166 0.05960340337611203
16 166 -0.1021985476433283
32 166 0.1904357497768608
57 166 -0.6170823570053585
93 166 -0.6545146787835997
73 167 1
74 168 1
75 169 1
17 170 -0.08920620580763855
33 170 0.1820914050986799
58 170 -0.6107531398786501
94 170 -0.659688788381992
18 171 -0.08920620580763855
34 171 0.1820914050986799
59 171 -0.6107531398786501
95 171 -0.659688788381992
19 172 -0.08920620580763855
35 172 0.1820914050986799
60 172 -0.6107531398786501
96 172 -0.659688788381992
76 173 1
77 174 1
78 175 1
79 176 1
36 177 0.16286750396764
61 177 -0.5984134206021491
97 177 -0.6690465435572889
37 178 0.16286750396764
62 178 -0.5984134206021491
98 178 -0.6690465435572889
38 179 0.16286750396764
63 179 -0.5984134206021491
99 179 -0.6690465435572889
39 180 0.16286750396764
64 180 -0.5984134206021491
100 180 -0.6690465435572889
80 181 1
81 182 1
82 183 1
83 184 1
84 185 1
65 186 -0.5641895835477562
101 186 -0.6909882989426709
66 187 -0.5641895835477562
102 187 -0.6909882989426709
67 188 -0.5641895835477562
103 188 -0.6909882989426709
68 189 -0.5641895835477562
104 189 -0.6909882989426709
69 190 -0.5641895835477562
105 190 -0.6909882989426709
85 191 1
86 192 1
87 193 1
88 194 1
89 195 1
90 196 1
106 197 -0.7978845608028654
107 198 -0.7978845608028654
108 199 -0.7978845608028654
109 200 -0.7978845608028654
110 201 -0.7978845608028654
111 202 -0.7978845608028654
2 203 -0.03750563260128148
8 203 0.06469596825603252
20 203 -0.1048194486249433
40 203 0.1921591853557504
70 203 -0.6183560061560837
112 203 -0.6535069573563999
91 204 1
3 205 -0.04397925255879953
9 205 0.06925289659588951
21 205 -0.1083979290990209
41 205 0.1951385752042094
71 205 -0.6209271440908991
113 205 -0.6512338827915564
4 206 -0.04397925255879953
10 206 0.06925289659588951
22 206 -0.1083979290990209
42 206 0.1951385752042094
72 206 -0.6209271440908991
114 206 -0.6512338827915564
92 207 1
93 208 1
11 209 0.05960340337611203
23 209 -0.1021985476433283
43 209 0.1904357497768608
73 209 -0.6170823570053585
115 209 -0.6545146787835997
12 210 0.05960340337611203
24 210 -0.1021985476433283
44 210 0.1904357497768608
74 210 -0.6170823570053585
116 210 -0.6545146787835997
13 211 0.05960340337611203
25 211 -0.1021985476433283
45 211 0.1904357497768608
75 211 -0.6170823570053585
117 211 -0.6545146787835997
94 212 1
95 213 1
96 214 1
26 215 -0.08920620580763855
46 215 0.1820914050986799
76 215 -0.6107531398786501
118 215 -0.659688788381992
27 216 -0.08920620580763855
47 216 0.1820914050986799
77 216 -0.6107531398786501
119 216 -0.659688788381992
28 217 -0.08920620580763855
48 217 0.1820914050986799
78 217 -0.6107531398786501
120 217 -0.659688788381992
29 218 -0.08920620580763855
49 218 0.1820914050986799
79 218 -0.6107531398786501
121 218 -0.659688788381992
97 219 1
98 220 1
99 221 1
100 222 1
50 223 0.16286750396764
80 223 -0.5984134206021491
122 223 -0.6690465435572889
51 224 0.16286750396764
81 224 -0.5984134206021491
123 224 -0.6690465435572889
52 225 0.16286750396764
82 225 -0.5984134206021491
124 225 -0.6690465435572889
53 226 0.16286750396764
83 226 -0.5984134206021491
125 226 -0.6690465435572889
54 227 0.16286750396764
84 227 -0.5984134206021491
126 227 -0.6690465435572889
101 228 1
102 229 1
103 230 1
104 231 1
105 232 1
85 233 -0.5641895835477562
127 233 -0.6909882989426709
86 234 -0.5641895835477562
128 234 -0.6909882989426709
87 235 -0.5641895835477562
129 235 -0.6909882989426709
88 236 -0.5641895835477562
130 236 -0.6909882989426709
89 237 -0.5641895835477562
131 237 -0.6909882989426709
90 238 -0.5641895835477562
132 238 -0.6909882989426709
106 239 1
107 240 1
108 241 1
109 242 1
110 243 1
111 244 1
133 245 -0.7978845608028654
134 246 -0.7978845608028654
135 247 -0.7978845608028654
136 248 -0.7978845608028654
137 249 -0.7978845608028654
138 250 -0.7978845608028654
139 251 -0.7978845608028654
112 252 1
1 253 0.4134134805904504
5 253 -0.5438316727185808
14 253 0.6643317481105543
30 253 -0.8072206744635151
55 253 1.025273830300328
91 253 -1.657751847695584
113 254 1
114 255 1
6 256 -0.4397925255879954
15 256 0.5899320821131318
31 256 -0.7444471532832211
56 256 0.9679935308769332
92 256 -1.602552102093605
7 257 -0.4397925255879954
16 257 0.5899320821131318
32 257 -0.7444471532832211
57 257 0.9679935308769332
93 257 -1.602552102093605
115 258 1
116 259 1
117 260 1
17 261 0.4768272270088965
33 261 -0.6618572609282206
58 261 0.8966803303779033
94 261 -1.535401652369249
18 262 0.4768272270088965
34 262 -0.6618572609282206
59 262 0.8966803303779033
95 262 -1.535401652369249
19 263 0.4768272270088965
35 263 -0.6618572609282206
60 263 0.8966803303779033
96 263 -1.535401652369249
118 264 1
119 265 1
120 266 1
121 267 1
36 268 -0.5352372348458316
61 268 0.8012021824341911
97 268 -1.449520785311995
37 269 -0.5352372348458316
62 269 0.8012021824341911
98 269 -1.449520785311995
38 270 -0.5352372348458316
63 270 0.8012021824341911
99 270 -1.449520785311995
39 271 -0.5352372348458316
64 271 0.8012021824341911
100 271 -1.449520785311995
122 272 1
123 273 1
124 274 1
125 275 1
126 276 1
65 277 0.6514700158705603
101 277 -1.329807601338109
66 278 0.6514700158705603
102 278 -1.329807601338109
67 279 0.6514700158705603
103 279 -1.329807601338109
68 280 0.6514700158705603
104 280 -1.329807601338109
69 281 0.6514700158705603
105 281 -1.329807601338109
127 282 1
128 283 1
129 284 1
130 285 1
131 286 1
132 287 1
106 288 -1.128379167095513
107 289 -1.128379167095513
108 290 -1.128379167095513
109 291 -1.128379167095513
110 292 -1.128379167095513
111 293 -1.128379167095513
133 294 1
134 295 1
135 296 1
136 297 1
137 298 1
138 299 1
139 300 1
