152
0 1 1
1 2 -0.7978845608028654
5 2 0.3257350079352799
14 2 -0.2185096861184158
30 2 0.1685838828361839
2 3 -0.9213177319235611
8 3 0.4120258154914019
20 3 -0.2860963362053374
1 4 1
3 5 -0.7978845608028654
9 5 0.3257350079352799
21 5 -0.2185096861184158
4 6 -0.7978845608028654
10 6 0.3257350079352799
22 6 -0.2185096861184158
2 7 1
1 8 -0.5641895835477562
5 8 -0.6909882989426709
14 8 0.2575161346821262
30 8 -0.1668895294531134
3 9 1
4 10 1
6 11 -0.7978845608028654
15 11 0.3257350079352799
31 11 -0.2185096861184158
7 12 -0.7978845608028654
16 12 0.3257350079352799
32 12 -0.2185096861184158
2 13 -0.5319230405352436
8 13 -0.7136496464611081
20 13 0.2752963278705284
5 14 1
3 15 -0.5641895835477562
9 15 -0.6909882989426709
21 15 0.2575161346821262
4 16 -0.5641895835477562
10 16 -0.6909882989426709
22 16 0.2575161346821262
6 17 1
7 18 1
11 19 -0.7978845608028654
23 19 0.3257350079352799
12 20 -0.7978845608028654
24 20 0.3257350079352799
13 21 -0.7978845608028654
25 21 0.3257350079352799
8 22 1
1 23 0.16286750396764
5 23 -0.5984134206021491
14 23 -0.6690465435572889
30 23 0.2408842868867123
9 24 1
10 25 1
6 26 -0.5641895835477562
15 26 -0.6909882989426709
31 26 0.2575161346821262
7 27 -0.5641895835477562
16 27 -0.6909882989426709
32 27 0.2575161346821262
11 28 1
12 29 1
13 30 1
17 31 -0.7978845608028654
33 31 0.3257350079352799
18 32 -0.7978845608028654
34 32 0.3257350079352799
19 33 -0.7978845608028654
35 33 0.3257350079352799
2 34 0.1456731240789439
8 34 -0.5863230142835041
20 34 -0.6785370394786205
14 35 1
3 36 0.16286750396764
9 36 -0.5984134206021491
21 36 -0.6690465435572889
4 37 0.16286750396764
10 37 -0.5984134206021491
22 37 -0.6690465435572889
15 38 1
16 39 1
11 40 -0.5641895835477562
23 40 -0.6909882989426709
12 41 -0.5641895835477562
24 41 -0.6909882989426709
13 42 -0.5641895835477562
25 42 -0.6909882989426709
17 43 1
18 44 1
19 45 1
26 46 -0.7978845608028654
27 47 -0.7978845608028654
28 48 -0.7978845608028654
29 49 -0.7978845608028654
20 50 1
1 51 -0.08920620580763855
5 51 0.1820914050986799
14 51 -0.6107531398786501
30 51 -0.659688788381992
21 52 1
22 53 1
6 54 0.16286750396764
15 54 -0.5984134206021491
31 54 -0.6690465435572889
7 55 0.16286750396764
16 55 -0.5984134206021491
32 55 -0.6690465435572889
23 56 1
24 57 1
25 58 1
17 59 -0.5641895835477562
33 59 -0.6909882989426709
18 60 -0.5641895835477562
34 60 -0.6909882989426709
19 61 -0.5641895835477562
35 61 -0.6909882989426709
26 62 1
27 63 1
28 64 1
29 65 1
36 66 -0.7978845608028654
37 67 -0.7978845608028654
38 68 -0.7978845608028654
39 69 -0.7978845608028654
2 70 -0.4671933606552145
8 70 0.7660958162451985
20 70 -1.434653512450007
30 71 1
3 72 -0.5352372348458316
9 72 0.8012021824341911
21 72 -1.449520785311995
4 73 -0.5352372348458316
10 73 0.8012021824341911
22 73 -1.449520785311995
31 74 1
32 75 1
11 76 0.6514700158705603
23 76 -1.329807601338109
12 77 0.6514700158705603
24 77 -1.329807601338109
13 78 0.6514700158705603
25 78 -1.329807601338109
33 79 1
34 80 1
35 81 1
26 82 -1.128379167095513
27 83 -1.128379167095513
28 84 -1.128379167095513
29 85 -1.128379167095513
36 86 1
37 87 1
38 88 1
39 89 1
