1767
0 0 1
1 0 -1.483553052398033
2 0 2.081696320369573e-17
3 0 1.11928675444514
4 0 5.128966741820337e-17
5 0 9.773796402461055e-18
6 0 -1.46462399734392e-16
7 0 -0.3091911461496253
8 0 -2.341489039416485e-17
9 0 -1.420024791390534e-16
10 0 1.756640351094054e-16
11 0 6.210596530634575e-18
13 0 -0.1404131277568378
14 0 1.106079451171271e-16
15 0 2.494062204428606e-16
16 0 -7.162478788639998e-17
17 0 4.531827469703859e-18
19 0 -3.019081345743566e-17
20 0 -5.704553351936754e-20
21 0 5.060269659322532e-17
22 0 0.0453031264005967
23 0 1.024006181701684e-17
24 0 -8.196460305936652e-17
25 0 7.893958839131057e-17
26 0 4.751060198546995e-18
28 0 1.110853070253696e-16
29 0 -3.065901022693437e-19
30 0 1.119127020641265e-33
32 0 -3.153533426807483e-17
33 0 -1.911340441594066e-32
34 0 0.09200580942357445
35 0 3.424372166059363e-17
36 0 -6.294674812941942e-17
37 0 -2.792416395835003e-17
38 0 -7.094642269208842e-18
40 0 1.118113566266291e-16
41 0 2.911199053062552e-18
42 0 -3.578150990739503e-17
44 0 -8.081466881048046e-17
45 0 -2.45851029574016e-34
47 0 1.544240994103439e-16
48 0 -7.875588858717897e-33
50 0 0.03006866598531049
51 0 4.235212355711641e-19
52 0 3.699108885735847e-17
53 0 -1.216121493447714e-16
54 0 -3.759661677632324e-18
56 0 1.368791090175789e-16
57 0 1.044449419454021e-18
58 0 -3.921304633282776e-33
60 0 2.566060658991641e-16
61 0 -7.853940220649134e-33
63 0 -6.874428174988417e-17
64 0 -9.964137525212028e-34
70 0 -0.1360204689822937
71 0 -2.265912372944171e-17
72 0 5.44766666436219e-17
73 0 2.069633702476178e-16
74 0 7.984484395625868e-18
76 0 -1.717019995301438e-16
77 0 -2.804668504973785e-18
78 0 3.098769656556868e-17
80 0 -3.210923745710644e-16
81 0 1.093919665085821e-33
83 0 6.583310033036002e-17
84 0 5.886918341996864e-33
0 1 -2.171413905479491e-26
1 1 -8.43691737494746e-20
2 1 0.5023432184501676
3 1 -3.626363304788545e-18
4 1 -0.7939427885426098
5 1 3.97197245184052e-17
6 1 4.613318777879368e-17
7 1 5.636892097693628e-18
8 1 0.7059690806738919
9 1 1.77442106051023e-17
10 1 4.339046380584035e-17
11 1 3.765847358823538e-17
13 1 3.203696954482284e-18
14 1 -0.3322014401503952
15 1 -1.057654821254886e-16
16 1 -4.608271144338409e-17
17 1 -2.201093924682323e-18
19 1 7.646401239582153e-17
20 1 -2.036751751411292e-19
21 1 -6.606337625385739e-17
22 1 -2.01016386841391e-17
23 1 -0.0003146249923984719
24 1 8.556162389653213e-17
25 1 1.03392134308441e-17
26 1 3.353543364074759e-17
28 1 -1.060141626435513e-16
29 1 7.180105472462496e-18
30 1 1.219611996568713e-19
32 1 1.269498422095324e-16
33 1 2.877407668371349e-18
34 1 -2.80137569887938e-17
35 1 0.08329882695173713
36 1 -8.832218384083764e-18
37 1 -1.951639860892783e-17
38 1 -3.160915041784598e-17
40 1 9.380300355895787e-17
41 1 -5.168803301134163e-19
42 1 4.703075215901879e-17
44 1 -7.917353866398437e-17
45 1 -1.754767155469292e-20
47 1 6.790672139444875e-18
48 1 1.329511102701464e-32
50 1 3.597532065859919e-18
51 1 0.003731995537950894
52 1 -1.20603308980244e-17
53 1 -6.491344570803202e-17
54 1 -2.117197288886112e-17
56 1 4.809247268504649e-17
57 1 -2.126547666624029e-18
58 1 -4.569705683086265e-19
60 1 -5.396267405188623e-17
61 1 -5.24650006580159e-19
63 1 -7.882958445341227e-18
64 1 2.007332417300205e-33
70 1 -6.211227121148612e-17
71 1 -0.05579817095251982
72 1 1.346527088440447e-17
73 1 6.48327474543208e-17
74 1 4.920094031404594e-17
76 1 -5.306464154083737e-17
77 1 3.968987114472736e-21
78 1 -3.897919507337933e-17
80 1 8.874010901074769e-17
81 1 7.807875778843408e-20
83 1 -1.701593717831925e-17
84 1 -1.18595332470966e-32
0 2 -2.775557561562892e-17
1 2 -0.3091911461496247
2 2 4.041211648863044e-18
3 2 0.8472750521515064
4 2 -2.775591621365701e-17
5 2 9.203376860049398e-18
6 2 -6.425917346393652e-17
7 2 -1.197070519425596
8 2 -2.134919575891878e-17
9 2 -3.855832800843429e-17
10 2 8.138376448155657e-17
11 2 2.626038655794827e-17
13 2 1.011300962234723
14 2 -3.854610829417853e-17
15 2 6.537535593796281e-17
16 2 9.189534793939002e-18
17 2 -5.730243913321549e-18
19 2 -8.176529094604951e-17
20 2 3.350475362420958e-17
21 2 3.828170913813976e-17
22 2 -0.4479399605945453
23 2 2.376065826644099e-17
24 2 -5.371370891793022e-17
25 2 -4.085143295456343e-17
26 2 -1.681235402500692e-17
28 2 1.052113091015807e-16
29 2 3.245764446027338e-19
30 2 -1.725000138061194e-33
32 2 -2.972516624384086e-17
33 2 1.440377910173733e-32
34 2 -0.008700605060933064
35 2 -1.385436418996347e-17
36 2 -1.669511178271137e-17
37 2 -5.82198859304229e-17
38 2 8.567349117763658e-18
40 2 -8.141563067585273e-17
41 2 -1.370713061974664e-17
42 2 -2.706925612698965e-17
44 2 1.423920649393591e-16
45 2 -3.57372543367192e-35
47 2 7.529810015973528e-17
48 2 -7.83665624382167e-33
50 2 0.1172462163694026
51 2 -1.106269671885575e-17
52 2 -7.382550760360368e-18
53 2 7.810483445691663e-17
54 2 8.799997662667228e-18
56 2 -6.41179050566084e-17
57 2 -1.076516580803919e-18
58 2 -2.356196944940411e-33
60 2 -9.641530962827361e-17
61 2 -8.293011205097159e-34
63 2 -9.19658176879391e-17
64 2 -7.271844817489285e-34
70 2 -0.04789077303537009
71 2 1.635068954865363e-17
72 2 6.210933689198288e-17
73 2 -2.737106633896384e-17
74 2 -1.063728931748617e-17
76 2 7.923154303618597e-17
77 2 9.439452419147314e-18
78 2 2.344266346752061e-17
80 2 6.520080032367012e-17
81 2 1.590137139667214e-34
83 2 -1.6045881539979e-17
84 2 4.296283198411755e-33
0 3 1.772046193210065e-16
1 3 -2.208356335343736e-16
2 3 -5.095912665513141e-18
3 3 7.274275558306909e-17
4 3 4.342946011205931e-17
5 3 0.4888427365122801
6 3 2.160929761848069e-18
7 3 -1.312503527941787e-16
8 3 -2.444387117787795e-18
9 3 -0.7982944834327408
10 3 -1.19012587237977e-16
11 3 2.537259875685347e-17
13 3 7.503474620897066e-17
14 3 -4.420452228263295e-18
15 3 0.71520963012219
16 3 8.976096287684376e-17
17 3 5.413535009629132e-17
19 3 3.318577095233683e-17
20 3 5.516890929524084e-18
21 3 1.430653952253546e-16
22 3 7.287269897358288e-18
23 3 1.212599448313742e-17
24 3 -0.3268255514821793
25 3 -1.099891343137823e-16
26 3 -7.180111489423164e-17
28 3 -4.103839528713318e-17
29 3 -4.945628158885066e-18
30 3 2.734390360444641e-19
32 3 6.583939517615367e-17
33 3 -1.797077962315293e-17
34 3 -1.234467710242934e-17
35 3 -3.765264211661291e-17
36 3 -0.006371536369653977
37 3 2.458523002516127e-17
38 3 -2.644731109682206e-17
40 3 4.622333088308009e-17
41 3 -1.401951919684324e-18
42 3 -1.028014708594565e-16
44 3 -1.168416549742782e-16
45 3 2.297530625558627e-19
47 3 -2.262081903075562e-17
48 3 -2.474270656924725e-33
50 3 -4.378523176361421e-17
51 3 -6.574850202442902e-18
52 3 0.0884677313635736
53 3 1.201840353170982e-16
54 3 5.759420588365822e-17
56 3 -1.621764073510717e-16
57 3 -7.492190842005923e-19
58 3 -8.457543404912388e-19
60 3 7.757641591428037e-17
61 3 6.869284360949839e-18
63 3 9.054697351489767e-17
64 3 -3.735721867028968e-34
70 3 -3.205668911664129e-17
71 3 -4.700237164933606e-17
72 3 -0.03718777134154325
73 3 -1.83190020952845e-16
74 3 -2.320360769900609e-17
76 3 9.41045727315588e-17
77 3 -5.79740437065013e-18
78 3 8.369319661591067e-17
80 3 -1.90072570070054e-17
81 3 -1.02229140011748e-18
83 3 -8.140987123064145e-17
84 3 2.207104179761276e-33
0 4 -1.613326147446274e-16
1 4 2.486239699256077e-16
2 4 4.656677638249711e-18
3 4 -9.825329539316699e-17
4 4 4.791445226611809e-17
5 4 1.552079502970736e-16
6 4 0.4888427365122801
7 4 1.12509891534395e-16
8 4 -1.660430960048288e-17
9 4 3.408162657278749e-17
10 4 -0.7982944834327412
11 4 -1.384359394186835e-17
13 4 -1.714471514430847e-17
14 4 2.646274623315775e-17
15 4 -3.715262549048679e-18
16 4 0.7152096301221899
17 4 1.028638761249508e-16
19 4 -6.035049128990806e-17
20 4 7.061416613835644e-18
21 4 1.421580326092212e-16
22 4 -1.418491949451549e-17
23 4 -3.698128305897846e-17
24 4 2.54026660469335e-17
25 4 -0.3268255514821794
26 4 -1.256677892977533e-16
28 4 3.611789991463281e-17
29 4 5.241703518911863e-19
30 4 -1.916025291031323e-19
32 4 -7.821488567226401e-17
33 4 6.785724117360294e-18
34 4 1.213555900146617e-17
35 4 -2.85739631019314e-18
36 4 -1.426642781998267e-16
37 4 -0.006371536369654087
38 4 -2.630908102545833e-17
40 4 -3.969767294552077e-17
41 4 6.018519885417969e-18
42 4 -1.084430735750764e-16
44 4 6.130462607044443e-17
45 4 -1.339164812224809e-19
47 4 7.116636288461816e-17
48 4 4.166243429623188e-33
50 4 4.296860687888692e-17
51 4 -3.083894006048566e-17
52 4 1.635725635448933e-16
53 4 0.08846773136357371
54 4 9.481093516182383e-17
56 4 1.474397396707686e-16
57 4 -7.52635674351611e-18
58 4 6.547535327686769e-19
60 4 -6.187218360149404e-18
61 4 -4.003909153164583e-18
63 4 -8.821933381575128e-17
64 4 6.290308879447153e-34
70 4 5.674324876528248e-17
71 4 -5.0740041223834e-17
72 4 -1.148887360501119e-16
73 4 -0.03718777134154325
74 4 -5.910253946766596e-17
76 4 -1.260338667271394e-16
77 4 -1.363682935475351e-17
78 4 8.907366679771312e-17
80 4 -3.922407292808607e-17
81 4 5.958643839815994e-19
83 4 3.311951317518163e-17
84 4 -3.716381335117637e-33
0 5 2.422044165441452e-26
1 5 -2.598314701221633e-18
2 5 -0.004570315816990744
3 5 7.237518696224202e-18
4 5 -0.3322014401503953
5 5 1.819921705450987e-17
6 5 -1.69966878179999e-17
7 5 -3.247823732324756e-18
8 5 0.86903174326741
9 5 -3.797233271631151e-17
10 5 4.373069526390875e-17
11 5 2.818491489912208e-16
13 5 -9.657417630828545e-18
14 5 -1.185568016226328
15 5 -1.360907314246308e-16
16 5 -6.293579318120575e-17
17 5 -4.968728172414459e-17
19 5 -1.028530809475729e-16
20 5 -1.753013175576426e-18
21 5 4.411107264882104e-18
22 5 -9.918734042476871e-20
23 5 0.998860258277303
24 5 9.706920272894283e-17
25 5 -3.901324792723119e-18
26 5 -3.837046294064788e-17
28 5 1.276928988577924e-16
29 5 1.895472118838784e-17
30 5 -4.030383562571204e-20
32 5 -1.487295900452735e-16
33 5 1.449343803712469e-18
34 5 6.724400182584444e-17
35 5 -0.4657356083585809
36 5 8.163972654373859e-17
37 5 -1.683991852393769e-17
38 5 3.452321147621089e-17
40 5 -7.263581846369999e-17
41 5 1.604019168420396e-18
42 5 -4.178750295152835e-18
44 5 1.593411119681128e-16
45 5 -4.685159120550125e-20
47 5 1.007269416298193e-16
48 5 -4.281976123791498e-34
50 5 -5.488348895235345e-17
51 5 -0.004580089010152166
52 5 -1.22291193840502e-16
53 5 3.7318803569617e-17
54 5 -3.247963429909154e-18
56 5 -6.619303266864365e-17
57 5 -9.838046060149016e-18
58 5 1.17878435126581e-19
60 5 1.389548079808265e-17
61 5 -1.40079483238791e-18
63 5 3.551680328097e-17
64 5 -6.465045283132278e-35
70 5 9.292547329415971e-17
71 5 0.1419185560250509
72 5 -9.916907349976281e-17
73 5 -2.72496505433595e-18
74 5 -2.85434480201964e-17
76 5 6.169072388360827e-17
77 5 7.163473596714705e-19
78 5 1.457644667989401e-18
80 5 -1.376884431804023e-16
81 5 2.084672049129078e-19
83 5 -6.820211026560028e-17
84 5 3.819617459394876e-34
0 6 -4.537923740596645e-28
1 6 1.12758992090054e-17
2 6 -3.206702364422302e-17
3 6 -1.329485306989029e-17
4 6 -5.067418349422209e-17
5 6 1.721331567423791e-17
6 6 -4.105694286754771e-18
7 6 -3.393256992692246e-18
8 6 9.727817395329009e-18
9 6 -1.486742963515119e-17
10 6 1.505438100751245e-16
11 6 0.5039177532283677
13 6 1.572374818097455e-17
14 6 -8.348067623854698e-17
15 6 -1.525929396625177e-16
16 6 -1.507821294468927e-16
17 6 -0.7901308278642617
19 6 9.509011044782664e-18
20 6 -3.331775027817006e-17
21 6 1.563713701052592e-17
22 6 1.073755570694643e-17
23 6 5.110136881410862e-17
24 6 1.423019533291379e-16
25 6 1.569069404363682e-16
26 6 0.7055423992138992
28 6 -8.884802247911837e-18
29 6 1.371795909691433e-17
30 6 2.796118397524278e-19
32 6 1.353253889778597e-17
33 6 -1.833376135944681e-18
34 6 -2.946298324862502e-18
35 6 -1.262948173412107e-19
36 6 7.808665900808311e-19
37 6 -1.870632232045241e-16
38 6 -0.3404476223932631
40 6 -5.032710712961944e-18
41 6 1.86433531920773e-17
42 6 -1.545046038331937e-17
44 6 3.718092441128672e-17
45 6 -6.577031494776222e-20
47 6 7.443581434141396e-17
48 6 -7.946368614607184e-33
50 6 -3.421959499823995e-18
51 6 -7.019918476749714e-17
52 6 -1.968947833708937e-17
53 6 -6.778839309010935e-17
54 6 -0.003225100269993009
56 6 7.896459065331874e-18
57 6 -3.974105644569232e-18
58 6 -8.003623077528642e-19
60 6 -1.506807248292396e-17
61 6 -1.966437316915151e-18
63 6 -2.519646894290618e-17
64 6 -1.199764581695235e-33
70 6 5.837071200674949e-18
71 6 7.375262263451177e-17
72 6 1.93171110798164e-16
73 6 -9.26627565206614e-17
74 6 0.1073418447963942
76 6 -1.296385721336772e-17
77 6 -1.865258197986385e-17
78 6 1.680449108462503e-17
80 6 1.760596920125107e-17
81 6 2.92646490132266e-19
83 6 -2.867596615506986e-17
84 6 7.088336651505204e-33
12 7 0.5039177532283677
18 7 -0.7901308278642619
27 7 0.7055423992138996
39 7 -0.3404476223932634
55 7 -0.003225100269993453
75 7 0.1073418447963951
0 8 5.858830472883847e-33
1 8 0.04530312640059753
2 8 3.923301978918844e-18
3 8 0.03435652953687704
4 8 -3.384268993504669e-17
5 8 1.300603955940667e-17
6 8 9.508390096446427e-17
7 8 -0.4479399605945455
8 8 1.885211392802136e-18
9 8 1.312777053332237e-16
10 8 6.646635026878641e-17
11 8 -4.398015234910459e-17
13 8 1.095117894917315
14 8 -2.276567268519985e-17
15 8 2.367806945075187e-17
16 8 -2.65338780339267e-17
17 8 1.203995951757349e-17
19 8 -1.07663512683923e-16
20 8 1.007170468425026e-16
21 8 -7.800963495085673e-18
22 8 -1.489717129084805
23 8 1.108675289084281e-17
24 8 -1.417636467265175e-16
25 8 -2.386235296457919e-17
26 8 -1.462319053793237e-18
28 8 1.146937363128155e-16
29 8 9.979624330346742e-19
30 8 -7.948416532168113e-34
32 8 -1.960083352127297e-16
33 8 2.779290611672028e-32
34 8 1.245803922367364
35 8 3.481684048166698e-17
36 8 1.870438145517486e-17
37 8 -1.106223800134076e-17
38 8 -3.478970482815611e-19
40 8 -1.134844660321758e-16
41 8 -3.462731854715046e-17
42 8 5.516114187163799e-18
44 8 5.988267001691676e-17
45 8 -2.154222921773925e-34
47 8 -6.359169882780388e-17
48 8 -6.749589494956193e-34
50 8 -0.5828468798468761
51 8 -9.691223334437534e-18
52 8 7.310037056064981e-17
53 8 2.082446156452518e-17
54 8 3.208717728177102e-18
56 8 4.549696282026331e-18
57 8 -3.399484999832086e-18
58 8 4.237491296435258e-33
60 8 1.461356797663565e-16
61 8 -6.411799225769007e-33
63 8 -2.048473943682374e-17
64 8 5.704649306771887e-35
70 8 0.0958081610258988
71 8 -5.366419059357381e-18
72 8 1.841204559308488e-18
73 8 2.399847655686959e-17
74 8 -1.954209052785885e-18
76 8 1.309187605393974e-16
77 8 2.549829673687859e-17
78 8 -4.77709501625959e-18
80 8 -1.010072503183544e-16
81 8 9.585263161965636e-34
83 8 7.539852472244593e-17
84 8 -3.370367435588017e-34
0 9 4.965777962395364e-17
1 9 7.971933033260182e-17
2 9 -2.113724950128202e-17
3 9 -5.286023293225992e-17
4 9 5.520947288820561e-17
5 9 0.02219190536927212
6 9 1.387778780781446e-16
7 9 -7.136691668104245e-17
8 9 -5.561812641644405e-17
9 9 -0.3268255514821798
10 9 5.551115123125783e-17
11 9 8.595739517803999e-18
13 9 6.633786667819705e-17
14 9 2.908177864363612e-17
15 9 0.8480501212636462
16 9 -1.110223024625157e-16
17 9 6.413092793782406e-17
19 9 -4.170007895112047e-17
20 9 -8.565984482583111e-18
21 9 -7.065548656658593e-17
22 9 -5.027798609848257e-17
23 9 -1.612198732980294e-18
24 9 -1.192215467821411
25 9 3.33066907387547e-16
26 9 -3.79620500885208e-17
28 9 6.699772061576172e-17
29 9 8.871449853812137e-18
30 9 5.174645909740574e-19
32 9 2.48156271128372e-17
33 9 -5.225814342824998e-17
34 9 -6.842253893848202e-17
35 9 -1.516062650792374e-17
36 9 1.017116114712422
37 9 -2.220446049250313e-16
38 9 -6.408960200196841e-18
40 9 -2.204788603755354e-17
41 9 -7.121220319043325e-18
42 9 6.378805913116407e-17
44 9 -8.264835338505517e-17
45 9 3.015485666272503e-19
47 9 1.67426997324616e-16
48 9 2.832435651354417e-33
50 9 -3.838481318302621e-17
51 9 4.852761459460195e-17
52 9 -0.4822914250193677
53 9 1.665334536937735e-16
54 9 4.637870629704748e-17
56 9 -5.045061056843006e-17
57 9 -3.098459682022119e-18
58 9 -1.864081525925729e-18
60 9 7.736286109106998e-17
61 9 9.015866120590974e-18
63 9 6.406568705018943e-17
64 9 4.276489223239859e-34
70 9 1.277721109163569e-16
71 9 -2.354677390815801e-17
72 9 0.08118498515471356
73 9 -2.012279232133096e-16
74 9 -6.315650882468665e-17
76 9 4.223757394438854e-17
77 9 4.52421507095897e-18
78 9 -5.412704335184691e-17
80 9 -1.261894210068672e-16
81 9 -1.341747104266953e-18
83 9 -4.734750099735482e-17
84 9 -2.52659528071969e-33
0 10 -2.228448915601936e-17
1 10 -1.053800872984314e-16
2 10 -1.475923119502851e-17
3 10 7.571436575184058e-17
4 10 2.894005936779574e-17
5 10 -7.511193178862345e-17
6 10 0.0221919053692719
7 10 4.550578234375718e-17
8 10 -1.199257573944683e-17
9 10 -5.541282576876352e-17
10 10 -0.3268255514821797
11 10 -8.420050744901763e-17
13 10 -5.643494889198521e-17
14 10 7.212315845361092e-17
15 10 8.488412921800664e-17
16 10 0.8480501212636461
17 10 9.521596058409537e-17
19 10 4.254564445762568e-17
20 10 7.000983437799192e-18
21 10 1.766601552278768e-17
22 10 4.445533235925018e-18
23 10 -5.772415787693409e-17
24 10 2.091949050042298e-16
25 10 -1.19221546782141
26 10 -4.53798713069911e-17
28 10 -4.633475360334305e-17
29 10 1.181756013752962e-17
30 10 4.473300100689531e-19
32 10 -5.273092118570182e-17
33 10 -3.611039717064019e-17
34 10 5.284004866934685e-17
35 10 8.99760204642278e-17
36 10 -1.156202123934335e-16
37 10 1.017116114712421
38 10 -3.43597464583762e-17
40 10 1.88165619363945e-17
41 10 1.591587660692992e-17
42 10 -1.905326916296951e-17
44 10 7.882234427036178e-17
45 10 1.323761771545688e-19
47 10 -6.788221264273092e-17
48 10 -2.891530120288067e-33
50 10 -2.271883117702338e-18
51 10 -3.010220609557647e-17
52 10 1.907382832190548e-16
53 10 -0.4822914250193674
54 10 7.663751644130134e-17
56 10 2.106687286516997e-17
57 10 3.205286853787501e-17
58 10 -1.920431377746654e-18
60 10 -8.064816882183833e-17
61 10 3.957856288723474e-18
63 10 -1.364577026165887e-17
64 10 -4.365711677217581e-34
70 10 -1.377514205512425e-16
71 10 -4.519999677986384e-17
72 10 1.438440592141656e-16
73 10 0.08118498515471355
74 10 -4.62723120141009e-17
76 10 -2.486579354100171e-17
77 10 -2.293089043615174e-17
78 10 1.106048116237247e-17
80 10 5.901778337996428e-17
81 10 -5.890107665165022e-19
83 10 -5.705741606492065e-18
84 10 2.579308854725509e-33
0 11 -3.226266659976125e-18
1 11 -5.579675983907544e-17
2 11 2.97808459725315e-16
3 11 9.335235818771677e-18
4 11 -4.060106251153944e-17
5 11 -7.15268769131334e-17
6 11 -1.394722364500041e-16
7 11 1.69782772891612e-16
8 11 -1.393937515672993e-16
9 11 -3.518224006892455e-17
10 11 1.574892121712125e-17
11 11 -7.297475284686952e-18
13 11 -2.434984741551096e-16
14 11 5.532176917056962e-17
15 11 8.366751799502753e-17
16 11 4.969086691367387e-17
17 11 -9.206809436953864e-18
19 11 0.4782921735573197
20 11 -5.698669359826528e-32
21 11 5.733162756070779e-17
22 11 4.483692532116155e-17
23 11 6.456245899186028e-17
24 11 -4.505124944566893e-18
25 11 -1.177469528592831e-18
26 11 9.45802222300786e-19
28 11 -0.7962893334546836
29 11 2.883517661753242e-33
30 11 -5.659504212640895e-33
32 11 -1.375591940543529e-16
33 11 1.357792661936292e-32
34 11 -2.585214761490921e-16
35 11 -1.855025060014648e-17
36 11 -1.604048213774737e-16
37 11 -3.461515821785732e-17
38 11 8.541043369030241e-18
40 11 0.7238903982989627
41 11 1.435944338299484e-33
42 11 -4.053958262463806e-17
44 11 5.250568301236053e-17
45 11 -1.74459909382934e-34
47 11 9.0008190801466e-18
48 11 -4.476579214481526e-33
50 11 2.603007989856387e-16
51 11 -4.13609206696851e-17
52 11 5.932340169482207e-17
53 11 -7.855594241468984e-17
54 11 -4.207401406786385e-19
56 11 -0.3488698969543841
57 11 2.052236639017139e-32
58 11 -5.458724557137265e-33
60 11 5.65476204129138e-17
61 11 -5.215274913348382e-33
63 11 1.951856715319326e-16
64 11 -2.240794930093769e-34
70 11 -3.987830496785535e-16
71 11 7.444340522903065e-17
72 11 -5.85587034206687e-17
73 11 5.918637841715589e-17
74 11 -6.360443131291422e-18
76 11 0.05482878385529841
77 11 -4.019426398972279e-32
78 11 3.510830841175479e-17
80 11 -7.038908195314199e-17
81 11 7.762632760730938e-34
83 11 -1.700860464399583e-16
84 11 1.323885458349479e-33
0 12 1.500134916095254e-33
1 12 1.249333291612185e-33
2 12 5.297214383153103e-20
3 12 -1.944213547961093e-33
4 12 1.102585871453764e-19
5 12 3.744718789354068e-19
6 12 8.489967679563127e-19
7 12 -6.342530311526214e-33
8 12 -2.387873459019029e-19
9 12 -1.737930096448554e-18
10 12 1.814082351038402e-19
11 12 -6.347531341097826e-18
13 12 2.2742525885948e-33
14 12 2.700301907424575e-20
15 12 4.690275869884851e-18
16 12 8.249896022100085e-18
17 12 1.652720339668701e-17
19 12 -4.015023255987805e-34
20 12 0.4782921735573198
21 12 -7.527598162449311e-18
22 12 -8.453400275552873e-33
23 12 -1.911748610907713e-18
24 12 -1.228913056441685e-17
25 12 -9.587382276021115e-18
26 12 -6.688544074037548e-18
28 12 -3.317144967434645e-33
29 12 -0.7962893334546836
30 12 -8.007175355947541e-19
32 12 -3.562400709104979e-33
33 12 -5.649142435164022e-18
34 12 -3.171318387642609e-33
35 12 -6.777476094294614e-18
36 12 -1.89122066742573e-17
37 12 -1.447301471008925e-17
38 12 -8.268897515328607e-18
40 12 4.702066524119913e-33
41 12 0.7238903982989622
42 12 8.527054430757809e-18
44 12 -8.860155094465826e-33
45 12 9.52141273796149e-20
47 12 -2.153249548878605e-32
48 12 1.839770861016888e-48
50 12 -2.651461573183651e-33
51 12 -4.747195488357649e-19
52 12 1.036367157199381e-17
53 12 9.6512804989045e-18
54 12 -1.356341445190074e-17
56 12 -2.060080046300177e-33
57 12 -0.3488698969543838
58 12 1.278157674084411e-19
60 12 7.959513313073709e-33
61 12 2.846764734599579e-18
63 12 8.383521653151399e-33
64 12 2.78064916587951e-49
70 12 -2.328932782486846e-33
71 12 -7.143842591962992e-18
72 12 -2.863982797687234e-17
73 12 -2.627320632567563e-17
74 12 1.818301655167934e-17
76 12 -1.252256652725188e-33
77 12 0.05482878385529775
78 12 2.673863806854479e-17
80 12 2.910296430209569e-33
81 12 -4.236573933207307e-19
83 12 -2.704291005670953e-32
84 12 -1.645216687209218e-48
0 13 -4.530016233473248e-35
1 13 -3.689709218096845e-33
2 13 -2.72165752168591e-33
3 13 -7.311860889756597e-34
4 13 -1.72316565553149e-34
5 13 8.86576425760934e-21
6 13 -2.449990236400291e-33
7 13 -5.64121011868514e-33
8 13 2.226606021768124e-33
9 13 -1.24683629854243e-20
10 13 2.575912396085688e-33
11 13 5.728574833329836e-20
13 13 4.343203210185486e-33
14 13 -3.844860465914083e-35
15 13 -8.332327702565932e-21
16 13 4.308538814031698e-33
17 13 2.210886878447817e-19
19 13 1.805448009663571e-34
20 13 7.991692932944992e-18
21 13 0.4782921735573201
22 13 3.034478874236382e-33
23 13 5.606308543028543e-34
24 13 6.79726320457442e-20
25 13 2.452574420404313e-34
26 13 -6.079147640325236e-20
28 13 4.38042473665918e-34
29 13 1.893124272687755e-17
30 13 -0.7962893334546838
32 13 3.272634881830832e-33
33 13 -8.427084715188268e-18
34 13 1.081435749752788e-33
35 13 -2.330149677747495e-33
36 13 1.053325060731236e-20
37 13 -4.980942635378162e-33
38 13 -1.105668003792568e-18
40 13 -5.384330280999799e-34
41 13 1.283421903651529e-17
42 13 0.7238903982989626
44 13 9.477996948272368e-34
45 13 2.860337349341031e-19
47 13 3.243136711339223e-33
48 13 6.922979820550218e-50
50 13 -2.242149877895075e-33
51 13 -4.037860545939342e-34
52 13 -1.389674755149529e-20
53 13 9.531066124020289e-34
54 13 7.873167282440784e-20
56 13 2.483312525124362e-33
57 13 -3.0424599187054e-17
58 13 -0.3488698969543838
60 13 2.754854266330397e-33
61 13 8.551995086503689e-18
63 13 1.169320008025707e-34
64 13 2.085351748397134e-51
70 13 1.277277626176894e-34
71 13 -9.725629188966273e-33
72 13 3.793781266538816e-20
73 13 -5.243767662371664e-33
74 13 -6.446317038344864e-19
76 13 8.918199511096832e-34
77 13 4.011467149609496e-17
78 13 0.05482878385529791
80 13 -1.029548905334409e-33
81 13 -1.272713512994067e-18
83 13 -1.628540603042371e-34
84 13 4.660722699826922e-50
0 14 -2.523909526420411e-26
1 14 5.343000544500403e-18
2 14 0.008868782087400452
3 14 -1.055550743459903e-17
4 14 0.08329882695173715
5 14 -2.695556972674824e-17
6 14 -1.545899505427226e-17
7 14 3.782601079239816e-18
8 14 -0.007588252875854178
9 14 8.412644704558513e-17
10 14 3.970554087559383e-17
11 14 1.904064055310337e-16
13 14 9.15179656729914e-18
14 14 -0.4657356083585806
15 14 5.382296561736096e-17
16 14 -8.856507546676846e-17
17 14 -6.118810942984967e-17
19 14 1.126206999425868e-16
20 14 1.519930139311705e-17
21 14 -9.871419819580493e-17
22 14 -9.635819595618251e-18
23 14 1.124805538199663
24 14 -2.377356811317186e-17
25 14 1.190120624882886e-17
26 14 -3.701230308899051e-17
28 14 -1.114705439552803e-16
29 14 -1.071149119882182e-18
30 14 4.403406317076861e-19
32 14 1.699044381367173e-16
33 14 -1.319939194475597e-17
34 14 -4.939277147146513e-17
35 14 -1.457102632414977
36 14 4.112709566598242e-17
37 14 1.842120488302661e-17
38 14 1.189600989255668e-16
40 14 5.384494053459357e-17
41 14 -4.100374034722745e-18
42 14 7.069401957501865e-17
44 14 -1.368472678425641e-16
45 14 8.490135106269973e-20
47 14 2.110697902588575e-17
48 14 -6.014862112198054e-33
50 14 3.919085988085435e-18
51 14 1.224912538009694
52 14 -8.400148449169708e-17
53 14 -4.166982014490596e-17
54 14 5.941510565982265e-18
56 14 6.858149012847673e-17
57 14 -2.998427685928479e-18
58 14 -1.615630344757493e-18
60 14 -5.816903957991951e-17
61 14 2.538427634394211e-18
63 14 3.901547018175024e-17
64 14 -9.081404193521108e-34
70 14 -3.543468619258123e-17
71 14 -0.6470997052696574
72 14 6.727590371199715e-17
73 14 1.007130707289884e-16
74 14 -1.352172132391964e-16
76 14 -5.195944165621566e-17
77 14 1.495776150597633e-18
78 14 -7.112960481890101e-17
80 14 8.131980190625072e-17
81 14 -3.777704640113247e-19
83 14 -6.374971599203812e-17
84 14 5.365390108542193e-33
0 15 -1.094592681841815e-27
1 15 -1.209374363686893e-17
2 15 3.635158394069863e-17
3 15 1.409269471601705e-17
4 15 -2.314759770732064e-18
5 15 -5.002435297170297e-17
6 15 -2.344855043424068e-17
7 15 3.713070975293406e-18
8 15 -1.601143627825151e-18
9 15 3.73394439044077e-17
10 15 -5.856461891441702e-18
11 15 -0.009358753278876669
13 15 -1.656344741753924e-17
14 15 2.509983699979108e-17
15 15 5.150050467195406e-17
16 15 -1.167160840529819e-17
17 15 -0.3404476223932633
19 15 -9.898912464906573e-18
20 15 1.885096461222213e-18
21 15 -9.381726373209805e-17
22 15 -1.081444177798873e-17
23 15 -2.100853049364032e-17
24 15 -1.199820874293322e-17
25 15 -5.466897051210914e-18
26 15 0.8730787710518721
28 15 1.528272078472707e-17
29 15 -2.082571489885448e-17
30 15 -1.520023038172499e-18
32 15 -2.494044209000333e-18
33 15 -3.149873453822449e-17
34 15 -8.45624292008973e-19
35 15 -2.034100317276733e-17
36 15 -4.232102091375799e-17
37 15 9.416209103037747e-17
38 15 -1.165057659816938
40 15 -3.3449698467696e-18
41 15 -1.192957462824868e-17
42 15 5.550404034224618e-17
44 15 -3.229096937183873e-17
45 15 2.020678355960934e-19
47 15 -3.012289158442177e-17
48 15 -1.747239701170302e-33
50 15 7.637427088620928e-18
51 15 7.284696589409311e-17
52 15 -4.255426838471162e-18
53 15 -3.64913943493602e-17
54 15 0.9993474207261237
56 15 -5.005045083491556e-18
57 15 2.125676494719825e-17
58 15 5.470825942556756e-18
60 15 2.528913478901559e-17
61 15 6.041536106069291e-18
63 15 -5.472878134082664e-18
64 15 -2.638030540569785e-34
70 15 -9.405694609851266e-18
71 15 -2.993313036528435e-18
72 15 -7.087445119834497e-17
73 15 1.130580132399041e-16
74 15 -0.5364563912798442
76 15 1.534369074912312e-17
77 15 -3.407802941034957e-17
78 15 -6.22953837061186e-17
80 15 -5.487479861779617e-17
81 15 -8.991053623932206e-19
83 15 3.913300624296119e-17
84 15 1.558576478569601e-33
12 16 -0.009358753278876697
18 16 -0.3404476223932634
27 16 0.8730787710518719
39 16 -1.165057659816937
55 16 0.9993474207261231
75 16 -0.5364563912798443
31 17 0.5087042296962435
43 17 -0.7759665129036147
59 17 0.7052403795748794
79 17 -0.3924537643417026
0 18 1.917510006501929e-16
1 18 -1.655444123108336e-16
2 18 2.089120972542137e-16
3 18 4.716223478659855e-18
4 18 -9.874033071896398e-17
5 18 -1.773977034581643e-17
6 18 -4.26210182965919e-17
7 18 8.954193326255095e-17
8 18 -1.44194647315531e-16
9 18 -1.58504361468446e-16
10 18 1.409754905526827e-16
11 18 -5.811076981128462e-17
13 18 -6.303778325592743e-18
14 18 1.178910297841383e-16
15 18 2.577975387502015e-16
16 18 -1.812091107867537e-16
17 18 -1.308617235348396e-17
19 18 -8.367498969555226e-18
20 18 -1.144236404397259e-31
21 18 1.863415922125887e-16
22 18 5.73954291801694e-17
23 18 2.617613204060651e-17
24 18 -5.413606007688508e-17
25 18 4.567071465384296e-17
26 18 -1.042855218671026e-18
28 18 2.582487790509104e-17
29 18 -4.18727675267537e-32
30 18 1.775917190893495e-32
32 18 0.5087042296962434
33 18 -3.082614036155286e-31
34 18 -5.88558707403787e-17
35 18 -2.123576322452881e-16
36 18 -9.402593970544241e-17
37 18 3.150103231246042e-17
38 18 6.495340361820847e-18
40 18 -5.225980498931449e-17
41 18 -1.105032583227166e-31
42 18 -1.317634034706197e-16
44 18 -0.7759665129036146
45 18 3.337346720488919e-33
47 18 5.320465205463833e-17
48 18 4.753925149630474e-33
50 18 1.773193895627023e-16
51 18 -1.471064086948756e-17
52 18 1.805442261228531e-16
53 18 -9.919533604425417e-17
54 18 1.367766284596547e-17
56 18 -1.116973927968431e-16
57 18 6.428807206394617e-32
58 18 -1.242988493985128e-31
60 18 0.7052403795748791
61 18 9.978184133475132e-32
63 18 -6.810023436461242e-17
64 18 7.177606898416966e-34
70 18 -1.475297305757605e-16
71 18 1.32476258340325e-16
72 18 -1.030747567769732e-16
73 18 9.30967420636983e-18
74 18 -4.699501121922801e-20
76 18 -7.042318765099823e-19
77 18 2.612207488767989e-31
78 18 1.141104546946553e-16
80 18 -0.3924537643417026
81 18 -1.484959901562422e-32
83 18 1.874762998268529e-16
84 18 -4.240606434327088e-33
33 19 0.5087042296962435
45 19 -0.7759665129036147
61 19 0.7052403795748794
81 19 -0.3924537643417026
0 20 5.715140306188125e-18
1 20 0.0300686659853107
2 20 -7.379120931320113e-18
3 20 -0.09551868665312667
4 20 -1.224856730621042e-17
5 20 -4.890750915306088e-18
6 20 -3.381279021060195e-17
7 20 0.1172462163694025
8 20 3.814661332358096e-17
9 20 1.293501452775108e-16
10 20 9.101596707779678e-17
11 20 -5.862809177038947e-17
13 20 0.07335614960686353
14 20 -1.191180828573899e-16
15 20 3.388902738535633e-17
16 20 3.870860859180039e-17
17 20 4.873715089516179e-18
19 20 -1.365644196011813e-16
20 20 1.049647292972816e-16
21 20 3.022450979829128e-17
22 20 -0.5828468798468759
23 20 2.212659046813863e-17
24 20 -1.055321952831355e-16
25 20 -8.420281706836357e-17
26 20 -3.093583824942494e-18
28 20 1.540243734498508e-16
29 20 9.790672468797339e-19
30 20 -5.327742764204149e-34
32 20 -2.094442410231646e-16
33 20 1.49728018560108e-32
34 20 1.234637453812788
35 20 4.704942033963553e-17
36 20 -4.735525699583163e-17
37 20 -2.188768792039358e-17
38 20 1.20278026338158e-17
40 20 -1.388239687031955e-16
41 20 -3.773446164086591e-17
42 20 -2.137195583641102e-17
44 20 1.040505706599667e-16
45 20 -4.368475610854376e-35
47 20 -6.077714181428257e-18
48 20 2.239132351029402e-33
50 20 -1.550833092291989
51 20 1.184041460791085e-18
52 20 2.534604955582951e-17
53 20 6.105521528686121e-17
54 20 2.940933701624648e-18
56 20 -6.679492660084777e-17
57 20 -3.306428962322775e-18
58 20 -3.567153387102555e-33
60 20 1.021615086496225e-16
61 20 -1.37777519710655e-33
63 20 5.533928497795362e-17
64 20 2.240152071790196e-34
70 20 1.104812191677771
71 20 -3.645309106654113e-17
72 20 8.320679761121026e-17
73 20 -3.080461189342852e-17
74 20 -1.199824178923998e-17
76 20 1.839989509336229e-16
77 20 2.702646246775343e-17
78 20 1.850865668289103e-17
80 20 -1.195541008470485e-16
81 20 1.943763011869921e-34
83 20 -5.37641285743141e-17
84 20 -1.323505650831868e-33
0 21 -5.837149228057581e-17
1 21 2.168595137828178e-17
2 21 1.703196498621605e-17
3 21 6.065584249425541e-18
4 21 7.459343868739256e-18
5 21 -0.06290593653653918
6 21 -2.482727873510424e-17
7 21 2.561100018514866e-17
8 21 1.722055030083819e-17
9 21 0.08846773136357353
10 21 3.836995714002834e-17
11 21 1.374155597877923e-16
13 21 1.851563358745438e-17
14 21 -8.997622568985681e-17
15 21 0.05912100326926547
16 21 3.78242871153609e-17
17 21 -1.05436451886835e-16
19 21 -2.504717802387221e-18
20 21 -5.902508654306473e-18
21 21 -1.147164300351769e-16
22 21 -2.547009257302527e-17
23 21 3.919347615791131e-17
24 21 -0.4822914250193676
25 21 1.42286654099988e-16
26 21 7.237761263910325e-17
28 21 6.367322103892119e-17
29 21 2.55092784259535e-17
30 21 5.475033033123288e-19
32 21 -6.672397924928066e-17
33 21 -5.166027948472943e-17
34 21 1.64699128322503e-17
35 21 -2.774060150017709e-17
36 21 1.043296608533792
37 21 -3.04003679273727e-16
38 21 5.990115430218949e-17
40 21 -1.055185372191208e-16
41 21 -4.335804900653562e-17
42 21 9.320921837048028e-17
44 21 1.815116650408249e-16
45 21 2.841433664902972e-19
47 21 2.406850999441391e-16
48 21 -6.857195467748566e-34
50 21 -2.17465036427905e-18
51 21 -1.301294108457617e-17
52 21 -1.329882349101505
53 21 2.577105883514593e-16
54 21 -5.555331478866144e-17
56 21 5.890379197325831e-17
57 21 -7.483164009677645e-18
58 21 -1.899417524901792e-18
60 21 -2.221052022262562e-16
61 21 8.495475803395858e-18
63 21 4.874946444722445e-17
64 21 -1.035318225339149e-34
70 21 2.999462754163762e-17
71 21 6.03692473552327e-17
72 21 0.9555618019439408
73 21 -2.304798629836177e-16
74 21 -2.762906551427466e-17
76 21 -5.343598987356084e-17
77 21 3.410239976842169e-17
78 21 -8.359463340066314e-17
80 21 3.239592939022412e-17
81 21 -1.264302276244221e-18
83 21 -1.16544966674336e-16
84 21 6.11677010190904e-34
0 22 4.520971936285284e-17
1 22 -1.664818712766468e-17
2 22 6.241219388949815e-19
3 22 -9.160061079584735e-18
4 22 -4.0942628207204e-17
5 22 -1.0069923633258e-16
6 22 -0.06290593653653923
7 22 -2.718965040423163e-17
8 22 3.404183844334919e-17
9 22 3.09744709720976e-17
10 22 0.08846773136357372
11 22 2.424405116535062e-17
13 22 -5.088445754437073e-18
14 22 -1.633654823451207e-17
15 22 4.631287947838912e-17
16 22 0.0591210032692655
17 22 -1.574220520104775e-16
19 22 2.323714857867849e-18
20 22 1.409069505836036e-17
21 22 -2.568192337078296e-17
22 22 2.52382338402756e-17
23 22 3.663389621890495e-17
24 22 8.46058856382668e-17
25 22 -0.4822914250193674
26 22 1.582759825026708e-16
28 22 -3.106274769702782e-17
29 22 -8.970547999401014e-19
30 22 1.345142392158417e-18
32 22 7.823135880822775e-17
33 22 -7.34937162387162e-17
34 22 -1.735341968778421e-17
35 22 -5.199861827585903e-17
36 22 -1.521331062029648e-16
37 22 1.043296608533791
38 22 -1.646738677889665e-17
40 22 5.669741304131424e-17
41 22 -1.605655645730586e-17
42 22 1.596980355780089e-17
44 22 -1.0894259848603e-16
45 22 4.938246055811566e-19
47 22 -7.547820851081035e-17
48 22 4.36093271206978e-35
50 22 -2.892741488592628e-18
51 22 5.763855517281225e-17
52 22 1.51233114190619e-16
53 22 -1.329882349101505
54 22 -8.797703624364838e-17
56 22 -4.213382111401006e-17
57 22 4.057777470014132e-17
58 22 -5.039967585615309e-18
60 22 5.229694444570055e-17
61 22 1.476464166542313e-17
63 22 -2.134281518026468e-17
64 22 6.584256110998913e-36
70 22 1.429529538698285e-17
71 22 -2.65167558481587e-17
72 22 -2.712728325965585e-17
73 22 0.9555618019439408
74 22 7.557489198033691e-17
76 22 4.525918841552462e-17
77 22 -1.384256565465145e-17
78 22 -2.213413632711687e-17
80 22 2.591579684644931e-18
81 22 -2.1972836480875e-18
83 22 4.145018776598119e-17
84 22 -3.8900484833904e-35
0 23 1.125062448801051e-16
1 23 -4.562441443066501e-17
2 23 -2.802451870923167e-17
3 23 8.567170540362977e-17
4 23 3.217967773285983e-17
5 23 6.138996050396464e-17
6 23 -1.178293666275814e-16
7 23 2.845914591138042e-17
8 23 3.127058645262254e-17
9 23 -7.737984672832851e-17
10 23 6.605043324290404e-17
11 23 -2.278404452931782e-17
13 23 -7.188392242539618e-18
14 23 -1.933783029815866e-17
15 23 7.39622764294979e-17
16 23 -6.206160236941812e-17
17 23 1.228746442519507e-17
19 23 0.07132464662878146
20 23 9.512153187995985e-33
21 23 -1.233461054593782e-17
22 23 -1.174922586018662e-16
23 23 -2.056810640603593e-17
24 23 -4.039971514012696e-17
25 23 2.460261580875616e-17
26 23 1.065808909355551e-17
28 23 -0.3488698969543844
29 23 1.197585518586127e-32
30 23 -9.830877283865423e-34
32 23 7.731273870942308e-17
33 23 1.364614963609099e-32
34 23 -8.270903502870306e-18
35 23 5.770486508996046e-18
36 23 -3.488322923399915e-17
37 23 2.872495183750756e-17
38 23 -1.74807535978881e-17
40 23 0.7934333361778717
41 23 -3.623980605657716e-32
42 23 8.721886760327694e-18
44 23 -6.797342514115842e-17
45 23 -1.801819099384465e-34
47 23 -1.206052288534514e-16
48 23 -7.390175102106611e-34
50 23 7.884179946238001e-17
51 23 9.391903818861366e-18
52 23 1.361518766865156e-16
53 23 -4.233576676931205e-17
54 23 -3.453278519879286e-18
56 23 -1.07351848164582
57 23 2.719887700353555e-32
58 23 9.416372282643469e-33
60 23 -3.233246191120395e-17
61 23 -5.386838943750565e-33
63 23 2.763159842265106e-16
64 23 6.587641863927213e-34
70 23 -7.659490063821151e-17
71 23 -5.517444858322127e-18
72 23 -8.303816433467407e-17
73 23 5.970485787888087e-17
74 23 1.739058579253823e-17
76 23 0.7997052402360774
77 23 -3.035524487080573e-32
78 23 -7.553375503374954e-18
80 23 -2.089987233077874e-17
81 23 8.01723445762723e-34
83 23 -1.722283177598315e-16
84 23 -3.892048822201936e-33
0 24 1.47609404440149e-34
1 24 1.754978672449585e-33
2 24 -3.411067617154765e-19
3 24 -2.634392662442416e-33
4 24 -2.69590502314167e-19
5 24 -4.374956451009259e-18
6 24 -2.081045141579e-18
7 24 3.709907713424951e-33
8 24 6.193750437924711e-19
9 24 2.769243929951489e-18
10 24 4.239334532385659e-18
11 24 7.100014362469091e-18
13 24 -4.957637062855467e-34
14 24 2.828094501722946e-19
15 24 -1.236373812886496e-18
16 24 -2.716973684555053e-18
17 24 -9.737684778422529e-18
19 24 6.418070569664528e-34
20 24 0.07132464662878134
21 24 -5.021590175514628e-17
22 24 4.768456753242631e-33
23 24 3.274190010457434e-20
24 24 8.253347855717364e-19
25 24 -1.168004873218173e-18
26 24 9.934920867781709e-19
28 24 -1.185404909579548e-33
29 24 -0.3488698969543841
30 24 -1.978253487550019e-17
32 24 1.412250057768114e-33
33 24 -5.977511117155476e-18
34 24 -2.999801182870722e-33
35 24 2.769637781094984e-18
36 24 -3.070293947216706e-19
37 24 -2.178862642984368e-18
38 24 8.821288671610599e-18
40 24 5.882841210388814e-34
41 24 0.7934333361778714
42 24 2.450021123083673e-17
44 24 3.676054545956012e-33
45 24 3.967487007507781e-20
47 24 3.102131429830943e-32
48 24 1.52743863834071e-48
50 24 4.70841060346886e-33
51 24 2.145567988750385e-19
52 24 4.243984328933701e-18
53 24 6.765232670484014e-18
54 24 -4.891964049072725e-17
56 24 -2.604113638060955e-35
57 24 -1.07351848164582
58 24 2.44045272649991e-17
60 24 -2.913051531500661e-33
61 24 1.186221247706671e-18
63 24 -5.211864116863491e-33
64 24 2.305300472064024e-49
70 24 -2.401916851788578e-34
71 24 2.028781855701219e-18
72 24 1.275807659328882e-18
73 24 -2.585724373189476e-18
74 24 5.418443010052215e-17
76 24 5.040463809114373e-35
77 24 0.7997052402360765
78 24 -4.320871016718988e-17
80 24 5.742615166696092e-33
81 24 -1.76534223428112e-19
83 24 -4.368308653884314e-32
84 24 -1.361335889300394e-48
0 25 -4.302673728350661e-34
1 25 -1.629327021064607e-33
2 25 1.352470226168879e-33
3 25 3.800587714864156e-34
4 25 5.959992964645587e-35
5 25 1.511637495036553e-20
6 25 1.33872984486196e-33
7 25 1.943022961828842e-33
8 25 -2.548737679142323e-34
9 25 -2.125890610535687e-20
10 25 -4.829042925098845e-33
11 25 -2.224154825335006e-20
13 25 -1.419803346182452e-33
14 25 5.120070287666765e-34
15 25 -1.420685076901773e-20
16 25 7.769393128094466e-34
17 25 -1.923193287380785e-20
19 25 4.95022599680935e-36
20 25 9.660303685632328e-18
21 25 0.07132464662878144
22 25 5.27941133454822e-34
23 25 -1.472707321042288e-33
24 25 1.158952305193561e-19
25 25 -9.216243958793899e-35
26 25 1.031593749727664e-19
28 25 -1.733169688839307e-34
29 25 7.429704485414527e-18
30 25 -0.3488698969543839
32 25 5.436660597914253e-33
33 25 2.392932958720239e-18
34 25 -4.664108543103384e-35
35 25 1.101533107848147e-33
36 25 1.79594856122774e-20
37 25 6.545588770818488e-33
38 25 9.187310179154019e-20
40 25 3.75666372031145e-34
41 25 6.723944546251861e-18
42 25 0.7934333361778714
44 25 -1.224944982169492e-34
45 25 -7.493027254835182e-20
47 25 -2.899848474070361e-34
48 25 -4.005689385582387e-50
50 25 6.008685243384358e-34
51 25 -1.082037265720843e-33
52 25 -2.369434156773324e-20
53 25 -2.290287929056196e-33
54 25 -3.619825602601167e-21
56 25 -7.754440815778484e-34
57 25 -7.361238571081735e-18
58 25 -1.07351848164582
60 25 -7.359955977938925e-34
61 25 -2.240306804410732e-18
63 25 -1.317389353205418e-34
64 25 -2.010054365077112e-52
70 25 -2.001466465683399e-34
71 25 3.511503369699708e-33
72 25 6.468502707525119e-20
73 25 5.239503772381209e-33
74 25 3.138713008832771e-19
76 25 -1.113569764390831e-34
77 25 -7.147655927444602e-18
78 25 0.7997052402360771
80 25 9.521512070645003e-34
81 25 3.334039267311808e-19
83 25 3.183792964400102e-34
84 25 1.522853120797783e-50
46 26 0.4198194058194252
62 26 -0.7271485408826215
82 26 0.5937142974572452
0 27 8.97217705524157e-17
1 27 -5.76099371390972e-17
2 27 2.314423133394628e-17
3 27 3.668282901589586e-17
4 27 -2.370626704930964e-18
5 27 -4.287883863060787e-17
6 27 4.781805001026709e-17
7 27 1.594158775080272e-17
8 27 -4.031765569432014e-18
9 27 6.569888509315199e-17
10 27 -4.575853371607592e-17
11 27 4.920993208452627e-17
13 27 1.05025208965297e-16
14 27 -3.409678327535662e-18
15 27 1.88631740544235e-17
16 27 3.234331533892393e-17
17 27 -4.790572796346009e-17
19 27 -9.804517992722877e-17
20 27 1.363694437608346e-18
21 27 -2.771380857600597e-17
22 27 1.500506011915158e-16
23 27 -4.664194295069514e-17
24 27 -6.499281862716349e-17
25 27 6.891953808153587e-17
26 27 3.226600521668382e-17
28 27 1.34564606872475e-16
29 27 -6.61985231077609e-20
30 27 -2.839293901857912e-19
32 27 1.330875420114213e-16
33 27 2.504327519087141e-33
34 27 3.71776199470455e-17
35 27 3.826484299264898e-17
36 27 -7.121307797904264e-18
37 27 -3.136812001687762e-17
38 27 -8.619994439797179e-18
40 27 -8.503855643839986e-17
41 27 -3.96016896454614e-17
42 27 1.039381166210345e-17
44 27 -1.240929380719206e-16
45 27 -6.864104250585685e-35
47 27 0.4198194058194252
48 27 8.701173876570493e-18
50 27 2.017359037635307e-16
51 27 -2.080614697748032e-17
52 27 -1.011865381862861e-17
53 27 -1.05013358286897e-17
54 27 3.004500906168683e-17
56 27 3.85445005826825e-17
57 27 1.909844906657353e-17
58 27 1.463425079645104e-18
60 27 -6.034337590694523e-17
61 27 -2.690136735667465e-33
63 27 -0.7271485408826215
64 27 1.313727155457054e-18
70 27 2.970509731512049e-17
71 27 -3.101641716053044e-17
72 27 -6.835042269359194e-17
73 27 7.896937639350751e-18
74 27 -4.055736796117625e-18
76 27 -9.513948613644385e-17
77 27 -2.819786165466403e-17
78 27 -2.975423544687431e-17
80 27 5.279257442651878e-17
81 27 3.054198567289001e-34
83 27 0.5937142974572454
84 27 -7.761639648460124e-18
48 28 0.4198194058194252
64 28 -0.7271485408826215
84 28 0.5937142974572452
49 29 0.4198194058194252
65 29 -0.7271485408826215
85 29 0.5937142974572452
0 30 3.087703696916717e-26
1 30 -4.43356831918605e-19
2 30 -0.02356499810770122
3 30 2.591976908487625e-18
4 30 -0.05579817095251994
5 30 -8.657057372781864e-17
6 30 -1.186509727953965e-16
7 30 -2.81375206517266e-18
8 30 0.0267373767857609
9 30 3.070874439942845e-17
10 30 -8.419380146283138e-17
11 30 -5.347310187845933e-17
13 30 7.914557582782099e-19
14 30 0.141918556025051
15 30 1.389784330910635e-16
16 30 1.120836743149264e-17
17 30 1.817814714437953e-17
19 30 -1.454252608697002e-16
20 30 1.8725820956668e-17
21 30 -9.07208316457841e-17
22 30 7.655867425366285e-18
23 30 -0.04089136332787047
24 30 -5.052760343421468e-17
25 30 -1.114087552766437e-17
26 30 -3.66725300275994e-17
28 30 1.351034357041945e-16
29 30 -1.290456001099125e-17
30 30 8.926535601748347e-19
32 30 -1.841079008750047e-16
33 30 -1.385557090501595e-17
34 30 3.375259259609143e-17
35 30 -0.6470997052696579
36 30 -6.258992047880344e-17
37 30 4.845042740234812e-17
38 30 9.642242434401371e-17
40 30 -4.946985480354088e-17
41 30 -5.636146431741227e-18
42 30 7.10390241302868e-17
44 30 1.348027193723783e-16
45 30 7.550903176920665e-20
47 30 3.709725774428081e-17
48 30 9.501403265754538e-33
50 30 -4.033046936429767e-18
51 30 1.40351158103783
52 30 6.480283332810418e-17
53 30 -1.938554038598845e-17
54 30 2.680610216682774e-17
56 30 -6.369193521768536e-17
57 30 1.040582540851638e-17
58 30 -3.283714695772551e-18
60 30 5.141805040192684e-17
61 30 2.257610868262447e-18
63 30 -2.552116572913304e-17
64 30 1.434547988838704e-33
70 30 7.505296526174369e-17
71 30 -1.237252891356235
72 30 -2.964433442364342e-19
73 30 -4.298334701405653e-17
74 30 -1.421969205592928e-16
76 30 3.701700597237327e-17
77 30 1.723945539585461e-18
78 30 -5.990111711111109e-17
80 30 -1.243662510927452e-16
81 30 -3.359791288531454e-19
83 30 5.418186895699618e-17
84 30 -8.475461972098369e-33
0 31 1.697180243137372e-27
1 31 1.407114951707059e-17
2 31 -4.071434220600312e-17
3 31 -1.635213681718814e-17
4 31 1.7065529896762e-17
5 31 9.674753240171032e-17
6 31 6.828712869073832e-17
7 31 -4.512084349789085e-18
8 31 -9.75234824508099e-18
9 31 -8.71531305656904e-17
10 31 -1.087431647159911e-16
11 31 0.02926339003129023
13 31 1.951568452139073e-17
14 31 4.06057528570362e-18
15 31 2.77686774519797e-17
16 31 1.791727265073215e-16
17 31 0.1073418447963947
19 31 1.126858199808227e-17
20 31 1.425909046377025e-17
21 31 1.144800457577463e-17
22 31 1.412920140908381e-17
23 31 8.928282926424555e-18
24 31 -1.448017581852494e-16
25 31 -9.550094895603979e-17
26 31 -0.03773976254819935
28 31 -2.059203280623211e-17
29 31 2.538400279373245e-17
30 31 6.80164908910021e-19
32 31 -2.840215428261642e-18
33 31 -3.233148152085867e-17
34 31 -1.205210505115896e-18
35 31 3.112759389438209e-17
36 31 9.540167212854373e-17
37 31 1.464431532512825e-17
38 31 -0.5364563912798442
40 31 8.422059202137015e-18
41 31 -2.935446216677992e-17
42 31 -9.048082130008126e-18
44 31 2.537520856286574e-17
45 31 2.885802863266173e-19
47 31 1.544466568935495e-17
48 31 6.121378803812788e-33
50 31 -3.973086087208476e-18
51 31 -7.065655873195231e-17
52 31 6.700785982436703e-17
53 31 8.955457591377236e-18
54 31 1.189887927025928
56 31 4.174685022246003e-18
57 31 6.990296002347529e-17
58 31 -2.586824700234495e-18
60 31 -2.32378192653973e-17
61 31 8.62813329097598e-18
63 31 1.930440198290397e-17
64 31 9.242226023160115e-34
70 31 7.581411438003247e-18
71 31 -4.325581748698431e-17
72 31 1.059883352753097e-18
73 31 -1.463852319175252e-16
74 31 -1.057736348607767
76 31 -1.882171401496627e-17
77 31 -5.870150007935306e-17
78 31 3.251753690082717e-17
80 31 6.924172013931696e-17
81 31 -1.284044450477871e-18
83 31 -4.904887901316849e-17
84 31 -5.460405354598346e-33
12 32 0.02926339003129002
18 32 0.1073418447963948
27 32 -0.03773976254819945
39 32 -0.5364563912798441
55 32 1.189887927025928
75 32 -1.057736348607767
31 33 -0.03872966507662164
43 33 -0.3924537643417025
59 33 0.9285355305323886
79 33 -0.842412168283459
0 34 6.198274487627087e-17
1 34 1.857324914070479e-17
2 34 -2.857433500868176e-16
3 34 -1.437509018487074e-19
4 34 7.572084292342682e-17
5 34 -5.804950232915198e-19
6 34 2.833096959568577e-17
7 34 1.261835570707768e-16
8 34 1.772414834134703e-16
9 34 -8.749205647794394e-17
10 34 3.582562521494261e-17
11 34 -4.999965845152855e-17
13 34 2.258871906354565e-18
14 34 -1.7192173558063e-17
15 34 6.189711120379048e-17
16 34 -5.023841940222438e-17
17 34 -5.375074605134523e-18
19 34 1.093149550176369e-16
20 34 -6.804898812420654e-32
21 34 2.126795550801118e-17
22 34 -1.9695098021825e-16
23 34 -5.230620087084205e-17
24 34 -6.379783033357117e-17
25 34 -2.559942776317975e-17
26 34 3.61210004358941e-17
28 34 -3.390173261416948e-17
29 34 1.096323248123999e-32
30 34 3.405409469934281e-32
32 34 -0.03872966507662171
33 34 -3.100531292404575e-31
34 34 2.428373811410648e-16
35 34 1.829238682458788e-16
36 34 -3.862439843014499e-17
37 34 5.603364193131536e-17
38 34 -1.284304288176101e-17
40 34 2.221281166951876e-17
41 34 -1.588999362367836e-31
42 34 -1.503871556168824e-17
44 34 -0.3924537643417026
45 34 3.660331573862271e-33
47 34 -2.204263770798517e-16
48 34 -4.866340808529126e-33
50 34 -1.76822851844266e-16
51 34 2.962423198624389e-17
52 34 5.147567285227431e-17
53 34 -3.04712714811971e-17
54 34 -5.785788659474118e-18
56 34 1.139302583570393e-16
57 34 3.474851885961299e-32
58 34 -2.049746458204737e-32
60 34 0.9285355305323885
61 34 1.094386214334337e-31
63 34 8.563072685659299e-17
64 34 -7.347335151051269e-34
70 34 2.219883624469835e-17
71 34 -8.153094072839319e-17
72 34 -4.617392997593452e-17
73 34 -1.129130874956837e-17
74 34 6.841693660569674e-18
76 34 1.034402468250574e-16
77 34 2.697649549128699e-31
78 34 1.302390971671048e-17
80 34 -0.842412168283459
81 34 -1.628672735810897e-32
83 34 -1.206665878286393e-16
84 34 4.340883689740291e-33
33 35 -0.03872966507662164
45 35 -0.3924537643417025
61 35 0.9285355305323886
81 35 -0.842412168283459
66 36 0.5562092371233439
86 36 -0.5562092371233439
67 37 0.5562092371233439
87 37 -0.5562092371233439
68 38 0.5562092371233439
88 38 -0.5562092371233439
69 39 0.5562092371233439
89 39 -0.5562092371233439
