188
0 0 0.9999999999999996
1 0 -1.38816488720203
3 0 1.031395904747244
5 0 -1.468378232555751e-17
6 0 -1.978966457834723e-18
7 0 -0.3517297298464733
9 0 2.465043912192855e-17
10 0 -1.313791531792672e-17
12 0 1.718902289509456e-16
13 0 -0.08531295634382025
15 0 1.62069368433139e-18
16 0 2.435073526062389e-18
18 0 -1.439955839317642e-34
20 0 5.113484958293666e-17
22 0 0.1426192691434366
24 0 8.490621343638174e-18
25 0 1.733504289179815e-17
27 0 -1.215447465109218e-16
29 0 1.076412817518689e-17
2 1 0.47829217355732
4 1 -0.7962893334546837
8 1 0.7238903982989623
14 1 -0.3488698969543838
23 1 0.05482878385529806
0 2 2.664121663783969e-16
1 2 -0.3517297298464733
3 2 0.8792261036427668
5 2 1.176100448473055e-16
6 2 3.088750048980132e-18
7 2 -1.165270500451343
9 2 -2.417529402467434e-17
10 2 1.232329224363973e-16
12 2 1.529315704887022e-16
13 2 0.9977988065654955
15 2 -3.781814358555314e-17
16 2 -4.051188221442839e-18
18 2 -2.05321164628127e-33
20 2 3.353153312499874e-17
22 2 -0.5357908711711797
24 2 6.535286206816684e-17
25 2 -1.023180591398278e-16
27 2 -1.081389505500698e-16
29 2 -2.508355333565865e-17
0 3 -5.36482180719383e-23
1 3 1.248245859702639e-18
3 3 1.326182436907541e-17
5 3 0.5087042296962436
6 3 1.203565806115067e-17
7 3 -3.443560510941433e-18
9 3 -0.7759665129036146
10 3 -3.605406651333152e-17
12 3 -3.489198223298376e-18
13 3 -1.240957067252422e-16
15 3 0.7052403795748794
16 3 -1.063303889220032e-17
18 3 9.603109073228213e-21
20 3 9.82657292520275e-32
22 3 5.6812527018724e-17
24 3 -0.3924537643417026
25 3 -1.841257534202908e-18
27 3 2.413549569218464e-18
29 3 -5.559708908929262e-32
0 4 -6.838634950405031e-25
1 4 -5.562415776012516e-19
3 4 4.740111642765243e-19
5 4 -2.553276798796816e-17
6 4 0.5087042296962435
7 4 1.882859177266276e-18
9 4 -9.156627312462628e-18
10 4 -0.7759665129036148
12 4 -1.407249106442026e-17
13 4 3.791272317678922e-19
15 4 8.20783344345207e-18
16 4 0.7052403795748793
18 4 3.253951373077333e-18
20 4 6.97897656475819e-34
22 4 2.471652494006386e-18
24 4 -2.350636707003673e-17
25 4 -0.3924537643417024
27 4 -8.240452517330277e-18
29 4 -2.275241265568021e-33
2 5 0.07132464662878152
4 5 -0.348869896954384
8 5 0.7934333361778712
14 5 -1.07351848164582
23 5 0.799705240236077
11 6 0.4198194058194252
17 6 -0.7271485408826215
26 6 0.5937142974572452
0 7 9.933604179142696e-34
1 7 3.218295124931882e-33
3 7 1.348113806970283e-32
5 7 1.640225820889461e-33
6 7 -4.38212168206932e-47
7 7 -3.634161495000449e-35
9 7 -9.074235872545854e-34
10 7 -2.050910376633301e-34
12 7 0.4198194058194251
13 7 -1.098203213794624e-33
15 7 3.461286366673826e-33
16 7 -3.576793005775866e-47
18 7 -0.7271485408826216
20 7 -2.063645333091734e-33
22 7 -3.035378817265561e-34
24 7 -4.10516756399192e-35
25 7 -6.829250659283482e-35
27 7 0.5937142974572454
29 7 -9.503153047628846e-35
0 8 -2.220446049250313e-16
1 8 0.1426192691434364
3 8 -0.05696153129227388
5 8 5.001904648441818e-17
6 8 6.078907927387299e-18
7 8 -0.5357908711711801
9 8 5.445342872465789e-17
10 8 1.260617651224589e-16
12 8 2.351855447403825e-17
13 8 1.194730206637331
15 8 -1.068018670129585e-16
16 8 -7.801014806625895e-18
18 8 -1.769096093842905e-33
20 8 -8.239991613109845e-18
22 8 -1.059817328192675
24 8 9.612625864829678e-17
25 8 -1.174327853589514e-16
27 8 -1.663012935229766e-17
29 8 3.814563391505993e-17
0 9 -5.525610240107876e-23
1 9 -1.406229667548431e-17
3 9 2.641906183251793e-17
5 9 -0.03872966507662153
6 9 1.799775606325937e-17
7 9 5.034020074190249e-17
9 9 -0.3924537643417027
10 9 3.469446951953614e-18
12 9 -6.18226370584302e-17
13 9 2.158781193300473e-17
15 9 0.9285355305323884
16 9 6.938893903907228e-18
18 9 -1.126689959505085e-20
20 9 -1.054147313210004e-31
22 9 7.909330716416857e-17
24 9 -0.842412168283459
25 9 3.469446951953614e-17
27 9 4.377819346665657e-17
29 9 -5.108755479438687e-32
0 10 -6.68871181413318e-25
1 10 6.526136796665067e-19
3 10 -5.561361882571802e-19
5 10 -3.050316901627778e-17
6 10 -0.03872966507662166
7 10 -2.209074494131565e-18
9 10 3.208091913780939e-17
10 10 -0.3924537643417025
12 10 1.651062615929953e-17
13 10 -4.448132235715334e-19
15 10 3.681416950240422e-18
16 10 0.9285355305323885
18 10 -3.817716025931799e-18
20 10 -8.188118783232063e-34
22 10 -2.899880061533535e-18
24 10 1.419975109378449e-17
25 10 -0.8424121682834589
27 10 9.668155429928777e-18
29 10 2.669439562583979e-33
19 11 0.5562092371233439
28 11 -0.5562092371233439
0 12 8.732999286576187e-17
1 12 -9.646847589552062e-17
3 12 1.745225725070093e-17
5 12 -1.130265272916844e-18
6 12 -2.781406582636407e-18
7 12 2.252673539961783e-17
9 12 8.197531614368102e-19
10 12 -5.250323222946932e-18
12 12 -6.773236669853005e-18
13 12 -7.508073586886511e-17
15 12 -1.151660091305046e-17
16 12 1.056098759300711e-17
18 12 4.788871278728267e-34
20 12 0.5562092371233438
22 12 3.731429736935628e-17
24 12 1.7283286914597e-18
25 12 -1.222864028104102e-17
27 12 4.789401579834447e-18
29 12 -0.5562092371233438
21 13 0.5562092371233439
30 13 -0.5562092371233439
