252
0 0 1
3 0 1.414213562373095
2 1 1
8 1 1.414213562373095
3 2 1.732050807568877
13 2 2
5 3 1
15 3 1.414213562373095
6 4 1
16 4 1.414213562373095
8 5 1.732050807568877
23 5 2
11 6 1
26 6 1.414213562373095
12 7 1
27 7 1.414213562373095
13 8 2.23606797749979
34 8 2.449489742783178
15 9 1.732050807568877
36 9 2
16 10 1.732050807568877
37 10 2
19 11 1
40 11 1.414213562373095
20 12 1
41 12 1.414213562373095
21 13 1
42 13 1.414213562373095
23 14 2.23606797749979
51 14 2.449489742783178
26 15 1.732050807568877
54 15 2
27 16 1.732050807568877
55 16 2
31 17 1
59 17 1.414213562373095
32 18 1
60 18 1.414213562373095
33 19 1
61 19 1.414213562373095
34 20 2.645751311064591
70 20 2.82842712474619
36 21 2.23606797749979
72 21 2.449489742783178
37 22 2.23606797749979
73 22 2.449489742783178
40 23 1.732050807568877
76 23 2
41 24 1.732050807568877
77 24 2
42 25 1.732050807568877
78 25 2
46 26 1
82 26 1.414213562373095
47 27 1
83 27 1.414213562373095
48 28 1
84 28 1.414213562373095
49 29 1
85 29 1.414213562373095
51 30 2.645751311064591
96 30 2.82842712474619
54 31 2.23606797749979
99 31 2.449489742783178
55 32 2.23606797749979
100 32 2.449489742783178
59 33 1.732050807568877
104 33 2
60 34 1.732050807568877
105 34 2
61 35 1.732050807568877
106 35 2
66 36 1
111 36 1.414213562373095
67 37 1
112 37 1.414213562373095
68 38 1
113 38 1.414213562373095
69 39 1
114 39 1.414213562373095
70 40 3
125 40 3.16227766016838
72 41 2.645751311064591
127 41 2.82842712474619
73 42 2.645751311064591
128 42 2.82842712474619
76 43 2.23606797749979
131 43 2.449489742783178
77 44 2.23606797749979
132 44 2.449489742783178
78 45 2.23606797749979
133 45 2.449489742783178
82 46 1.732050807568877
137 46 2
83 47 1.732050807568877
138 47 2
84 48 1.732050807568877
139 48 2
85 49 1.732050807568877
140 49 2
90 50 1
145 50 1.414213562373095
91 51 1
146 51 1.414213562373095
92 52 1
147 52 1.414213562373095
93 53 1
148 53 1.414213562373095
94 54 1
149 54 1.414213562373095
96 55 3
162 55 3.16227766016838
99 56 2.645751311064591
165 56 2.82842712474619
100 57 2.645751311064591
166 57 2.82842712474619
104 58 2.23606797749979
170 58 2.449489742783178
105 59 2.23606797749979
171 59 2.449489742783178
106 60 2.23606797749979
172 60 2.449489742783178
111 61 1.732050807568877
177 61 2
112 62 1.732050807568877
178 62 2
113 63 1.732050807568877
179 63 2
114 64 1.732050807568877
180 64 2
120 65 1
186 65 1.414213562373095
121 66 1
187 66 1.414213562373095
122 67 1
188 67 1.414213562373095
123 68 1
189 68 1.414213562373095
124 69 1
190 69 1.414213562373095
125 70 3.3166247903554
203 70 3.464101615137754
127 71 3
205 71 3.16227766016838
128 72 3
206 72 3.16227766016838
131 73 2.645751311064591
209 73 2.82842712474619
132 74 2.645751311064591
210 74 2.82842712474619
133 75 2.645751311064591
211 75 2.82842712474619
137 76 2.23606797749979
215 76 2.449489742783178
138 77 2.23606797749979
216 77 2.449489742783178
139 78 2.23606797749979
217 78 2.449489742783178
140 79 2.23606797749979
218 79 2.449489742783178
145 80 1.732050807568877
223 80 2
146 81 1.732050807568877
224 81 2
147 82 1.732050807568877
225 82 2
148 83 1.732050807568877
226 83 2
149 84 1.732050807568877
227 84 2
155 85 1
233 85 1.414213562373095
156 86 1
234 86 1.414213562373095
157 87 1
235 87 1.414213562373095
158 88 1
236 88 1.414213562373095
159 89 1
237 89 1.414213562373095
160 90 1
238 90 1.414213562373095
162 91 3.3166247903554
253 91 3.464101615137754
165 92 3
256 92 3.16227766016838
166 93 3
257 93 3.16227766016838
170 94 2.645751311064591
261 94 2.82842712474619
171 95 2.645751311064591
262 95 2.82842712474619
172 96 2.645751311064591
263 96 2.82842712474619
177 97 2.23606797749979
268 97 2.449489742783178
178 98 2.23606797749979
269 98 2.449489742783178
179 99 2.23606797749979
270 99 2.449489742783178
180 100 2.23606797749979
271 100 2.449489742783178
186 101 1.732050807568877
277 101 2
187 102 1.732050807568877
278 102 2
188 103 1.732050807568877
279 103 2
189 104 1.732050807568877
280 104 2
190 105 1.732050807568877
281 105 2
197 106 1
288 106 1.414213562373095
198 107 1
289 107 1.414213562373095
199 108 1
290 108 1.414213562373095
200 109 1
291 109 1.414213562373095
201 110 1
292 110 1.414213562373095
202 111 1
293 111 1.414213562373095
203 112 3.605551275463989
205 113 3.3166247903554
206 114 3.3166247903554
209 115 3
210 116 3
211 117 3
215 118 2.645751311064591
216 119 2.645751311064591
217 120 2.645751311064591
218 121 2.645751311064591
223 122 2.23606797749979
224 123 2.23606797749979
225 124 2.23606797749979
226 125 2.23606797749979
227 126 2.23606797749979
233 127 1.732050807568877
234 128 1.732050807568877
235 129 1.732050807568877
236 130 1.732050807568877
237 131 1.732050807568877
238 132 1.732050807568877
245 133 1
246 134 1
247 135 1
248 136 1
249 137 1
250 138 1
251 139 1
