50
0 0 1
3 0 1.414213562373095
2 1 1
8 1 1.414213562373095
3 2 1.732050807568877
13 2 2
5 3 1
15 3 1.414213562373095
6 4 1
16 4 1.414213562373095
8 5 1.732050807568877
23 5 2
11 6 1
26 6 1.414213562373095
12 7 1
27 7 1.414213562373095
13 8 2.23606797749979
34 8 2.449489742783178
15 9 1.732050807568877
36 9 2
16 10 1.732050807568877
37 10 2
19 11 1
40 11 1.414213562373095
20 12 1
41 12 1.414213562373095
21 13 1
42 13 1.414213562373095
23 14 2.23606797749979
51 14 2.449489742783178
26 15 1.732050807568877
54 15 2
27 16 1.732050807568877
55 16 2
31 17 1
59 17 1.414213562373095
32 18 1
60 18 1.414213562373095
33 19 1
61 19 1.414213562373095
34 20 2.645751311064591
36 21 2.23606797749979
37 22 2.23606797749979
40 23 1.732050807568877
41 24 1.732050807568877
42 25 1.732050807568877
46 26 1
47 27 1
48 28 1
49 29 1
