0.002500	0.500000	0.415361	-0.580055	-0.295498	-0.119290	-0.018378	0.003748	0.016732	0.002899	-0.010967	-0.004140	0.005783	
0.007500	0.500000	0.413680	-0.580975	-0.294097	-0.118035	-0.017156	0.003062	0.015723	0.003184	-0.010125	-0.004225	0.005066	
0.012500	0.500000	0.411668	-0.581771	-0.292432	-0.117094	-0.015946	0.002525	0.014700	0.003411	-0.009285	-0.004288	0.004356	
0.017500	0.500000	0.409374	-0.582443	-0.290598	-0.116334	-0.014802	0.002100	0.013709	0.003580	-0.008468	-0.004328	0.003667	
0.022500	0.500000	0.406840	-0.583011	-0.288636	-0.115696	-0.013734	0.001757	0.012769	0.003704	-0.007690	-0.004349	0.003012	
0.027500	0.500000	0.404103	-0.583495	-0.286565	-0.115149	-0.012745	0.001475	0.011888	0.003792	-0.006960	-0.004355	0.002399	
0.032500	0.500000	0.401193	-0.583913	-0.284398	-0.114673	-0.011830	0.001239	0.011068	0.003854	-0.006281	-0.004349	0.001832	
0.037500	0.500000	0.398132	-0.584278	-0.282146	-0.114253	-0.010986	0.001039	0.010308	0.003896	-0.005655	-0.004334	0.001313	
0.042500	0.500000	0.394938	-0.584598	-0.279816	-0.113880	-0.010208	0.000868	0.009606	0.003922	-0.005081	-0.004313	0.000841	
0.047500	0.500000	0.391628	-0.584883	-0.277415	-0.113547	-0.009491	0.000721	0.008959	0.003935	-0.004556	-0.004286	0.000415	
0.052500	0.500000	0.388215	-0.585137	-0.274950	-0.113248	-0.008832	0.000594	0.008364	0.003937	-0.004077	-0.004256	0.000031	
0.057500	0.500000	0.384708	-0.585365	-0.272426	-0.112978	-0.008226	0.000484	0.007816	0.003931	-0.003641	-0.004222	-0.000313	
0.062500	0.500000	0.381117	-0.585571	-0.269849	-0.112733	-0.007668	0.000389	0.007312	0.003918	-0.003245	-0.004185	-0.000620	
0.067500	0.500000	0.377451	-0.585757	-0.267223	-0.112512	-0.007154	0.000307	0.006849	0.003899	-0.002887	-0.004146	-0.000893	
0.072500	0.500000	0.373717	-0.585925	-0.264552	-0.112311	-0.006681	0.000236	0.006423	0.003874	-0.002561	-0.004106	-0.001135	
0.077500	0.500000	0.369921	-0.586079	-0.261841	-0.112128	-0.006246	0.000175	0.006032	0.003845	-0.002267	-0.004064	-0.001348	
0.082500	0.500000	0.366068	-0.586218	-0.259093	-0.111961	-0.005845	0.000123	0.005671	0.003812	-0.002001	-0.004021	-0.001536	
0.087500	0.500000	0.362164	-0.586345	-0.256311	-0.111809	-0.005476	0.000079	0.005340	0.003776	-0.001761	-0.003977	-0.001700	
0.092500	0.500000	0.358214	-0.586460	-0.253498	-0.111670	-0.005135	0.000042	0.005035	0.003737	-0.001544	-0.003932	-0.001843	
0.097500	0.500000	0.354221	-0.586566	-0.250656	-0.111544	-0.004821	0.000010	0.004753	0.003696	-0.001348	-0.003887	-0.001966	
0.102500	0.500000	0.350189	-0.586662	-0.247789	-0.111428	-0.004530	-0.000015	0.004494	0.003653	-0.001172	-0.003841	-0.002072	
0.107500	0.500000	0.346121	-0.586750	-0.244898	-0.111323	-0.004262	-0.000036	0.004254	0.003608	-0.001014	-0.003795	-0.002162	
0.112500	0.500000	0.342021	-0.586830	-0.241986	-0.111226	-0.004013	-0.000052	0.004032	0.003562	-0.000871	-0.003749	-0.002238	
0.117500	0.500000	0.337891	-0.586904	-0.239054	-0.111138	-0.003783	-0.000064	0.003828	0.003515	-0.000743	-0.003703	-0.002300	
0.122500	0.500000	0.333734	-0.586971	-0.236104	-0.111057	-0.003570	-0.000073	0.003638	0.003467	-0.000628	-0.003657	-0.002351	
0.127500	0.500000	0.329553	-0.587032	-0.233137	-0.110983	-0.003372	-0.000079	0.003462	0.003418	-0.000525	-0.003612	-0.002392	
0.132500	0.500000	0.325348	-0.587089	-0.230155	-0.110915	-0.003189	-0.000082	0.003299	0.003369	-0.000432	-0.003566	-0.002423	
0.137500	0.500000	0.321123	-0.587140	-0.227159	-0.110853	-0.003018	-0.000082	0.003148	0.003319	-0.000350	-0.003521	-0.002445	
0.142500	0.500000	0.316879	-0.587188	-0.224150	-0.110796	-0.002860	-0.000081	0.003007	0.003269	-0.000276	-0.003476	-0.002460	
0.147500	0.500000	0.312618	-0.587231	-0.221130	-0.110744	-0.002712	-0.000077	0.002875	0.003220	-0.000211	-0.003432	-0.002468	
0.152500	0.500000	0.308340	-0.587271	-0.218099	-0.110696	-0.002574	-0.000072	0.002753	0.003170	-0.000153	-0.003388	-0.002470	
0.157500	0.500000	0.304048	-0.587307	-0.215058	-0.110653	-0.002446	-0.000066	0.002638	0.003121	-0.000101	-0.003345	-0.002466	
0.162500	0.500000	0.299742	-0.587341	-0.212008	-0.110612	-0.002326	-0.000058	0.002531	0.003071	-0.000055	-0.003302	-0.002458	
0.167500	0.500000	0.295424	-0.587371	-0.208950	-0.110575	-0.002213	-0.000049	0.002431	0.003023	-0.000015	-0.003260	-0.002444	
0.172500	0.500000	0.291094	-0.587400	-0.205884	-0.110541	-0.002108	-0.000039	0.002336	0.002974	0.000021	-0.003218	-0.002427	
0.177500	0.500000	0.286754	-0.587426	-0.202811	-0.110510	-0.002010	-0.000028	0.002248	0.002926	0.000052	-0.003177	-0.002407	
0.182500	0.500000	0.282404	-0.587450	-0.199732	-0.110481	-0.001917	-0.000017	0.002165	0.002879	0.000079	-0.003137	-0.002383	
0.187500	0.500000	0.278046	-0.587472	-0.196647	-0.110455	-0.001830	-0.000005	0.002086	0.002832	0.000103	-0.003097	-0.002357	
0.192500	0.500000	0.273679	-0.587492	-0.193556	-0.110430	-0.001748	0.000007	0.002012	0.002786	0.000123	-0.003059	-0.002328	
0.197500	0.500000	0.269305	-0.587511	-0.190460	-0.110407	-0.001671	0.000020	0.001941	0.002741	0.000141	-0.003020	-0.002298	
0.202500	0.500000	0.264924	-0.587528	-0.187360	-0.110387	-0.001599	0.000033	0.001875	0.002696	0.000156	-0.002983	-0.002265	
0.207500	0.500000	0.260536	-0.587544	-0.184255	-0.110367	-0.001530	0.000046	0.001812	0.002652	0.000168	-0.002946	-0.002231	
0.212500	0.500000	0.256143	-0.587559	-0.181146	-0.110350	-0.001465	0.000060	0.001751	0.002609	0.000179	-0.002910	-0.002195	
0.217500	0.500000	0.251744	-0.587572	-0.178034	-0.110333	-0.001404	0.000073	0.001694	0.002567	0.000187	-0.002875	-0.002158	
0.222500	0.500000	0.247340	-0.587585	-0.174918	-0.110318	-0.001346	0.000087	0.001639	0.002525	0.000194	-0.002840	-0.002120	
0.227500	0.500000	0.242931	-0.587597	-0.171799	-0.110304	-0.001290	0.000100	0.001587	0.002485	0.000200	-0.002806	-0.002081	
0.232500	0.500000	0.238518	-0.587607	-0.168677	-0.110291	-0.001238	0.000114	0.001537	0.002445	0.000204	-0.002773	-0.002041	
0.237500	0.500000	0.234101	-0.587617	-0.165552	-0.110279	-0.001188	0.000127	0.001489	0.002406	0.000207	-0.002741	-0.002001	
0.242500	0.500000	0.229680	-0.587627	-0.162425	-0.110267	-0.001141	0.000140	0.001443	0.002367	0.000208	-0.002709	-0.001960	
0.247500	0.500000	0.225256	-0.587635	-0.159295	-0.110257	-0.001095	0.000154	0.001398	0.002330	0.000209	-0.002678	-0.001919	
0.252500	0.500000	0.220828	-0.587644	-0.156163	-0.110247	-0.001052	0.000167	0.001355	0.002293	0.000209	-0.002648	-0.001878	
0.257500	0.500000	0.216398	-0.587651	-0.153029	-0.110238	-0.001011	0.000179	0.001314	0.002258	0.000209	-0.002618	-0.001836	
0.262500	0.500000	0.211964	-0.587658	-0.149894	-0.110230	-0.000972	0.000192	0.001274	0.002223	0.000207	-0.002589	-0.001794	
0.267500	0.500000	0.207528	-0.587665	-0.146756	-0.110222	-0.000934	0.000204	0.001235	0.002189	0.000205	-0.002561	-0.001752	
0.272500	0.500000	0.203090	-0.587671	-0.143617	-0.110214	-0.000898	0.000216	0.001197	0.002156	0.000203	-0.002534	-0.001710	
0.277500	0.500000	0.198649	-0.587676	-0.140476	-0.110207	-0.000863	0.000228	0.001161	0.002124	0.000200	-0.002507	-0.001668	
0.282500	0.500000	0.194207	-0.587682	-0.137334	-0.110201	-0.000829	0.000240	0.001125	0.002092	0.000197	-0.002481	-0.001626	
0.287500	0.500000	0.189762	-0.587687	-0.134191	-0.110195	-0.000797	0.000251	0.001091	0.002062	0.000193	-0.002456	-0.001584	
0.292500	0.500000	0.185315	-0.587691	-0.131046	-0.110189	-0.000767	0.000262	0.001057	0.002032	0.000189	-0.002431	-0.001542	
0.297500	0.500000	0.180867	-0.587696	-0.127900	-0.110184	-0.000737	0.000273	0.001024	0.002003	0.000185	-0.002407	-0.001501	
0.302500	0.500000	0.176417	-0.587700	-0.124753	-0.110179	-0.000708	0.000283	0.000992	0.001975	0.000181	-0.002384	-0.001459	
0.307500	0.500000	0.171966	-0.587704	-0.121605	-0.110174	-0.000680	0.000294	0.000961	0.001948	0.000176	-0.002362	-0.001418	
0.312500	0.500000	0.167513	-0.587707	-0.118456	-0.110170	-0.000654	0.000304	0.000930	0.001921	0.000172	-0.002340	-0.001377	
0.317500	0.500000	0.163058	-0.587711	-0.115306	-0.110166	-0.000628	0.000313	0.000900	0.001896	0.000167	-0.002318	-0.001336	
0.322500	0.500000	0.158603	-0.587714	-0.112155	-0.110162	-0.000603	0.000323	0.000870	0.001871	0.000162	-0.002298	-0.001296	
0.327500	0.500000	0.154146	-0.587717	-0.109003	-0.110158	-0.000579	0.000332	0.000841	0.001847	0.000157	-0.002278	-0.001255	
0.332500	0.500000	0.149688	-0.587720	-0.105850	-0.110155	-0.000555	0.000340	0.000812	0.001824	0.000152	-0.002259	-0.001215	
0.337500	0.500000	0.145229	-0.587722	-0.102697	-0.110152	-0.000532	0.000349	0.000784	0.001801	0.000147	-0.002240	-0.001176	
0.342500	0.500000	0.140769	-0.587725	-0.099543	-0.110149	-0.000510	0.000357	0.000756	0.001780	0.000142	-0.002222	-0.001136	
0.347500	0.500000	0.136308	-0.587727	-0.096389	-0.110146	-0.000489	0.000365	0.000729	0.001759	0.000137	-0.002204	-0.001097	
0.352500	0.500000	0.131846	-0.587730	-0.093233	-0.110143	-0.000468	0.000373	0.000702	0.001738	0.000132	-0.002188	-0.001058	
0.357500	0.500000	0.127384	-0.587732	-0.090078	-0.110140	-0.000447	0.000380	0.000676	0.001719	0.000127	-0.002171	-0.001019	
0.362500	0.500000	0.122920	-0.587734	-0.086921	-0.110138	-0.000428	0.000387	0.000649	0.001700	0.000122	-0.002156	-0.000981	
0.367500	0.500000	0.118456	-0.587736	-0.083764	-0.110136	-0.000408	0.000394	0.000623	0.001682	0.000117	-0.002141	-0.000942	
0.372500	0.500000	0.113991	-0.587737	-0.080607	-0.110134	-0.000389	0.000400	0.000598	0.001665	0.000112	-0.002126	-0.000905	
0.377500	0.500000	0.109526	-0.587739	-0.077449	-0.110132	-0.000371	0.000406	0.000572	0.001648	0.000107	-0.002113	-0.000867	
0.382500	0.500000	0.105060	-0.587741	-0.074291	-0.110130	-0.000353	0.000412	0.000547	0.001633	0.000102	-0.002099	-0.000829	
0.387500	0.500000	0.100593	-0.587742	-0.071133	-0.110128	-0.000335	0.000418	0.000522	0.001617	0.000098	-0.002087	-0.000792	
0.392500	0.500000	0.096126	-0.587743	-0.067974	-0.110126	-0.000318	0.000423	0.000498	0.001603	0.000093	-0.002075	-0.000755	
0.397500	0.500000	0.091658	-0.587745	-0.064814	-0.110125	-0.000301	0.000428	0.000473	0.001589	0.000088	-0.002063	-0.000719	
0.402500	0.500000	0.087190	-0.587746	-0.061655	-0.110123	-0.000284	0.000433	0.000449	0.001576	0.000083	-0.002052	-0.000682	
0.407500	0.500000	0.082721	-0.587747	-0.058495	-0.110122	-0.000268	0.000438	0.000425	0.001564	0.000079	-0.002042	-0.000646	
0.412500	0.500000	0.078252	-0.587748	-0.055334	-0.110120	-0.000252	0.000442	0.000401	0.001552	0.000074	-0.002032	-0.000610	
0.417500	0.500000	0.073782	-0.587749	-0.052174	-0.110119	-0.000236	0.000446	0.000378	0.001541	0.000070	-0.002023	-0.000574	
0.422500	0.500000	0.069313	-0.587750	-0.049013	-0.110118	-0.000221	0.000450	0.000354	0.001531	0.000065	-0.002014	-0.000538	
0.427500	0.500000	0.064842	-0.587751	-0.045852	-0.110117	-0.000206	0.000454	0.000330	0.001521	0.000061	-0.002006	-0.000503	
0.432500	0.500000	0.060372	-0.587752	-0.042691	-0.110116	-0.000190	0.000457	0.000307	0.001512	0.000056	-0.001999	-0.000467	
0.437500	0.500000	0.055901	-0.587752	-0.039529	-0.110115	-0.000176	0.000460	0.000284	0.001504	0.000052	-0.001992	-0.000432	
0.442500	0.500000	0.051430	-0.587753	-0.036367	-0.110114	-0.000161	0.000463	0.000261	0.001496	0.000048	-0.001985	-0.000397	
0.447500	0.500000	0.046958	-0.587754	-0.033206	-0.110114	-0.000146	0.000466	0.000238	0.001489	0.000043	-0.001979	-0.000362	
0.452500	0.500000	0.042487	-0.587754	-0.030044	-0.110113	-0.000132	0.000468	0.000215	0.001483	0.000039	-0.001974	-0.000327	
0.457500	0.500000	0.038015	-0.587755	-0.026882	-0.110112	-0.000118	0.000470	0.000192	0.001477	0.000035	-0.001969	-0.000292	
0.462500	0.500000	0.033543	-0.587755	-0.023719	-0.110112	-0.000104	0.000472	0.000169	0.001472	0.000031	-0.001965	-0.000258	
0.467500	0.500000	0.029071	-0.587755	-0.020557	-0.110111	-0.000090	0.000474	0.000147	0.001468	0.000027	-0.001961	-0.000223	
0.472500	0.500000	0.024599	-0.587756	-0.017394	-0.110111	-0.000076	0.000475	0.000124	0.001464	0.000022	-0.001958	-0.000189	
0.477500	0.500000	0.020126	-0.587756	-0.014232	-0.110111	-0.000062	0.000476	0.000101	0.001461	0.000018	-0.001955	-0.000154	
0.482500	0.500000	0.015654	-0.587756	-0.011069	-0.110110	-0.000048	0.000477	0.000079	0.001458	0.000014	-0.001953	-0.000120	
0.487500	0.500000	0.011181	-0.587756	-0.007907	-0.110110	-0.000034	0.000478	0.000056	0.001456	0.000010	-0.001952	-0.000086	
0.492500	0.500000	0.006709	-0.587757	-0.004744	-0.110110	-0.000021	0.000478	0.000034	0.001455	0.000006	-0.001951	-0.000051	
0.497500	0.500000	0.002236	-0.587757	-0.001581	-0.110110	-0.000007	0.000478	0.000011	0.001454	0.000002	-0.001950	-0.000017	
