74
0 1 1
1 2 -0.9213177319235611
2 2 0.4120258154914019
3 2 -0.2860963362053374
4 2 0.2247785104482447
5 2 -0.1875281630064065
6 2 0.1621541080548466
7 2 -0.1436011054356445
8 2 0.1293625686330428
1 3 1
1 4 -0.5319230405352436
2 4 -0.7136496464611083
3 4 0.2752963278705284
4 4 -0.1816863069214715
5 4 0.1392035597902079
6 4 -0.1144240996991487
7 4 0.09798234358450278
8 4 -0.08617790056539897
2 5 1
1 6 0.145673124078944
2 6 -0.5863230142835041
3 6 -0.6785370394786203
4 6 0.2487842217267428
5 6 -0.1601143525424437
6 6 0.1208687024457835
7 6 -0.09838975633382716
8 6 0.08367552835572577
3 7 1
1 8 -0.07786556010920259
2 8 0.1741126855102728
3 8 -0.6044888395154534
4 8 -0.664903800669054
5 8 0.2377353372694307
6 8 -0.1507497577786843
7 8 0.1126961505824561
8 8 -0.09110943773567112
4 9 1
1 10 0.05129844192288107
2 10 -0.0963537147546852
3 10 0.1858462620992471
4 10 -0.6132613768799002
5 10 -0.6578120028197539
6 10 0.2317352874371763
7 10 -0.1455204120776706
8 10 0.1080425023432635
5 11 1
1 12 -0.03750563260128147
2 12 0.06469596825603253
3 12 -0.1048194486249433
4 12 0.1921591853557504
5 12 -0.6183560061560837
6 12 -0.6535069573563999
7 12 0.2279866700536971
8 12 -0.1421868587693757
6 13 1
0 14 3.469446951953614e-18
1 14 0.02919107576347435
2 14 -0.04786703514521518
3 14 0.07122256594386324
4 14 -0.1096771559230301
5 14 0.1960744970014964
6 14 -0.6216615348195915
7 14 -0.6506306090328084
8 14 0.2254301448993422
7 15 1
1 16 -0.02368803910834222
2 16 0.037559173859948
3 16 -0.0531254748603206
4 16 0.07513076705497634
5 16 -0.1128241417089862
6 16 0.1987295366815384
7 16 -0.6239706604403663
8 16 -0.6485790605753027
8 17 1
