25
0 1 1
1 2 -0.9213177319235611
2 2 0.4120258154914019
3 2 -0.2860963362053374
4 2 0.2247785104482447
1 3 1
1 4 -0.5319230405352436
2 4 -0.7136496464611083
3 4 0.2752963278705284
4 4 -0.1816863069214715
2 5 1
1 6 0.1456731240789441
2 6 -0.5863230142835041
3 6 -0.6785370394786203
4 6 0.2487842217267428
3 7 1
1 8 -0.07786556010920256
2 8 0.1741126855102727
3 8 -0.6044888395154533
4 8 -0.664903800669054
4 9 1
1 10 0.4103875353830481
2 10 -0.6240050098398647
3 10 0.8750703998273098
4 10 -1.525894429983617
