882
0 0 1
1 0 -1.421353410912543
2 0 1.057373722287118
3 0 -0.3261549537615112
4 0 -0.1001058303602924
5 0 0.07333915404961272
6 0 0.05424612539622135
7 0 -0.03429854833101483
8 0 -0.03583315890180388
9 0 0.02052995630607743
10 0 0.02612111238350951
11 0 -0.01400658310872932
12 0 -0.02020086991655925
13 0 0.01039128761250301
14 0 0.0162500755979562
15 0 -0.008186664962658557
16 0 -0.01344472970936825
17 0 0.006757634722350557
18 0 0.01136098904675588
19 0 -0.005796132487957875
20 0 -0.009760069474075227
21 0 0.005138190288825948
22 0 0.008498141885104978
23 0 -0.004690867423242354
24 0 -0.007484205887554401
25 0 0.004399693027292
26 0 0.00665874777076869
27 0 -0.004233143921533948
28 0 -0.00598235015557217
29 0 0.004175292907820376
30 0 0.005429597833884928
31 0 -0.004223316090774035
32 0 -0.00498634995401822
33 0 0.004389557533926889
34 0 0.00465017199629373
35 0 -0.00471181199691906
36 0 -0.004436282097623851
37 0 0.005288897134238558
38 0 0.004400438260255848
39 0 -0.006442138116946282
40 0 -0.004748320448623982
41 0 0.01053909761633751
0 1 -8.906060174171087e-17
1 1 -0.3261549537614949
2 1 0.8663255854805418
3 1 -1.196637368139897
4 1 0.999836294948901
5 1 -0.4462531628950068
6 1 0.0001247517050580363
7 1 0.09660559258472853
8 1 -0.0001005219429962439
9 1 -0.04408018156754193
10 1 8.08283251719552e-05
11 1 0.02583062768431198
12 1 -6.248314529699865e-05
13 1 -0.01724364806019032
14 1 4.397657592388982e-05
15 1 0.01248490283081557
16 1 -2.434378428582016e-05
17 1 -0.009561741039902358
18 1 2.798215744642508e-06
19 1 0.007635382641132665
20 1 2.143245413681024e-05
21 1 -0.006300590780458413
22 1 -4.921138102272426e-05
23 1 0.005341454701665868
24 1 8.159157512368033e-05
25 1 -0.004634342872703348
26 1 -0.0001199422607185962
27 1 0.004104666402684629
28 1 0.0001661428117018645
29 1 -0.0037059757031989
30 1 -0.0002229175580981308
31 1 0.003409431037783577
32 1 0.0002944745513230544
33 1 -0.003198921066244318
34 1 -0.0003878684457960416
35 1 0.003070764403937372
36 1 0.0005163696167481365
37 1 -0.003041977529919476
38 1 -0.0007098185116371458
39 1 0.003196946240759486
40 1 0.001060921627436354
41 1 -0.004250182423113765
0 2 -6.586860950271876e-17
1 2 0.07333915404958938
2 2 -0.0003648622106035547
3 2 -0.4462531628950054
4 2 1.118234642581177
5 2 -1.495772703047261
6 2 1.224590368429777
7 2 -0.5389299182502517
8 2 0.0001261803528318509
9 2 0.1145923368930514
10 2 -0.0001033662257925197
11 2 -0.05172525600084017
12 2 8.220793356547554e-05
13 2 0.0301002949318199
14 2 -6.087937483290648e-05
15 2 -0.02000258945543559
16 2 3.821026118345663e-05
17 2 0.01444115634156405
18 2 -1.324201479965541e-05
19 2 -0.01104321331869015
20 2 -1.497163699899533e-05
21 2 0.008815305026144745
22 2 4.749332649055172e-05
23 2 -0.007279768837753695
24 2 -8.562427825582747e-05
25 2 0.006183323968085419
26 2 0.0001310609655267075
27 2 -0.005381799266162137
28 2 -0.0001861357852853676
29 2 0.004789089237864084
30 2 0.0002542322497349132
31 2 -0.004352836946713966
32 2 -0.0003405759902227965
33 2 0.004042918404573885
34 2 0.0004539196678182448
35 2 -0.003848200622274337
36 2 -0.0006107012847454846
37 2 0.003785029262908173
38 2 0.000847803997041576
39 2 -0.003953123763043383
40 2 -0.001279526549400993
41 2 0.00522052495117676
0 3 5.20432600057304e-17
1 3 -0.03429854833097874
2 3 0.0004287574857012792
3 3 0.09660559258472338
4 3 -0.0002377320102918353
5 3 -0.5389299182502486
6 3 1.323060546377196
7 3 -1.745035360223035
8 3 1.414060635079992
9 3 -0.6174595506547892
10 3 0.0001274367178152955
11 3 0.1298582395580911
12 3 -0.0001039172008354292
13 3 -0.05819995820287933
14 3 8.023323347382407e-05
15 3 0.03370864591799463
16 3 -5.501201066724553e-05
17 3 -0.02233304237091852
18 3 2.712323439176172e-05
19 3 0.01609688777082433
20 3 4.555525001682514e-06
21 3 -0.01230350998929514
22 3 -4.129159655349316e-05
23 3 0.009827874160400657
24 3 8.464371635086014e-05
25 3 -0.008130983061335868
26 3 -0.0001366507900665461
27 3 0.006928268013998978
28 3 0.0002001222965776565
29 3 -0.006058905887580706
30 3 -0.0002791389455655425
31 3 0.00542842893915963
32 3 0.0003800050587797378
33 3 -0.004982283516814359
34 3 -0.0005132735539074987
35 3 0.004695791868947068
36 3 0.0006987341037291136
37 3 -0.004580969474210086
38 3 -0.0009806920040618518
39 3 0.004750786154537313
40 3 0.001496074113442946
41 3 -0.006227858168930204
0 4 -2.627877208026865e-17
1 4 0.02052995630611816
2 4 -0.0004952367871906024
3 4 -0.04408018156756679
4 4 0.0002768091583126568
5 4 0.1145923368930858
6 4 -0.0002173749299341285
7 4 -0.6174595506548335
8 4 1.500181979912249
9 4 -1.963121181046815
10 4 1.580984760967479
11 4 -0.6869302891120999
12 4 0.0001284719383992003
13 4 0.1434164567330324
14 4 -0.0001027338151290542
15 4 -0.06396160885359319
16 4 7.527174243451078e-05
17 4 0.03692715071751596
18 4 -4.477507858995734e-05
19 4 -0.02442028113878454
20 4 9.93378983427185e-06
21 4 0.01759000229936601
22 4 3.074037749978423e-05
23 4 -0.01345185153624085
24 4 -7.908730882459732e-05
25 4 0.01076403403846356
26 4 0.0001375233594244112
27 4 -0.008933474653498185
28 4 -0.0002093879028112222
29 4 0.007648616006065681
30 4 0.0002995404826359749
31 4 -0.006735370555461597
32 4 -0.0004154949946143902
33 4 0.006094966194871442
34 4 0.0005698263733986609
35 4 -0.005678244366574298
36 4 -0.000786086531083172
37 4 0.005486841058924376
38 4 0.001116887295258301
39 4 -0.005644595172654052
40 4 -0.001724353384118039
41 4 0.007339149134431026
0 5 -2.582217177219516e-17
1 5 -0.01400658310874987
2 5 0.0005663117304267388
3 5 0.0258306276843221
4 5 -0.0003190547414710435
5 5 -0.05172525600085762
6 5 0.0002529207972809289
7 5 0.1298582395581154
8 5 -0.0002142003348698357
9 5 -0.6869302891120656
10 5 1.658496452468976
11 5 -2.159376026203205
12 5 1.731894194532708
13 5 -0.7499424785435218
14 5 0.0001290750971699194
15 5 0.1557703985854619
16 5 -9.963666819492861e-05
17 5 -0.06923307065948116
18 5 6.679299402815943e-05
19 5 0.03988772978754122
20 5 -2.90293142780857e-05
21 5 -0.02635552393102372
22 5 -1.538705317257773e-05
23 5 0.01899037219172364
24 5 6.861093711134559e-05
25 5 -0.01454615567707652
26 5 -0.0001334860718619089
27 5 0.01167525520510665
28 5 0.0002139572615106111
29 5 -0.009736258238662197
30 5 -0.0003157804118180013
31 5 0.008394755700927072
32 5 0.0004478690330359703
33 5 -0.007468127969380911
34 5 -0.0006251453947165895
35 5 0.006862054641492837
36 5 0.0008755322162433971
37 5 -0.006556846310505202
38 5 -0.001261273285677064
39 5 0.006682950083662054
40 5 0.001973579457763182
41 5 -0.008609678473671858
0 6 1.001647769110266e-16
1 6 0.01039128761196757
2 6 -0.0006436116130443898
3 6 -0.01724364805998226
4 6 0.0003654612354499168
5 6 0.03010029493157268
6 6 -0.0002923908461751015
7 6 -0.05819995820259072
8 6 0.0002504028683743333
9 6 0.143416456732621
10 6 -0.0002181985972996986
11 6 -0.7499424785430877
12 6 1.802964774640946
13 6 -2.339249052628146
14 6 1.870668631558341
15 6 -0.8080471513907282
16 6 0.0001289249269940315
17 6 0.1672188058802047
18 6 -9.400981555985823e-05
19 6 -0.07414688248461095
20 6 5.357546147304503e-05
21 6 0.04267047644935972
22 6 -5.615104435644494e-06
23 6 -0.0281965616804165
24 6 -5.238405060766215e-05
25 6 0.02034526639224777
26 6 0.0001237574451009552
27 6 -0.01562923998635722
28 6 -0.0002131539018472591
29 6 0.01260407170579786
30 6 0.0003273811107747708
31 6 -0.01058563913889728
32 6 -0.0004770067383327321
33 6 0.009222486893731693
34 6 0.0006797411759860341
35 6 -0.008333740122646656
36 6 -0.0009687111740740472
37 6 0.007857453348781462
38 6 0.001417620017216712
39 6 -0.007922044654601133
40 6 -0.00225214814552349
41 6 0.01010022744980385
0 7 -1.089946357407524e-16
1 7 -0.008186664962234204
2 7 0.0007287380003165323
3 7 0.01248490283066545
4 7 -0.0004170391969785382
5 7 -0.02000258945525959
6 7 0.0003366952220366183
7 7 0.03370864591779701
8 7 -0.0002914787372404162
9 7 -0.06396160885327778
10 7 0.0002573985124537669
11 7 0.1557703985851457
12 7 -0.0002269825424580099
13 7 -0.8080471513909614
14 7 1.936688353028152
15 7 -2.506239882724079
16 7 1.999835820630589
17 7 -0.8622627970426769
18 7 0.0001275323312261448
19 7 0.1779606336661686
20 7 -8.474617787015799e-05
21 7 -0.07879409049171723
22 7 3.350468728678979e-05
23 7 0.04533369715904391
24 7 2.911522990035633e-05
25 7 -0.02998922945301543
26 7 -0.0001070205020366069
27 7 0.02169646228497784
28 7 0.0002056885561586094
29 7 -0.01674392797485727
30 7 -0.0003331787739869663
31 7 0.01359909615957234
32 7 0.0005020457591580666
33 7 -0.01154269820159153
34 7 -0.0007333727578492734
35 7 0.01021854892123937
36 7 0.001066608787269455
37 7 -0.009480158293079494
38 7 -0.001589390405267484
39 7 0.009435814576698995
40 7 0.002569173387549869
41 7 -0.01188744926170224
0 8 1.268266432058766e-16
1 8 0.006757634722009986
2 8 -0.0008234601273612527
3 8 -0.009561741039812921
4 8 0.0004749307421528254
5 8 0.0144411563414626
6 8 -0.0003868857682653641
7 8 -0.022333042370816
8 8 0.0003384806802679503
9 8 0.0369271507173085
10 8 -0.0003027498502754493
11 8 -0.06923307065930286
12 8 0.0002713075552743014
13 8 0.1672188058807013
14 8 -0.0002401709739676564
15 8 -0.8622627970429354
16 8 2.061759554688166
17 8 -2.662749841371345
18 8 2.121151526833387
19 8 -0.9133053663530212
20 8 0.0001241228246304149
21 8 0.1881412198644082
22 8 -6.999376015965451e-05
23 8 -0.08324620554435799
24 8 3.034246012991319e-06
25 8 0.04792834580695747
26 8 8.13310297890257e-05
27 8 -0.03177901694144292
28 8 -0.0001895631529478321
29 8 0.0230912804717943
30 8 0.0003312276280320238
31 8 -0.01794538582425716
32 8 -0.0005212982447961497
33 8 0.01473145108387517
34 8 0.0007850044073370726
35 8 -0.01271028003650979
36 8 -0.00116961868763635
37 8 0.01155954396282233
38 8 0.001780066014181994
39 8 -0.0113283548546626
40 8 -0.002935529594154815
41 8 0.01407523685972278
0 9 -2.434104217746833e-16
1 9 -0.005796132488341091
2 9 0.0009298773062095456
3 9 0.007635382641349239
4 9 -0.0005405098920459977
5 9 -0.01104321331897053
6 9 0.0004442449713298926
7 9 0.01609688777117528
8 9 -0.0003927092286483295
9 9 -0.0244202811390907
10 9 0.0003556202966027382
11 9 0.03988772978800532
12 9 -0.0003235797246891132
13 9 -0.07414688248598696
14 9 0.0002921302228924381
15 9 0.1779606336673769
16 9 -0.0002583603911590335
17 9 -0.913305366354076
18 9 2.179669259305184
19 9 -2.810506549043559
20 9 2.235894149085366
21 9 -0.9617063420084864
22 9 0.0001174212407918924
23 9 0.1978770536975449
24 9 -4.66272131189557e-05
25 9 -0.08756838547605134
26 9 -4.391296717925403e-05
27 9 0.05050844628498893
28 9 0.0001618349279593308
29 9 -0.03362166381762919
30 9 -0.0003185324724803184
31 9 0.0245955627984591
32 9 0.0005319599767267373
33 9 -0.0193198196492681
34 9 -0.0008325202152233351
35 9 0.01612697748932099
36 9 0.001277341766250433
37 9 -0.01430429326709557
38 9 -0.001993244794460286
39 9 0.01375355537048182
40 9 0.003364890785387922
41 9 -0.016811275658568
0 10 1.493270145382123e-16
1 10 0.005138190289203022
2 10 -0.001050604379546784
3 10 -0.006300590780689902
4 10 0.0006155019135104918
5 10 0.008815305026448271
6 10 -0.0005103960835773043
7 10 -0.01230350998968263
8 10 0.0004558238044665849
9 10 0.01759000229968831
10 10 -0.0004177694717728072
11 10 -0.02635552393152911
12 10 0.0003857038561859314
13 10 0.04267047645097354
14 10 -0.0003546470335908457
15 10 -0.07879409049309631
16 10 0.0003213471520854084
17 10 0.1881412198655579
18 10 -0.0002830186672462902
19 10 -0.9617063420083243
20 10 2.291524584863064
21 10 -2.950795744127851
22 10 2.345028881273646
23 10 -1.007880883168782
24 10 0.0001052408750778484
25 10 0.2072725609719109
26 10 -9.186018175581904e-06
27 10 -0.09183103547513514
28 10 -0.0001182080737818042
29 10 0.05314319355004847
30 10 0.0002905694155255187
31 10 -0.03559879333819654
32 10 -0.0005295632684679915
33 10 0.02631708119234386
34 10 0.0008721404904054994
35 10 -0.02102536136537185
36 10 -0.001388072825816899
37 10 0.01805581725842086
38 10 0.00223251355733578
39 10 -0.01694953440202912
40 10 -0.003875019534597689
41 10 0.0203142193790185
0 11 -4.230994467489059e-18
1 11 -0.004690867423778731
2 11 0.001189027011895987
3 11 0.005341454701979457
4 11 -0.0007021506369843577
5 11 -0.007279768838162999
6 11 0.0005874601615894707
7 11 0.009827874160934842
8 11 -0.0005300036472468859
9 11 -0.01345185153672741
10 11 0.0004915209425850033
11 11 0.01899037219241652
12 11 -0.0004602106682238971
13 11 -0.0281965616824859
14 11 0.0004305165474555006
15 11 0.04533369716084817
16 11 -0.0003988199262133221
17 11 -0.08324620554582735
18 11 0.0003620123367334354
19 11 0.1978770536973942
20 11 -0.0003168023826033878
21 11 -1.007880883168838
22 11 2.398174958973339
23 11 -3.084595270735656
24 11 2.449305812634547
25 11 -1.052172738847491
26 11 8.36526940816849e-05
27 11 0.2164359434943927
28 11 5.235968590527199e-05
29 11 -0.09612526872229246
30 11 -0.0002404759162949654
31 11 0.055937323415039
32 11 0.0005070222576819827
33 11 -0.03784895151641617
34 11 -0.0008973522786264767
35 11 0.02845976197655736
36 11 0.00149776162796599
37 11 -0.02340854194976255
38 11 -0.002500932321361162
39 11 0.02130362909052242
40 11 0.00448949495834487
41 11 -0.02492155122339628
0 12 4.341836830027778e-18
1 12 0.004399693027950504
2 12 -0.001349692306685744
3 12 -0.004634342873100721
4 12 0.0008034760712876054
5 12 0.006183323968580362
6 12 -0.000678299188166736
7 12 -0.008130983061977107
8 12 0.0006181981673909853
9 12 0.01076403403908151
10 12 -0.0005800309834777183
11 12 -0.01454615567800406
12 12 0.0005505530969088
13 12 0.02034526639480431
14 12 -0.0005235730122193131
15 12 -0.02998922945523885
16 12 0.0004950833912201037
17 12 0.04792834580882625
18 12 -0.0004616421406113234
19 12 -0.08756838547576747
20 12 0.0004195762669342706
21 12 0.2072725609718235
22 12 -0.0003643715116147418
23 12 -1.052172738847286
24 12 2.500289979947157
25 12 -3.212653192863393
26 12 2.549321931327985
27 12 -1.094890658573947
28 12 4.518561097895812e-05
29 12 0.2255010214550529
30 12 0.0001576696247753047
31 12 -0.1005909578358209
32 12 -0.0004529572383686994
33 12 0.05907412613028466
34 12 0.0008969513504874854
35 12 -0.04064246854375065
36 12 -0.001597963005797539
37 12 0.03148090926921427
38 12 0.002799673433980038
39 12 -0.02748468347135631
40 12 -0.005240064895692413
41 12 0.031179379078405
0 13 3.393502115735407e-18
1 13 -0.004233143922232818
2 13 0.001538952860747445
3 13 0.004104666403094846
4 13 -0.0009236996132707412
5 13 -0.00538179926679103
6 13 0.000786917640134773
7 13 0.006928268014703831
8 13 -0.0007245406287621329
9 13 -0.00893347465411474
10 13 0.0006877327839542859
11 13 0.01167525520629998
12 13 -0.000661596140963937
13 13 -0.01562923998967283
14 13 0.0006392410707314811
15 13 0.02169646228764492
16 13 -0.0006162605028403273
17 13 -0.03177901694350723
18 13 0.0005888878115175377
19 13 0.05050844628445328
20 13 -0.0005530803429912104
21 13 -0.09183103547458994
22 13 0.0005037995323016769
23 13 0.2164359434935692
24 13 -0.000434171554878995
25 13 -1.094890658573241
26 13 2.59841046598526
27 13 -3.335527477074739
28 13 2.645562312677537
29 13 -1.136349375600283
30 13 -2.541502086008802e-05
31 13 0.2346680260929377
32 13 0.0003486576317875889
33 13 -0.105478868303944
34 13 -0.0008513450316380341
35 13 0.06292323902148017
36 13 0.001671693773179335
37 13 -0.04460318691700874
38 13 -0.003124678679987883
39 13 0.03673803384815583
40 13 0.006169637673974042
41 13 -0.04002323778730465
0 14 -3.184991747943907e-17
1 14 0.004175292908589023
2 14 -0.001766106293484122
3 14 -0.003705975703685391
4 14 0.001068995621051443
5 14 0.004789089238409708
6 14 -0.0009191714007091131
7 14 -0.006058905888770681
8 14 0.0008550774191866637
9 14 0.007648616006795853
10 14 -0.0008211183515410564
11 14 -0.009736258239885316
12 14 0.0008004778220014456
13 14 0.012604071710299
14 14 -0.0007855034831585226
15 14 -0.01674392797860065
16 14 0.0007713998758053413
17 14 0.02309128047426585
18 14 -0.0007541239042255934
19 14 -0.03362166381639328
20 14 0.0007293290076082448
21 14 0.05314319354898885
22 14 -0.0006915176977221851
23 14 -0.0961252687205764
24 14 0.0006330255611357907
25 14 0.2255010214533378
26 14 -0.0005424906912681749
27 14 -1.136349375599297
28 14 2.692984667261832
29 14 -3.453587683565367
30 14 2.738429115079013
31 14 -1.176937256919006
32 14 -0.0001623100477249434
33 14 0.2442975405429783
34 14 0.0007252299669762198
35 14 -0.111313309306445
36 14 -0.001684666517274394
37 14 0.06837006860516118
38 14 0.003458386860209196
39 14 -0.0516255359424487
40 14 -0.007335104598416338
41 14 0.05317515306713282
0 15 5.327384034584256e-17
1 15 -0.004223316091632835
2 15 0.00204558125059247
3 15 0.003409431038232713
4 15 -0.001248930622235261
5 15 -0.004352836947373029
6 15 0.001084122583617512
7 15 0.005428428939620347
8 15 -0.001019158762331596
9 15 -0.006735370557586
10 15 0.0009902261574385137
11 15 0.008394755702587861
12 15 -0.0009782433791683249
13 15 -0.01058563914436114
14 15 0.0009747337792631669
15 15 0.01359909616480635
16 15 -0.0009745687391568454
17 15 -0.01794538582790732
18 15 0.0009735520050769185
19 15 0.02459556279658794
20 15 -0.0009672062063482686
21 15 -0.03559879333657603
22 15 0.0009497845714509608
23 15 0.05593732341246607
24 15 -0.0009130541347887494
25 15 -0.1005909578328223
26 15 0.0008444082353779668
27 15 0.2346680260907218
28 15 -0.0007235810414958352
29 15 -1.176937256917836
30 15 2.78439865748213
31 15 -3.566953613553284
32 15 2.828264439989897
33 15 -1.217269294106269
34 15 -0.0004521383369187323
35 15 0.2551696434052705
36 15 0.001565517705546286
37 15 -0.119413136998205
38 15 -0.003748306797046455
39 15 0.07820681871546385
40 15 0.008805478799984705
41 15 -0.07411937691186539
0 16 -5.1058462090851e-17
1 16 0.004389557534899445
2 16 -0.002401586001098304
3 16 -0.003198921066895374
4 16 0.001479517594952153
5 16 0.004042918404618158
6 16 -0.001296908270303738
7 16 -0.004982283517579179
8 16 0.001232376181318405
9 16 0.006094966193881063
10 16 -0.001211774937028019
11 16 -0.007468127975836176
12 16 0.001213277978185622
13 16 0.009222486901581447
14 16 -0.001227534513851733
15 16 -0.01154269820841924
16 16 0.001249223688400659
17 16 0.01473145109046992
18 16 -0.001274266735638654
19 16 -0.01931981964719475
20 16 0.001298445138947151
21 16 0.02631708118927596
22 16 -0.001316277460800523
23 16 -0.0378489515124294
24 16 0.001319606420675879
25 16 0.05907412612574608
26 16 -0.001295330918084496
27 16 -0.1054788683000017
28 16 0.001221307663219911
29 16 0.2442975405402414
30 16 -0.001058353714230106
31 16 -1.217269294104818
32 16 2.873014763705371
33 16 -3.675272022741847
34 16 2.91537489064174
35 16 -1.258630127684283
36 16 -0.001157202801337409
37 16 0.2693730360195571
38 16 0.0038469742659525
39 16 -0.1341970039213373
40 16 -0.01063418159530914
41 16 0.1108985622289314
0 17 8.399447858483943e-18
1 17 -0.004711811997848324
2 17 0.002879496978980742
3 17 0.003070764404559265
4 17 -0.001790683003331214
5 17 -0.003848200623395331
6 17 0.001585737777875382
7 17 0.004695791865827471
8 17 -0.001523709131428052
9 17 -0.005678244365872877
10 17 0.001516766499416906
11 17 0.006862054638034081
12 17 -0.001539608887715047
13 17 -0.008333740147268665
14 17 0.001581989076025045
15 17 0.01021854893019645
16 17 -0.001638708522039613
17 17 -0.01271028004473461
18 17 0.00170637941840515
19 17 0.01612697748867076
20 17 -0.00178188965790246
21 17 -0.02102536136416526
22 17 0.001861208544234926
23 17 0.02845976197078966
24 17 -0.001937878102742177
25 17 -0.04064246853729385
26 17 0.002000488357361459
27 17 0.06292323901602821
28 17 -0.002027861294235357
29 17 -0.1113133093020109
30 17 0.00197909822474408
31 17 0.2551696434023411
32 17 -0.001771395175166383
33 17 -1.258630127682935
34 17 2.959265746588228
35 17 -3.776925702001921
36 17 3.000082330992843
37 17 -1.304645052580019
38 17 -0.003322292540138316
39 17 0.2946007366138411
40 17 0.01270051352096225
41 17 -0.186172522864486
0 18 1.795770298690958e-17
1 18 0.005288897134900761
2 18 -0.003580355712150609
3 18 -0.003041977530010152
4 18 0.002248838505665473
5 18 0.003785029264322012
6 18 -0.002012996288937568
7 18 -0.004580969477447887
8 18 0.001957024686092957
9 18 0.005486841040058415
10 18 -0.001973293130465287
11 18 -0.006556846309656747
12 18 0.002031731847188438
13 18 0.007857453351333931
14 18 -0.002121229221193568
15 18 -0.00948015834155971
16 18 0.002237410244914305
17 18 0.0115595439711156
18 18 -0.00237884222575222
19 18 -0.01430429326299163
20 18 0.002545439048166701
21 18 0.01805581726064261
22 18 -0.002737429750007073
23 18 -0.02340854194642376
24 18 0.002954155269821254
25 18 0.03148090926137137
26 18 -0.003191927936682624
27 18 -0.04460318691061773
28 18 0.003439485267802622
29 18 0.0683700686006056
30 18 -0.003667488042873995
31 18 -0.1194131369945999
32 18 0.003802421508443744
33 18 0.2693730360176959
34 18 -0.003655539901207794
35 18 -1.304645052579627
36 18 3.044084389008539
37 18 -3.865484538322872
38 18 3.082943639177274
39 18 -1.370683462392555
40 18 -0.01379113292048971
41 18 0.3904971854895238
0 19 -1.830462865530902e-17
1 19 -0.006442138116539905
2 19 0.004811853280160499
3 19 0.003196946240101667
4 19 -0.003055470617286238
5 19 -0.003953123761174814
6 19 0.00276721710541089
7 19 0.004750786160633303
8 19 -0.002724545113193215
9 19 -0.005644595180160989
10 19 0.002785416809374017
11 19 0.006682950016893478
12 19 -0.002911907071292632
13 19 -0.007922044679843218
14 19 0.00309215263608529
15 19 0.009435814552293555
16 19 -0.003324379114158687
17 19 -0.01132835495547513
18 19 0.00361236113715278
19 19 0.01375355534994795
20 19 -0.003964112771412408
21 19 -0.01694953440442661
22 19 0.004391829592607485
23 19 0.02130362909711549
24 19 -0.004912466882030674
25 19 -0.02748468347029989
26 19 0.005548616739908263
27 19 0.03673803384593084
28 19 -0.006329039553559685
29 19 -0.05162553594121006
30 19 0.007286694588683287
31 19 0.07820681871616632
32 19 -0.008446424876406514
33 19 -0.1341970039227224
34 19 0.009771594871720222
35 19 0.2946007366167436
36 19 -0.01093251870429448
37 19 -1.370683462395865
38 19 3.132629246258133
39 19 -3.903380743813852
40 19 3.166680161232045
41 19 -1.615419407376674
0 20 3.849695958266956e-17
1 20 0.01053909761115114
2 20 -0.008764575598679108
3 20 -0.004250182419823962
4 20 0.005639429498204711
5 20 0.005220524946887415
6 20 -0.005179783179088968
7 20 -0.006227858157128926
8 20 0.005177562484081293
9 20 0.007339149144389177
10 20 -0.005380618266228099
11 20 -0.008609678532912435
12 20 0.005726594851749161
13 20 0.01010022735087563
14 20 -0.006202584419498262
15 20 -0.01188744919010938
16 20 0.006817469061659667
17 20 0.01407523671237055
18 20 -0.007595653197405653
19 20 -0.01681127570624712
20 20 0.00857790667694984
21 20 0.02031421939828746
22 20 -0.009826791124499849
23 20 -0.02492155125802491
24 20 0.01143765942445655
25 20 0.03117937913144794
26 20 -0.01355908325107015
27 20 -0.04002323783727074
28 20 0.01643168786350737
29 20 0.05317515311129664
30 20 -0.02046651446854503
31 20 -0.07411937695092778
32 20 0.02641701682026021
33 20 0.1108985622656096
34 20 -0.03580157578410188
35 20 -0.1861725228990475
36 20 0.05211589255093214
37 20 0.390497185522986
38 20 -0.08521294192243763
39 20 -1.615419407406511
40 20 3.376273423566316
41 20 -2.930992428258497
