288
0 0 0.9999999999999999
1 0 -1.418531271937872
2 0 1.054687351567581
3 0 -0.3269065125840253
4 0 -0.09843936942236133
5 0 0.07431256447138893
6 0 0.05278707835191369
7 0 -0.03552189324226827
8 0 -0.03446243599618419
9 0 0.02204868222762517
10 0 0.02480686038450772
11 0 -0.01588601499017718
12 0 -0.01894346789167473
13 0 0.01272529529578406
14 0 0.01507381164569909
15 0 -0.01111589291658942
16 0 -0.01240431410636391
17 0 0.01051001113215679
18 0 0.01056516333129119
19 0 -0.01079474986365099
20 0 -0.009441132264036282
21 0 0.01240658002140971
22 0 0.009286705243257077
23 0 -0.01960257538408032
0 1 -4.536186774677874e-17
1 1 -0.3269065125840253
2 1 0.8667713870495496
3 1 -1.196178937794254
4 1 0.9996140496863074
5 1 -0.4468234991648741
6 1 0.00026327612232595
7 1 0.09729434789109909
8 1 -0.0001660635279271095
9 1 -0.04490169616022798
10 1 6.396014421650898e-05
11 1 0.0268066643752424
12 1 5.816856365050657e-05
13 1 -0.01840568431820166
14 1 -0.0002154601394874013
15 1 0.01387978579598781
16 1 0.0004297220750480689
17 1 -0.01126497747130234
18 1 -0.0007396409107133236
19 1 0.009788259801681104
20 1 0.001229254764764262
21 1 -0.009257712871062447
22 1 -0.002151506220067154
23 1 0.01113406198059932
0 2 -1.525291563373551e-17
1 2 0.07431256447138873
2 2 -0.0009738925717259567
3 2 -0.446823499164874
4 2 1.118553083857468
5 2 -1.495058760086711
6 2 1.224374043034462
7 2 -0.5397977940823737
8 2 0.0002559547518108421
9 2 0.1156347910152237
10 2 -0.0001353092893555232
11 2 -0.05297304655784518
12 2 -1.088862875772699e-05
13 2 0.03159754648284074
14 2 0.0002028046807187322
15 2 -0.02181446784514668
16 2 -0.0004699137058735322
17 2 0.01667158569791609
18 2 0.0008649263528453685
19 2 -0.01388382861268164
20 2 -0.001502595581360204
21 2 0.01273894727755897
22 2 0.002727149551108518
23 2 -0.01495918620899582
0 3 1.083568098666313e-16
1 3 -0.03552189324226769
2 3 0.001232756436383535
3 3 0.09729434789109948
4 3 -0.0006760663315048024
5 3 -0.5397977940823749
6 3 1.323379153368288
7 3 -1.743972812122592
8 3 1.413839908598679
9 3 -0.6187457138578002
10 3 0.0002375473710572955
11 3 0.1314105882400947
12 3 -7.008794986780868e-05
13 3 -0.06007930998087862
14 3 -0.0001548913780076394
15 3 0.03600445326795112
16 3 0.0004763702892835664
17 3 -0.02518685433127898
18 3 -0.0009649327453896894
19 3 0.01976618745819706
20 3 0.001775153995804962
21 3 -0.01741165612631361
22 3 -0.003370142707236067
23 3 0.01983648359184962
0 4 -1.22336050742332e-16
1 4 0.02204868222762672
2 4 -0.00154039262300209
3 4 -0.04490169616022909
4 4 0.000868512569617435
5 4 0.115634791015226
6 4 -0.0006722045416803821
7 4 -0.6187457138578004
8 4 1.500530304992852
9 4 -1.961551109148297
10 4 1.580756415685731
11 4 -0.6888429766192549
12 4 0.0001971630215456616
13 4 0.145755669089477
14 4 5.903274751106143e-05
15 4 -0.06685081576345357
16 4 -0.0004374388081387644
17 4 0.04056102298489085
18 4 0.001032616707219362
19 4 -0.02914904266668338
20 4 -0.002054055021824874
21 4 0.02424467137738708
22 4 0.004131106477520554
23 4 -0.02654094662165278
0 5 1.070878854684065e-16
1 5 -0.01588601499017699
2 5 0.001917475035887551
3 5 0.02680666437524406
4 5 -0.001111100519981649
5 5 -0.05297304655784857
6 5 0.0008918451805791994
7 5 0.1314105882400977
8 5 -0.0007423712930098815
9 5 -0.6888429766192565
10 5 1.658901124305902
11 5 -2.157021650702237
12 5 1.731658735270167
13 5 -0.7528554667019274
14 5 0.0001095822573421961
15 5 0.1594150774791075
16 5 0.0003261743338747663
17 5 -0.07388291414752692
18 5 -0.001042937242285575
19 5 0.0460316616028437
20 5 0.00232941150872795
21 5 -0.03513143039781658
22 5 -0.005061515015348618
23 5 0.0363894291709817
0 6 -5.840277219951403e-17
1 6 0.0127252952957865
2 6 -0.002393636258883363
3 6 -0.01840568431820368
4 6 0.001425561546230804
5 6 0.03159754648284534
6 6 -0.001185226918366287
7 6 -0.06007930998088429
8 6 0.001035926599222262
9 6 0.1457556690894807
10 6 -0.0008874213045405772
11 6 -0.7528554667019293
12 6 1.803467750313716
13 6 -2.335596690209574
14 6 1.870432797797769
15 6 -0.8126871200129987
16 6 -8.989747369487802e-05
17 6 0.1732424855077592
18 6 0.0009397532236990838
19 6 -0.08226354035015589
20 6 -0.002561177201346954
21 6 0.05450585509586022
22 6 0.006218340769632721
23 6 -0.05199838652063673
0 7 1.20546761429403e-17
1 7 -0.01111589291659314
2 7 0.003016909757484886
3 7 0.01387978579599148
4 7 -0.001847573167952921
5 7 -0.0218144678451513
6 7 0.001590362792283676
7 7 0.03600445326795917
8 7 -0.001455253374728631
9 7 -0.06685081576346109
10 7 0.001332308098022165
11 7 0.1594150774791093
12 7 -0.001164291530937449
13 7 -0.8126871200129989
14 7 1.937375924558336
15 7 -2.500237695215427
16 7 1.999623337917301
17 7 -0.8702244783893455
18 7 -0.0005986966664786257
19 7 0.1889658119163047
20 7 0.002633261182607185
21 7 -0.09531463317128787
22 7 -0.007644374065784514
23 7 0.07938450106481196
0 8 -4.152171197418789e-18
1 8 0.01051001113215989
2 8 -0.003875369065662022
3 8 -0.01126497747130507
4 8 0.002442738639899182
5 8 0.01667158569792013
6 8 -0.00217758630555645
7 8 -0.02518685433128589
8 8 0.002083190056945532
9 8 0.04056102298490659
10 8 -0.002025850994085791
11 8 -0.0738829141475331
12 8 0.001939644772525837
13 8 0.173242485507756
14 8 -0.001746299235469273
15 8 -0.8702244783893403
16 8 2.062853814822738
17 8 -2.651901167493452
18 8 2.121043986121089
19 8 -0.9288176667063492
20 8 -0.002206571128704609
21 8 0.2124293970693627
22 8 0.009246197792147977
23 8 -0.1354965863133557
0 9 -2.13159174596462e-17
1 9 -0.01079474986365481
2 9 0.005161284005517881
3 9 0.009788259801684572
4 9 -0.003353763174040863
5 9 -0.01388382861268829
6 9 0.003099817019270579
7 9 0.01976618745820127
8 9 -0.003100584935954706
9 9 -0.02914904266669007
10 9 0.003194179725694344
11 9 0.04603166160286271
12 9 -0.003313426714092305
13 9 -0.08226354035015927
14 9 0.003382752732213228
15 9 0.1889658119162974
16 9 -0.003246021128141264
17 9 -0.9288176667063469
18 9 2.181942542874808
19 9 -2.787280844934839
20 9 2.236232421611961
21 9 -1.000463571647244
22 9 -0.01008732237571808
23 9 0.2881091031717014
0 10 7.599302402054161e-18
1 10 0.0124065800214108
2 10 -0.007448187679314142
3 10 -0.009257712871062354
4 10 0.005002694867441786
5 10 0.01273894727756011
6 10 -0.00480619444555798
7 10 -0.01741165612631627
8 10 0.005036552564486188
9 10 0.02424467137738176
10 10 -0.005499830993102401
11 10 -0.0351314303978293
12 10 0.006159722971483509
13 10 0.05450585509588094
14 10 -0.007010374176634332
15 10 -0.09531463317129353
16 10 0.00801003348245821
17 10 0.2124293970693678
18 10 -0.00889323015321312
19 10 -1.000463571647248
20 10 2.299549321240253
21 10 -2.879156775907641
22 10 2.348091257479738
23 10 -1.204852263851031
0 11 -3.861265213782034e-17
1 11 -0.01960257538406337
2 11 0.01473064441641356
3 11 0.01113406198057817
4 11 -0.01029301241128539
5 11 -0.01495918620896198
6 11 0.01034702895679265
7 11 0.01983648359181536
8 11 -0.01143840369833514
9 11 -0.02654094662162925
10 11 0.01333285460956962
11 11 0.03638942917096853
12 11 -0.01622540983911134
13 11 -0.05199838652067006
14 11 0.02064433539088472
15 11 0.07938450106489497
16 11 -0.02772586266291619
17 11 -0.1354965863134395
18 11 0.04012106106119123
19 11 0.2881091031717806
20 11 -0.06530773097805911
21 11 -1.204852263851098
22 11 2.531151869761241
23 11 -2.202182183865598
