171
0 0 1
1 0 -1.44884691926494
2 0 1.085673872998128
3 0 -0.3219130097702317
4 0 -0.1173818344752831
5 0 0.06794960700638639
6 0 0.06929644097044096
7 0 -0.02758956232275507
8 0 -0.05010112460036029
9 0 0.01216716430007771
10 0 0.04019187121209766
11 0 -0.00339085665288725
12 0 -0.03444086202283796
13 0 -0.003669319847409894
14 0 0.03099702548720355
15 0 0.01241371612261708
16 0 -0.0291719074105379
17 0 -0.03809385662765752
18 0 0.07449973205854177
0 1 -5.117718293759016e-17
1 1 -0.3219130097702319
2 1 0.8619690344072851
3 1 -1.197122929981393
4 1 1.002332978145658
5 1 -0.4457051977996445
6 1 -0.001876382465581355
7 1 0.09603264963454133
8 1 0.001590801435821355
9 1 -0.04354361465600544
10 1 -0.001328118444392623
11 1 0.02545440279306978
12 1 0.001019219365559819
13 1 -0.01732109730632652
14 1 -0.0005896578545754213
15 1 0.01391614146122276
16 1 -9.898878902770431e-05
17 1 -0.01827442141307055
18 1 0.0175233658953869
0 2 -1.970943719357569e-17
1 2 0.06794960700638615
2 2 0.005270069562832084
3 2 -0.4457051977996449
4 2 1.114961856099529
5 2 -1.496397982446797
6 2 1.22725617045317
7 2 -0.5382685918269619
8 2 -0.002172717131428294
9 2 0.1139666580439433
10 2 0.001863864238675827
11 2 -0.05128742392910246
12 2 -0.001491779868767414
13 2 0.03022500475048899
14 2 0.0009512371053781203
15 2 -0.02187721717175203
16 2 -4.051303582641745e-05
17 2 0.0260814410544996
18 2 -0.02376397842013311
0 3 -1.25023814413688e-17
1 3 -0.02758956232275595
2 3 -0.006735293743809551
3 3 0.09603264963454132
4 3 0.003986018563654871
5 3 -0.5382685918269624
6 3 1.31955685653047
7 3 -1.745742282850971
8 3 1.417152163649531
9 3 -0.6167871858897551
10 3 -0.00260020821551528
11 3 0.129401146247956
12 3 0.00218120920376209
13 3 -0.05842505762171489
14 3 -0.00153485659093142
15 3 0.03615718350107613
16 3 0.0003672370360400583
17 3 -0.0377628564107396
18 3 0.03201228314622007
0 4 2.438583548369717e-17
1 4 0.01216716430007723
2 4 0.008664200501086017
3 4 -0.04354361465600572
4 4 -0.00521510166176213
5 4 0.1139666580439445
6 4 0.004433568636853983
7 4 -0.6167871858897548
8 4 1.495969036300736
9 4 -1.963752571947456
10 4 1.584834381709139
11 4 -0.6865518034338575
12 4 -0.003267865121094569
13 4 0.1438704276959278
14 4 0.002543899626220134
15 4 -0.06726117204907485
16 4 -0.001087925166949897
17 4 0.05777680459925257
18 4 -0.04397446922459296
0 5 -5.189249577279847e-17
1 5 -0.003390856652886351
2 5 -0.01142957135350451
3 5 0.02545440279307103
4 5 0.007011169001691774
5 5 -0.05128742392910395
6 5 -0.006102919941069147
7 5 0.1294011462479574
8 5 0.005719523058583613
9 5 -0.6865518034338578
10 5 1.652850581915623
11 5 -2.1594234276816
12 5 1.737177494280363
13 5 -0.7509575594363883
14 5 -0.00443578537363056
15 5 0.1605455382045193
16 5 0.002732898639412723
17 5 -0.09872366055993319
18 5 0.0630737588145481
0 6 5.479684793788771e-17
1 6 -0.003669319847411398
2 6 0.01589240583842795
3 6 -0.01732109730632652
4 6 -0.009956645671492995
5 6 0.03022500475049059
6 6 0.008901455958011218
7 6 -0.05842505762171676
8 6 -0.008637327137670313
9 6 0.1438704276959292
10 6 0.008646174315128947
11 6 -0.7509575594363899
12 6 1.794085132862648
13 6 -2.336685389406455
14 6 1.879257112053903
15 6 -0.8160045757137729
16 6 -0.006903190615444183
17 6 0.2128899199220508
18 6 -0.09789771732097546
0 7 -4.028901412816447e-17
1 7 0.01241371612261721
2 7 -0.024860146715561
3 7 0.01391614146122263
4 7 0.01594090941314812
5 7 -0.02187721717175197
6 7 -0.01468522854798547
7 7 0.0361571835010792
8 7 0.01482744788569618
9 7 -0.06726117204907785
10 7 -0.01567833695051513
11 7 0.1605455382045204
12 7 0.01707071366120095
13 7 -0.816004575713775
14 7 1.917651549547193
15 7 -2.488529083225405
16 7 2.020099812979069
17 7 -0.9490504704285645
18 7 0.1781412979345657
0 8 -1.75171173027528e-17
1 8 -0.03809385662765752
2 8 0.06010626378240526
3 8 -0.01827442141306694
4 8 -0.03950600624531278
5 8 0.02608144105449325
6 8 0.03760679725436634
7 8 -0.03776285641073641
8 8 -0.0397090038933836
9 8 0.05777680459926057
10 8 0.0447436430598605
11 8 -0.09872366055994902
12 8 -0.05360237636120752
13 8 0.2128899199220667
14 8 0.06920875152506754
15 8 -0.9490504704285799
16 8 1.961618819231032
17 8 -2.325239672231211
18 8 1.582389434706107
