903
0 0 0.9999999999999996
1 0 -1.434446974169966
2 0 1.071152699919332
3 0 -0.324797525558582
4 0 -0.1082829318429749
5 0 0.07173108178250569
6 0 0.06115372962626611
7 0 -0.03245492867064341
8 0 -0.04216248011087409
9 0 0.01845035418917566
10 0 0.03212737436898545
11 0 -0.01168199234432209
12 0 -0.0260119195503072
13 0 0.0078063427825689
14 0 0.02194167718289461
15 0 -0.005320162785321558
16 0 -0.01906703521363464
17 0 0.003582172196467659
18 0 0.01695001747125716
19 0 -0.002277056899229778
20 0 -0.01534344133070862
21 0 0.001231791506004668
22 0 0.01409826916485729
23 0 -0.0003415298775039443
24 0 -0.01312024167890862
25 0 -0.0004645715487662061
26 0 0.01234789976316276
27 0 0.001241617270759129
28 0 -0.01174087318656829
29 0 -0.002041329064329103
30 0 0.01127364929227111
31 0 0.002924477496715541
32 0 -0.01093280864161116
33 0 -0.003980760685203338
34 0 0.01071735484066464
35 0 0.005374500359116615
36 0 -0.01064371774616803
37 0 -0.007486179212080064
38 0 0.01076210364463812
39 0 0.01156305998278842
40 0 -0.01121229571298627
41 0 -0.02736226377233863
42 0 0.04299845433981822
0 1 -1.877660185222415e-16
1 1 -0.3247975255586288
2 1 0.8650276667304261
3 1 -1.19689122427277
4 1 1.000572786598555
5 1 -0.4459579665679836
6 1 -0.0004664943081642645
7 1 0.09627392260524519
8 1 0.00041044722330393
9 1 -0.04371422510573501
10 1 -0.0003722112800045202
11 1 0.02543136361336613
12 1 0.0003421131069041655
13 1 -0.0168114202407985
14 1 -0.0003160182775082011
15 1 0.01201970859094822
16 1 0.0002917083416563706
17 1 -0.009063415154360871
18 1 -0.000267752832433306
19 1 0.007103749538977602
20 1 0.0002430591980799413
21 1 -0.005735627209423966
22 1 -0.0002166500633434889
23 1 0.004743501859149552
24 1 0.000187521364578336
25 1 -0.004004421868443892
26 1 -0.0001545189265344382
27 1 0.00344499092050784
28 1 0.0001161927052588506
29 1 -0.003020848520043916
30 1 -7.058140495492842e-05
31 1 0.002706937061812566
32 1 1.48432794193309e-05
33 1 -0.00249444337772778
34 1 5.545470953968405e-05
35 1 0.002395304751355774
36 1 -0.0001478798429510446
37 1 -0.002466149894538307
38 1 0.0002770317773506122
39 1 0.002928918510402588
40 1 -0.0004768267046056464
41 1 -0.005617303730674913
42 1 0.006660141819207676
0 2 -4.779752913149146e-18
1 2 0.07173108178257309
2 2 0.001180505952755951
3 2 -0.4459579665679809
4 2 1.117354813852627
5 2 -1.496116707336564
6 2 1.225299295682188
7 2 -0.5385425417130981
8 2 -0.0004890369520772378
9 2 0.1141639077107164
10 2 0.0004446905576298042
11 2 -0.05125667494165451
12 2 -0.0004099556037631929
13 2 0.02959170313276804
14 2 0.000379943831720496
15 2 -0.0194536983884773
16 2 -0.000352027056665839
17 2 0.01385145705976878
18 2 0.0003245038148955498
19 2 -0.01041214925269285
20 2 -0.0002960665767156063
21 2 0.008142457578211181
22 2 0.000265536974884964
23 2 -0.006565101731306009
24 2 -0.0002316957656296973
25 2 0.00542755032570168
26 2 0.0001931333262731422
27 2 -0.00458698337575974
28 2 -0.000148071727979619
29 2 0.003959706106446264
30 2 9.41010102299153e-05
31 2 -0.003497783394266125
32 2 -2.772714102856381e-05
33 2 0.003179704594369766
34 2 -5.649709132469762e-05
35 2 -0.003012892443038645
36 2 0.0001678549687371961
37 2 0.003060958755520394
38 2 -0.0003242134987672628
39 2 -0.003588162551830201
40 2 0.0005669568587114745
41 2 0.006802609526541811
42 2 -0.008026739882260671
0 3 9.306251011511108e-17
1 3 -0.03245492867074574
2 3 -0.001352395940908836
3 3 0.09627392260523801
4 3 0.0007798266353014745
5 3 -0.5385425417130927
6 3 1.322237516894191
7 3 -1.745472605806871
8 3 1.414777924694363
9 3 -0.6169747688980788
10 3 -0.0005146595492160841
11 3 0.1293266406150591
12 3 0.0004759563357522198
13 3 -0.05762137834158083
14 3 -0.0004426576690773668
15 3 0.03308240203593442
16 3 0.0004117494447285765
17 3 -0.02165816043232164
18 3 -0.0003812724009360804
19 3 0.01537229063635803
20 3 0.0003497113026893268
21 3 -0.01152822011431708
22 3 -0.0003156899596053653
23 3 0.009001283495408078
24 3 0.0002777735280039401
25 3 -0.007253263653650729
26 3 -0.0002342926467400996
27 3 0.006001052586293067
28 3 0.0001831323558483935
29 3 -0.005086496673557626
30 3 -0.0001214181930225916
31 3 0.004420107214650268
32 3 4.497817104155971e-05
33 3 -0.003957145722824514
34 3 5.268996405126195e-05
35 3 0.003694256911052388
36 3 -0.0001826513587277551
37 3 -0.00369807060097013
38 3 0.0003661507291897851
39 3 0.004272283161854028
40 3 -0.0006522413840235762
41 3 -0.007994882551963189
42 3 0.009381690025628841
0 4 -9.873583356884973e-17
1 4 0.0184503541890685
2 4 0.001525140105344147
3 4 -0.04371422510577064
4 4 -0.0008815172815119565
5 4 0.1141639077107637
6 4 0.0007231956778398893
7 4 -0.616974768898142
8 4 1.49935864234635
9 4 -1.963660070045041
10 4 1.581725472152242
11 4 -0.6863377300849998
12 4 -0.0005443293191208529
13 4 0.1427696515371757
14 4 0.0005081168441784722
15 4 -0.06325935905955442
16 4 -0.0004746029586362946
17 4 0.03616787833023619
18 4 0.0004415674507749791
19 4 -0.02360222654328876
20 4 -0.0004072820614018215
21 4 0.01671143875123454
22 4 0.0003701643574986519
23 4 -0.0125113747086707
24 4 -0.0003285509961707334
25 4 0.009761009617006192
26 4 0.0002804933984427565
27 4 -0.007868790819748398
28 4 -0.0002235102183704429
29 4 0.006526035175274863
30 4 0.0001542178864833812
31 4 -0.005564134077064591
32 4 -6.769740234799215e-05
33 4 0.004895282266515128
34 4 -4.371901588660419e-05
35 4 -0.004494400838119928
36 4 0.0001930645348169151
37 4 0.004425239091007961
38 4 -0.0004053035248218725
39 4 -0.005029447389142069
40 4 0.0007378873540957164
41 4 0.00927401709377082
42 4 -0.01081380654889753
0 5 6.817619093618838e-17
1 5 -0.01168199234418906
2 5 -0.001705391691759319
3 5 0.02543136361340243
4 5 0.0009881442609849325
5 5 -0.05125667494170257
6 5 -0.0008128446307471848
7 5 0.1293266406151238
8 5 0.0007229602522560109
9 5 -0.6863377300849907
10 5 1.657649008340436
11 5 -2.160029497384026
12 5 1.732668502734652
13 5 -0.7492269852480056
14 5 -0.0005788478955689515
15 5 0.1549910288963931
16 5 0.0005430401893635154
17 5 -0.06838747782895771
18 5 -0.0005077788351884966
19 5 0.03897327705150103
20 5 0.0004711102543593013
21 5 -0.02536950448883171
22 5 -0.0004312306201033736
23 5 0.0179303113248192
24 5 0.0003862274296963962
25 5 -0.01341028766842016
26 5 -0.0003338432506921248
27 5 0.01046334019868755
28 5 0.000271186574541634
29 5 -0.008451071551739041
30 5 -0.0001942984763640484
31 5 0.007044990059293634
32 5 9.740986033749492e-05
33 5 -0.006074558455754816
34 5 2.847910540788258e-05
35 5 0.005472351920831372
36 5 -0.0001986543215098329
37 5 -0.005288692284433117
38 5 0.0004423313385928496
39 5 0.005900858098070813
40 5 -0.0008265162933564069
41 5 -0.01069931211908203
42 5 0.01238417292989001
0 6 -4.031271829774489e-18
1 6 0.007806342783898384
2 6 0.00189826511367401
3 6 -0.01681142024054199
4 6 -0.001102753873239472
5 6 0.02959170313246506
6 6 0.0009096718536030818
7 6 -0.05762137834123536
8 6 -0.0008115552384952045
9 6 0.1427696515366793
10 6 0.0007471749543656233
11 6 -0.7492269852474486
12 6 1.802077356799432
13 6 -2.340035019088761
14 6 1.871485747693462
15 6 -0.8071880347354297
16 6 -0.0006192614938013256
17 6 0.1662832247213163
18 6 0.0005821179678849215
19 6 -0.07313108495503141
20 6 -0.0005434276121097094
21 6 0.04157049014595282
22 6 0.0005011450845200347
23 6 -0.02700849859383342
24 6 -0.000453081880162321
25 6 0.01906581827493934
26 6 0.0003966333125859769
27 6 -0.01425654852906661
28 6 -0.0003284405914394047
29 6 0.01113934695914657
30 6 0.0002438820166084127
31 6 -0.009036361038788373
32 6 -0.0001362005984779737
33 6 0.007609280744220766
34 6 -5.161258273559648e-06
35 6 -0.006707022667622391
36 6 0.000198132854912315
37 6 0.006346115827282708
38 6 -0.0004769194923388359
39 6 -0.006933614058218498
40 6 0.0009197026171673735
41 6 0.01233106507860056
42 6 -0.01415045916365618
0 7 -2.399602689901437e-17
1 7 -0.005320162786427094
2 7 -0.002108627991180115
3 7 0.01201970859075385
4 7 0.001228286784450098
5 7 -0.01945369838825019
6 7 -0.001016212073316136
7 7 0.0330824020356854
8 7 0.0009095181143434478
9 7 -0.06325935905915803
10 7 -0.0008403176232133427
11 7 0.1549910288959544
12 7 0.0007883845557154171
13 7 -0.8071880347356668
14 7 1.935746619047819
15 7 -2.507182446483313
16 7 2.000705629474635
17 7 -0.8612322622602256
18 7 -0.0006670114900881241
19 7 0.1768369672789283
20 7 0.0006267403100470047
21 7 -0.07757169742023738
22 7 -0.0005825048925031934
23 7 0.04400684134752353
24 7 0.000531808426168167
25 7 -0.0285525311622129
26 7 -0.0004716521297900228
27 7 0.02014580361482904
28 7 0.0003981389857425032
29 7 -0.0150781840934764
30 7 -0.0003058738503970613
31 7 0.01182363077932982
32 7 0.0001869341518177107
33 7 -0.009676982626231604
34 7 -2.890851199735586e-05
35 7 0.008314800113895073
36 7 -0.0001892962486757203
37 7 -0.007678211236310359
38 7 0.0005078703858583483
39 7 0.008189551363740197
40 7 -0.001018374610247359
41 7 -0.01424171494030515
42 7 0.01617772567737217
0 8 7.055857296253335e-18
1 8 0.003582172197533882
2 8 0.002341815322080331
3 8 -0.009063415154201818
4 8 -0.001367997388098665
5 8 0.01385145705958728
6 8 0.001135299226766086
7 8 -0.02165816043213084
8 8 -0.001019533519491708
9 8 0.03616787832990483
10 8 0.0009454565710864808
11 8 -0.06838747782859965
12 8 -0.0008906641113750964
13 8 0.1662832247217579
14 8 0.0008455623101092863
15 8 -0.8612322622604189
16 8 2.060747864299381
17 8 -2.663881359756687
18 8 2.122085724050267
19 8 -0.9120659304392521
20 8 -0.0007241104998460924
21 8 0.1867861987543458
22 8 0.0006785343836615914
23 8 -0.08176745882737511
24 8 -0.0006258099535168186
25 8 0.04631773395441316
26 8 0.0005624892516314095
27 8 -0.03002931247054121
28 8 -0.0004840513139781179
29 8 0.0211979810748255
30 8 0.0003841902999471819
31 8 -0.01591048202076846
32 8 -0.0002535923175642325
33 8 0.01257180915306676
34 8 7.760792652154196e-05
35 8 -0.01047844458590831
36 8 0.0001687081695737236
37 8 0.009405556486185965
38 8 -0.000532868091747158
39 8 -0.009756183805350043
40 8 0.001122798970992388
41 8 0.0165264911048885
42 8 -0.01854688477048604
0 9 3.095792346445038e-17
1 9 -0.002277056898472114
2 9 -0.002604230619674317
3 9 0.007103749539210011
4 9 0.001525814326441428
5 9 -0.01041214925299033
6 9 -0.001270375165877464
7 9 0.01537229063673115
8 9 0.00114488297000329
9 9 -0.02360222654358999
10 9 -0.001065842963197558
11 9 0.03897327705190482
12 9 0.001008414788541737
13 9 -0.07313108495648382
14 9 -0.0009619714077238623
15 9 0.1768369672802126
16 9 0.0009207519965660559
17 9 -0.9120659304404644
18 9 2.178568532625777
19 9 -2.81187091684443
20 9 2.236907448201061
21 9 -0.9602067317300335
22 9 -0.0007934200604735427
23 9 0.1962309390451484
24 9 0.0007395591170937872
25 9 -0.0857639634248733
26 9 -0.0006739282317893606
27 9 0.04853424063853006
28 9 0.0005912814317204137
29 9 -0.0314683640160396
30 9 -0.0004842345942233254
31 9 0.02226001026478832
32 9 0.0003417981759271964
33 9 -0.01681414136570059
34 9 -0.0001465871913053212
35 9 0.01350171447628836
36 9 -0.0001311081654030932
37 9 -0.01171804899297555
38 9 0.0005479282144578231
39 9 0.011764118466358
40 9 -0.001232259578159357
41 9 -0.01931795345237745
42 9 0.0213646229025423
0 10 -2.734324136933483e-17
1 10 0.00123179150535023
2 10 0.00290405064890822
3 10 -0.005735627209655759
4 10 -0.001706769186035549
5 10 0.008142457578513503
6 10 0.001425862284994221
7 10 -0.01152822011470661
8 10 -0.001289797712866118
9 10 0.01671143875152684
10 10 0.001205685170822058
11 10 -0.02536950448923969
12 10 -0.001145920310696024
13 10 0.04157049014760412
14 10 0.001098712637045559
15 10 -0.07757169742165013
16 10 -0.001057680631235449
17 10 0.1867861987556254
18 10 0.001018595829260632
19 10 -0.9602067317298425
20 10 2.290309792675273
21 10 -2.952453623900794
22 10 2.34614065953859
23 10 -1.006049419936899
24 10 -0.0008791150233572865
25 10 0.2052508515772992
26 10 0.0008125222516786097
27 10 -0.08960181347902259
28 10 -0.0007269150049390307
29 10 0.05069035413084104
30 10 0.0006136301447840906
31 10 -0.03291148694942243
32 10 -0.0004596475640812877
33 10 0.02339951306886318
34 10 0.0002442033688018963
35 10 -0.01792234663124524
36 10 6.839319208840546e-05
37 10 0.01493123299531883
38 10 -0.0005463807303505629
39 10 -0.01441797304093449
40 10 0.001344305496865256
41 10 0.0228092875170647
42 10 -0.0247776700140764
0 11 9.103794321834655e-18
1 11 -0.0003415298765321478
2 11 -0.00325222954137058
3 11 0.004743501859469703
4 11 0.001917611150921551
5 11 -0.006565101731719185
6 11 -0.001607701227425112
7 11 0.009001283495950186
8 11 0.00145997125355452
9 11 -0.01251137470913096
10 11 -0.001370657308256304
11 11 0.01793031132540747
12 11 0.001308970347017877
13 11 -0.02700849859592653
14 11 -0.001261792646527637
15 11 0.04400684134935079
16 11 0.001222047352693777
17 11 -0.08176745882897964
18 11 -0.00118505671632182
19 11 0.1962309390449825
20 11 0.00114705181614977
21 11 -1.006049419936968
22 11 2.396811382063542
23 11 -3.086632663665323
24 11 2.45054266407459
25 11 -1.049906298070602
26 11 -0.000987492883020675
27 11 0.2139152920967587
28 11 0.0009010433493857719
29 11 -0.09332471959045266
30 11 -0.0007833976444898839
31 11 0.05283465073749492
32 11 0.0006190688655960093
33 11 -0.0344356292609225
34 11 -0.0003830850562229097
35 11 0.0247688831773571
36 11 3.214289072174077e-05
37 11 -0.01960302770772518
38 11 0.0005170203871091118
39 11 0.01805557387819764
40 11 -0.001453223552860396
41 11 -0.02729495376864489
42 11 0.02899545060119385
0 12 -3.061612976910155e-17
1 12 -0.0004645715499790001
2 12 0.003664094673591083
3 12 -0.004004421868850774
4 12 -0.002167785841182154
5 12 0.005427550326203586
6 12 0.001824208850908452
7 12 -0.007253263654303747
8 12 -0.001663378692414074
9 12 0.009761009617601379
10 12 0.001568713688528154
11 12 -0.0134102876692337
12 12 -0.001505690687130064
13 12 0.01906581827749392
14 12 0.00145965568500212
15 12 -0.02855253116444025
16 12 -0.001422747215373705
17 12 0.04631773395642213
18 12 0.001389799989231972
19 12 -0.08576396342459984
20 12 -0.001356663791662811
21 12 0.2052508515772563
22 12 0.001319300317210983
23 12 -1.049906298070432
24 12 2.498726892662332
25 12 -3.215196083961271
26 12 2.550721960989417
27 12 -1.092035352378862
28 12 -0.001128456187700182
29 12 0.2222940701191451
30 12 0.001009922653536599
31 12 -0.09699334182828152
32 12 -0.000838130199285546
33 12 0.05505720992985744
34 12 0.0005828420952632297
35 12 -0.03621784496742624
36 12 -0.0001909469001798484
37 12 0.0267990083224561
38 12 -0.000440664705067069
39 12 -0.02327031621421106
40 12 0.001546922851718505
41 12 0.03324674672947785
42 12 -0.03432843844714923
0 13 3.21988256144054e-17
1 13 0.00124161727198315
2 13 -0.004162085683438944
3 13 0.003444990920917819
4 13 0.002471115675523101
5 13 -0.004586983376382889
6 13 -0.002087551254760791
7 13 0.006001052586996704
8 13 0.001911683422496925
9 13 -0.007868790820330639
10 13 -0.001811486970455131
11 13 0.01046334019973475
12 13 0.001747968054394118
13 13 -0.01425654853231371
14 13 -0.00170466302814076
15 13 0.02014580361744114
16 13 0.001672818119405389
17 13 -0.03002931247271691
18 13 -0.001646746732652904
19 13 0.04853424063801724
20 13 0.001621920626131106
21 13 -0.08960181347854018
22 13 -0.001593936244208669
23 13 0.2139152920960021
24 13 0.001557726656513638
25 13 -1.092035352378192
26 13 2.596569504394901
27 13 -3.338768253957652
28 13 2.647182891005509
29 13 -1.132664656769482
30 13 -0.001318401474774102
31 13 0.2304754650415418
32 13 0.001145134182685908
33 13 -0.1007182011031786
34 13 -0.0008749688914611761
35 13 0.05756833985971291
36 13 0.0004420460987928113
37 13 -0.03877068793671767
38 13 0.0002834661724339698
39 13 0.03118835621586895
40 13 -0.001600368906685245
41 13 -0.04146714581994791
42 13 0.04125703318541633
0 14 -1.335328007036052e-17
1 14 -0.002041329065594458
2 14 0.004780809312801586
3 14 -0.003020848520513885
4 14 -0.002848899668255014
5 14 0.003959706106966603
6 14 0.002416459598369666
7 14 -0.00508649667472185
8 14 -0.002222828842365717
9 14 0.006526035175950841
10 14 0.002116861915839756
11 14 -0.008451071552771659
12 14 -0.002054070309113783
13 14 0.01113934696346819
14 14 0.002015810516320722
15 14 -0.01507818409706752
16 14 -0.001992304203237312
17 14 0.02119798107734794
18 14 0.001977322756095261
19 14 -0.03146836401484594
20 14 -0.001966002259783352
21 14 0.05069035412986423
22 14 0.001953655522506597
23 14 -0.0933247195888426
24 14 -0.001934853222911855
25 14 0.2222940701175138
26 14 0.001902403101467679
27 14 -1.132664656768539
28 14 2.690736517444785
29 14 -3.457836191484857
30 14 2.740362017775195
31 14 -1.172023898215307
32 14 -0.001586302056409016
33 14 0.2386090800710689
34 14 0.001312219817887198
35 14 -0.1047583896445631
36 14 -0.000844536021169894
37 14 0.06099164810173036
38 14 1.683567041087531e-05
39 14 -0.04417503057569323
40 14 0.001560964029191639
41 14 0.05342785025222535
42 14 -0.05056363605632862
0 15 2.135950470435851e-17
1 15 0.002924477498065441
2 15 -0.005577177471117626
3 15 0.002706937062227674
4 15 0.003336126576165511
5 15 -0.003497783394877035
6 15 -0.00284166949305913
7 15 0.004420107215059163
8 15 0.002626224433759448
9 15 -0.005564134079119654
10 15 -0.002514119915300597
11 15 0.007044990060715297
12 15 0.00245387709925224
13 15 -0.009036361043899804
14 15 -0.002424145521063069
15 15 0.01182363078425808
16 15 0.00241395417053846
17 15 -0.01591048202437025
18 15 -0.002416541131305516
19 15 0.02226001026301174
20 15 0.002426826980150814
21 15 -0.03291148694793095
22 15 -0.002440046518080843
23 15 0.05283465073510919
24 15 0.002450685495164819
25 15 -0.09699334182546211
26 15 -0.002451275774421589
27 15 0.2304754650394595
28 15 0.002430617852428875
29 15 -1.172023898214228
30 15 2.781511435075201
31 15 -3.572744995020146
32 15 2.830668383108213
33 15 -1.210409677173185
34 15 -0.001987840391392918
35 15 0.2470371648381798
36 15 0.001506828001517323
37 15 -0.1099004094147998
38 15 -0.0005812900757393578
39 15 0.06794850647701994
40 15 -0.001313514440757925
41 15 -0.07210983884814917
42 15 0.06360703337407712
0 16 2.591427197927317e-17
1 16 -0.003980760686755667
2 16 0.00665300742752878
3 16 -0.002494443378320387
4 16 -0.003995316571300634
5 16 0.003179704594333688
6 16 0.003418029471191208
7 16 -0.00395714572349824
8 16 -0.003174279526518497
9 16 0.004895282265443957
10 16 0.003055367512688097
11 16 -0.006074558461919041
12 16 -0.003000484218303932
13 16 0.007609280751424853
14 16 0.002984765809498335
15 16 -0.009676982632497583
16 16 -0.002995820501449316
17 16 0.01257180915942301
18 16 0.003026423428160843
19 16 -0.01681414136382472
20 16 -0.003071556489471805
21 16 0.02339951306602128
22 16 0.00312683635128288
23 16 -0.03443562925727661
24 16 -0.003187313396213392
25 16 0.05505720992568562
26 16 0.003246100381378802
27 16 -0.1007182010995433
28 16 -0.003292286047670567
29 16 0.2386090800685884
30 16 0.003307228826117128
31 16 -1.210409677171887
32 16 2.869023986049295
33 16 -3.683623277617139
34 16 2.918554803935341
35 16 -1.248382401260639
36 16 -0.002642783133195972
37 16 0.2568174713179951
38 16 0.001663482394927173
39 16 -0.1195906172951306
40 16 0.0005876277836512621
41 16 0.1044484685664705
42 16 -0.08295453805687414
0 17 -2.424936973484742e-17
1 17 0.005374500360851346
2 17 -0.008213238624263262
3 17 0.00239530475189951
4 17 0.004952155066562269
5 17 -0.003012892444051829
6 17 -0.004255650226629862
7 17 0.003694256907804309
8 17 0.003972048121998461
9 17 -0.004494400837369491
10 17 -0.003844879706737443
11 17 0.005472351917069367
12 17 0.003799960442048539
13 17 -0.006707022691085737
14 17 -0.003807540967263692
15 17 0.008314800121853606
16 17 0.003853459164226899
17 17 -0.01047844459355829
18 17 -0.003930226618273273
19 17 0.01350171447612142
20 17 0.004033495227996889
21 17 -0.01792234663053473
22 17 -0.00416027442997805
23 17 0.02476888317232737
24 17 0.00430766159202209
25 17 -0.0362178449618156
26 17 -0.004471435186743006
27 17 0.0575683398550405
28 17 0.004643846226373141
29 17 -0.1047583896408647
30 17 -0.004809451661962849
31 17 0.2470371648359121
32 17 0.004936436867968229
33 17 -1.248382401259845
34 17 2.953082834850201
35 17 -3.790058053013259
36 17 3.004719407374358
37 17 -1.287586640416102
38 17 -0.003853248978852696
39 17 0.2728297395451875
40 17 0.001322521548123418
41 17 -0.1703354435422794
42 17 0.1140595276978852
0 18 3.083608088290952e-17
1 18 -0.007486179213708145
2 18 0.0107519456903953
3 18 -0.002466149894533793
4 18 -0.006509287728276148
5 18 0.003060958756796652
6 18 0.005619314017518559
7 18 -0.003698070604034068
8 18 -0.005271763388802693
9 18 0.004425239072231777
10 18 0.005132584565757181
11 18 -0.005288692283392701
12 18 -0.005106040694024287
13 18 0.006346115827574689
14 18 0.005154738017983321
15 18 -0.007678211282872592
16 18 -0.005262077644194251
17 18 0.00940555649311289
18 18 0.005420795372234895
19 18 -0.01171804899008017
20 18 -0.005628607682744556
21 18 0.01493123299870451
22 18 0.005886267816676304
23 18 -0.01960302770608588
24 18 -0.00619648597808045
25 18 0.02679900831663686
26 18 0.006562976325894195
27 18 -0.03877068793231587
28 18 -0.006988940133577394
29 18 0.06099164809916794
30 18 0.007473740125930177
31 18 -0.10990040941321
32 18 -0.008004752501287944
33 18 0.2568174713182225
34 18 0.008536081545449371
35 18 -1.287586640417401
36 18 3.032452822182716
37 18 -3.889464856910314
38 18 3.090965515144114
39 18 -1.336068437595196
40 18 -0.006593757570822045
41 18 0.3519168216309093
42 18 -0.1707509523615447
0 19 -2.286223825428333e-17
1 19 0.01156305998324857
2 19 -0.01591374959430337
3 19 0.002928918509624359
4 19 0.009673049679067154
5 19 -0.00358816254977011
6 19 -0.008388359980733402
7 19 0.004272283167655781
8 19 0.00790987797433257
9 19 -0.005029447397231572
10 19 -0.007745899444113987
11 19 0.005900858031783362
12 19 0.007757112075970495
13 19 -0.006933614078030909
14 19 -0.007890991541750866
15 19 0.008189551334801882
16 19 0.008126639108988948
17 19 -0.009756183902175289
18 19 -0.008458281026921841
19 19 0.01176411844922095
20 19 0.008889481803728042
21 19 -0.01441797304640905
22 19 -0.009431281833998287
23 19 0.01805557388926647
24 19 0.01010223226739416
25 19 -0.02327031621864629
26 19 -0.01092970541685554
27 19 0.03118835621920917
28 19 0.01195234644188147
29 19 -0.04417503058019419
30 19 -0.01322357326134267
31 19 0.06794850648381018
32 19 0.01481524814373398
33 19 -0.1195906173032972
34 19 -0.01681676944056355
35 19 0.2728297395551922
36 19 0.01930727754512286
37 19 -1.33606843760462
38 19 3.100307997612596
39 19 -3.963791110148454
40 19 3.186522149116291
41 19 -1.50470483837849
42 19 0.3009603301748087
0 20 5.620618148611923e-18
1 20 -0.02736226376481828
2 20 0.03663240415083974
3 20 -0.00561730372689077
4 20 -0.02235046667426129
5 20 0.006802609521488445
6 20 0.01946471910276475
7 20 -0.007994882538599965
8 20 -0.01844357274782092
9 20 0.009274017107269189
10 20 0.01816165664129548
11 20 -0.01069931218504025
12 20 -0.01830442479047892
13 20 0.01233106495385645
14 20 0.01875858446032926
15 20 -0.01424171484752788
16 20 -0.01948631211700106
17 20 0.01652649093322427
18 20 0.02048879002124602
19 20 -0.01931795351617569
20 20 -0.02179521864199431
21 20 0.02280928754932737
22 20 0.02346236351864802
23 20 -0.02729495382265265
24 20 -0.02558122963123338
25 20 0.03324674680723575
26 20 0.02829194063388737
27 20 -0.04146714589511603
28 20 -0.03181183385113398
29 20 0.05342785032236731
30 20 0.0364886379810687
31 20 -0.07210983891500934
32 20 -0.0429064859253791
33 20 0.1044484686347649
34 20 0.05211499840881955
35 20 -0.1703354436128565
36 20 -0.06618212399996966
37 20 0.3519168217045457
38 20 0.08974953337007015
39 20 -1.504704838447425
40 20 3.066032658523273
41 20 -3.539950462550488
42 20 2.355131169987931
