390
0 0 1
1 0 -1.419509486807105
2 0 1.055601203965089
3 0 -0.3266122611058784
4 0 -0.09901172071689243
5 0 0.07392273166740694
6 0 0.05329106517041769
7 0 -0.03502012188445535
8 0 -0.03493598638594524
9 0 0.02140948827419847
10 0 0.025256934550897
11 0 -0.01507208040558696
12 0 -0.01936346403706712
13 0 0.01168084568831811
14 0 0.01544408116340713
15 0 -0.009752689700037988
16 0 -0.01268499548580337
17 0 0.008674682123720573
18 0 0.01067590400991737
19 0 -0.008176264687062991
20 0 -0.009200277027020577
21 0 0.008164818792039624
22 0 0.00815743768818813
23 0 -0.008709180101663652
24 0 -0.007558009964211197
25 0 0.01025782313241855
26 0 0.007674187529164238
27 0 -0.01644653051301141
0 1 -3.314355231756186e-17
1 1 -0.3266122611058782
2 1 0.8666031245712607
3 1 -1.19636842920075
4 1 0.9996954747820137
5 1 -0.4465834423183649
6 1 0.0002172574980754644
7 1 0.09699877098579113
8 1 -0.0001538028638701654
9 1 -0.04454163245865481
10 1 9.273796949297803e-05
11 1 0.02636872884405719
12 1 -2.557612981943451e-05
13 1 -0.01787008140597017
14 1 -5.395822390902632e-05
15 1 0.01321574107867523
16 1 0.0001528079709430198
17 1 -0.01041967717312681
18 1 -0.0002805989664878375
19 1 0.008654303782459816
20 1 0.0004527410747733336
21 1 -0.00753606804532419
22 1 -0.0006974852687551165
23 1 0.006900055398105764
24 1 0.001077047108705609
25 1 -0.006790293421048893
26 1 -0.001780701142025741
27 1 0.008453695713337782
0 2 4.63421212033886e-18
1 2 0.07392273166740582
2 2 -0.0007357508889534912
3 2 -0.4465834423183652
4 2 1.118429962955673
5 2 -1.495365208875469
6 2 1.224453870038783
7 2 -0.5394173910396075
8 2 0.0002162883077894078
9 2 0.1151674001268503
10 2 -0.0001448267142221846
11 2 -0.05239945477339916
12 2 6.586616252976071e-05
13 2 0.03088956752326321
14 2 2.863802300789883e-05
15 2 -0.02092872549104357
16 2 -0.0001477008202580155
17 2 0.01553471904186378
18 2 0.0003039387280726883
19 2 -0.01234946221097192
20 2 -0.0005176607919367319
21 2 0.0104076710543018
22 2 0.0008261746240403874
23 2 -0.009297327877389133
24 2 -0.001311538442418321
25 2 0.008979688544346852
26 2 0.002222353659836313
27 2 -0.01099944025814673
0 3 2.585928482934879e-17
1 3 -0.03502012188445439
2 3 0.00090730142805168
3 3 0.09699877098579128
4 3 -0.0004981884087567133
5 3 -0.539417391039608
6 3 1.32325197584369
7 3 -1.744449175094357
8 3 1.413921789051448
9 3 -0.6181548855675353
10 3 0.0002115787669388074
11 3 0.1306782133860609
12 3 -0.000122547571719157
13 3 -0.05916580415812622
14 3 1.467703654583023e-05
15 3 0.03484927809027721
16 3 0.0001234138967732346
17 3 -0.02368883769428302
18 3 -0.0003078453646337767
19 3 0.01772723917487741
20 3 0.0005647753179081683
21 3 -0.01430382794585104
22 3 -0.0009424572054986233
23 3 0.01237652368295456
24 3 0.001547052753347928
25 3 -0.01167513363687626
26 3 -0.002699001565345454
27 3 0.01402504020096848
0 4 -7.439253347987488e-17
1 4 0.02140948827419769
2 4 -0.001102212235040754
3 4 -0.04454163245865598
4 4 0.0006171540643454854
5 4 0.115167400126852
6 4 -0.0004784070896355378
7 4 -0.6181548855675368
8 4 1.500385141480118
9 4 -1.962291480779014
10 4 1.580841101669323
11 4 -0.6879149270523525
12 4 0.0002002397758947205
13 4 0.1445841229916866
14 4 -8.041928371264806e-05
15 4 -0.0653505092748032
16 4 -7.592739052349232e-05
17 4 0.03859054109429875
18 4 0.0002892107175813047
19 4 -0.02643615726891016
20 4 -0.0005929245716058099
21 4 0.02008261437554892
22 4 0.001049300455343691
23 4 -0.01665047660587763
24 4 -0.001795613562757031
25 4 0.01523427314471216
26 4 0.003245156702974282
27 4 -0.01786675512722738
0 5 9.893614468075789e-17
1 5 -0.01507208040558933
2 5 0.001329775123926731
3 5 0.02636872884406086
4 5 -0.0007590455522438025
5 5 -0.0523994547734038
6 5 0.0006031355978165011
7 5 0.1306782133860666
8 5 -0.0005024778695066248
9 5 -0.6879149270523559
10 5 1.658722206451463
11 5 -2.158199469225451
12 5 1.731744732847766
13 5 -0.7513481434698838
14 5 0.0001763815739724829
15 5 0.1574558447616282
16 5 -3.138302447317701e-06
17 5 -0.07126902590836996
18 5 -0.0002394327984899693
19 5 0.04237764628496044
20 5 0.0005942875397181326
21 5 -0.02946324577384624
22 5 -0.001142145991314432
23 5 0.02301462397443541
24 5 0.002062182437751496
25 5 -0.02021076952688148
26 5 -0.003893650805901682
27 5 0.02299305503856651
0 6 -2.387980210078778e-17
1 6 0.01168084568832302
2 6 -0.001601342018464701
3 6 -0.0178700814059743
4 6 0.0009317471368097609
5 6 0.03088956752327144
6 6 -0.0007583329941528887
7 6 -0.05916580415813597
8 6 0.0006522359911841784
9 6 0.1445841229916959
10 6 -0.0005572932655898996
11 6 -0.7513481434698887
12 6 1.803226476336671
13 6 -2.337555893840144
14 6 1.870513772877889
15 6 -0.8100955973412929
16 6 0.0001278340049216806
17 6 0.1697176362396643
18 6 0.0001429710918597054
19 6 -0.077235565906294
20 6 -0.000552870763962516
21 6 0.04656944226982183
22 6 0.001207710248810562
23 6 -0.03330385825409504
24 6 -0.00234519954418574
25 6 0.02760736266275888
26 6 0.004683413638752984
27 6 -0.03017397110756827
0 7 -6.30375089024839e-18
1 7 -0.009752689700044878
2 7 0.001932649941198974
3 7 0.01321574107868178
4 7 -0.00114641160916218
5 7 -0.02092872549105341
6 7 0.0009552967107371975
7 7 0.03484927809029253
8 7 -0.0008468746952220551
9 7 -0.06535050927481896
10 7 0.0007544426913773723
11 7 0.1574558447616348
12 7 -0.0006512055249374069
13 7 -0.8100955973412951
14 7 1.937007384624689
15 7 -2.503736602092333
16 7 1.999678636075061
17 7 -0.8653509320289851
18 7 2.710725656538685e-05
19 7 0.1818257608829066
20 7 0.0004388750411353332
21 7 -0.08374086175856044
22 7 -0.001217323255130666
23 7 0.05190943084153959
24 7 0.002630673501751488
25 7 -0.03947197546056062
26 7 -0.005663487659995231
27 7 0.04081007335042369
0 8 -1.361450777393264e-17
1 8 0.008674682123730952
2 8 -0.002347497904977721
3 8 -0.01041967717313623
4 8 0.001420050732734849
5 8 0.01553471904187595
6 8 -0.001211431058160488
7 8 -0.02368883769430202
8 8 0.001105818143084592
9 8 0.03859054109432684
10 8 -0.001023835660391843
11 8 -0.07126902590838576
12 8 0.0009340534623956101
13 8 0.1697176362396645
14 8 -0.0008112348401664299
15 8 -0.8653509320289841
16 8 2.062176056872823
17 8 -2.658890849602499
18 8 2.121001702382167
19 8 -0.9182071845464074
20 8 -0.000196015594387671
21 8 0.1945215932399113
22 8 0.001110627486346416
23 8 -0.09188967709488866
24 8 -0.002874591176424016
25 8 0.06064123934662721
26 8 0.006892098442525377
27 8 -0.05772619120103504
0 9 1.661330684728437e-17
1 9 -0.008176264687074697
2 9 0.002885179023686802
3 9 0.008654303782471114
4 9 -0.001780816310098664
5 9 -0.01234946221098996
6 9 0.001555658802685155
7 9 0.01772723917489755
8 9 -0.001461565436007743
9 9 -0.02643615726893472
10 9 0.001403632219831588
11 9 0.04237764628499054
12 9 -0.001345486633578987
13 9 -0.07723556590630298
14 9 0.001258367178433319
15 9 0.1818257608828986
16 9 -0.001104689622788933
17 9 -0.9182071845463994
18 9 2.180270867077252
19 9 -2.804169925602302
20 9 2.235780239319396
21 9 -0.9701283803023693
22 9 -0.0007551995799133683
23 9 0.2095719406044373
24 9 0.002952886909951436
25 9 -0.1052579761405418
26 9 -0.008413852113974796
27 9 0.08743994513336779
0 10 -8.895161220620474e-18
1 10 0.008164818792054523
2 10 -0.003618372274984331
3 10 -0.007536068045336477
4 10 0.002280684205224833
5 10 0.01040767105432146
6 10 -0.002041379634181697
7 10 -0.01430382794587974
8 10 0.00197427340248384
9 10 0.0200826143755735
10 10 -0.001964897746706072
11 10 -0.02946324577387331
12 10 0.001972299483483616
13 10 0.04656944226984659
14 10 -0.001966051819171084
15 10 -0.08374086175855334
16 10 0.001905735614867589
17 10 0.1945215932398905
18 10 -0.001718906278442593
19 10 -0.9701283803023475
20 10 2.292543169044191
21 10 -2.939305769755111
22 10 2.345043116327886
23 10 -1.024369732375344
24 10 -0.002503820658784281
25 10 0.233253371926559
26 10 0.0101283780885175
27 10 -0.1483212145816866
0 11 4.040328832472099e-18
1 11 -0.008709180101678593
2 11 0.004706809134956148
3 11 0.00690005539811654
4 11 -0.003033315492083299
5 11 -0.009297327877402946
6 11 0.00278493545945052
7 11 0.0123765236829913
8 11 -0.002774779303070993
9 11 -0.01665047660592631
10 11 0.002862388943937669
11 11 0.02301462397444996
12 11 -0.00300457530844818
13 11 -0.03330385825412294
14 11 0.003175790600446338
15 11 0.0519094308415641
16 11 -0.003343590698434376
17 11 -0.09188967709485442
18 11 0.003442070252654032
19 11 0.2095719406043905
20 11 -0.003311100418294383
21 11 -1.024369732375323
22 11 2.400430291644397
23 11 -3.059847784445713
24 11 2.449822232956905
25 11 -1.093664568635459
26 11 -0.0110313680896427
27 11 0.3138192440575731
1 12 0.01025782313242055
2 12 -0.006630293040181173
3 12 -0.006790293421060828
4 12 0.004377581411241088
5 12 0.00897968854433058
6 12 -0.004130725662859224
7 12 -0.01167513363687294
8 12 0.004247964248272326
9 12 0.01523427314474926
10 12 -0.00454925009988652
11 12 -0.02021076952691203
12 12 0.004997999704257905
13 12 0.02760736266274594
14 12 -0.005596104691277082
15 12 -0.03947197546059733
16 12 0.006360370408705629
17 12 0.06064123934671628
18 12 -0.007305443942041578
19 12 -0.1052579761405288
20 12 0.008396514191855942
21 12 0.233253371926565
22 12 -0.009355255916002281
23 12 -1.093664568635478
24 12 2.508686345921116
25 12 -3.135761960061863
26 12 2.552802170405571
27 12 -1.30733895439916
1 13 -0.01644653051294231
2 13 0.01275611419582456
3 13 0.008453695713246556
4 13 -0.008669983362190936
5 13 -0.01099944025805338
6 13 0.008450160444155252
7 13 0.01402504020080442
8 13 -0.009016154251118014
9 13 -0.01786675512701608
10 13 0.01007903020103773
11 13 0.02299305503847709
12 13 -0.01165634027574464
13 13 -0.03017397110762843
14 13 0.01390443458832874
15 13 0.04081007335056741
16 13 -0.01714157326321308
17 13 -0.0577261912012722
18 13 0.02197666991960939
19 13 0.08743994513377612
20 13 -0.02965119804974825
21 13 -0.1483212145820308
22 13 0.04303032873159929
23 13 0.313819244057896
24 13 -0.07018261515820501
25 13 -1.307338954399435
26 13 2.741534316672551
27 13 -2.383398124231172
