162
0 0 1
1 0 -1.416103329901191
2 0 1.052486226078722
3 0 -0.3277802802279213
4 0 -0.09704288087829699
5 0 0.0755250628922334
6 0 0.0515557040988734
7 0 -0.03716729919103069
8 0 -0.03332800861726513
9 0 0.02428208083189813
10 0 0.02379713067604031
11 0 -0.01897246605850457
12 0 -0.01816902481983396
13 0 0.0171799762862296
14 0 0.01481165699105408
15 0 -0.01824661551042803
16 0 -0.01347216526272111
17 0 0.02754930327432851
0 1 2.618083180803812e-17
1 1 -0.3277802802279211
2 1 0.8672450384004258
3 1 -1.195564355690205
4 1 0.999398884679769
5 1 -0.4476353158466242
6 1 0.0003509732583209308
7 1 0.09834293814756531
8 1 -0.000105203497290037
9 1 -0.04625407271776658
10 1 -0.0002133401320177542
11 1 0.02857540287888996
12 1 0.0006845188556689063
13 1 -0.02080476369389284
14 1 -0.001463371424955349
15 1 0.0174513979118413
16 1 0.003001769041248752
17 1 -0.01917694393709938
0 2 -1.030515896003264e-16
1 2 0.07552506289223336
2 2 -0.001694542714937081
3 2 -0.4476353158466245
4 2 1.11892078474361
5 2 -1.49397192984253
6 2 1.224162104895591
7 2 -0.5412223611238396
8 2 0.0002878160297230133
9 2 0.1175014149597554
10 2 0.0001048586241572026
11 2 -0.05545532258415892
12 2 -0.0007102162652789333
13 2 0.03501981707375367
14 2 0.001757194243249471
15 2 -0.02697404983854985
16 2 -0.003918949145125101
17 2 0.02806158360347783
0 3 6.790455941121241e-17
1 3 -0.03716729919103137
2 3 0.002295116496505585
3 3 0.0983429381475649
4 3 -0.001270621688971699
5 3 -0.5412223611238406
6 3 1.323795482786583
7 3 -1.742074449246173
8 3 1.413625649974422
9 3 -0.6212795066879843
10 3 0.0001308610792377021
11 3 0.1348490920512905
12 3 0.0006140949618860006
13 3 -0.0649218271482267
14 3 -0.001984121498542167
15 3 0.04344599052086256
16 3 0.004992460189120111
17 3 -0.04165840714053045
0 4 -5.528193172164432e-17
1 4 0.02428208083189777
2 4 -0.003097158559575524
3 4 -0.04625407271776729
4 4 0.001810790433700808
5 4 0.1175014149597568
6 4 -0.001426263897479507
7 4 -0.6212795066879852
8 4 1.501082024056176
9 4 -1.958095848462705
10 4 1.580552270810413
11 4 -0.6936493967114195
12 4 -0.0002894458450633508
13 4 0.1527154089092274
14 4 0.002050134243037812
15 4 -0.07785327862231647
16 4 -0.006279466834329356
17 4 0.0652343065215138
0 5 5.414692876884537e-17
1 5 -0.01897246605850578
2 5 0.004230715517270771
3 5 0.0285754028788913
4 5 -0.002612282662130642
5 5 -0.05545532258416034
6 5 0.002223987541472447
7 5 0.1348490920512917
8 5 -0.001924905390349574
9 5 -0.6936493967114195
10 5 1.659777718018396
11 5 -2.150130747790323
12 5 1.731523656344606
13 5 -0.7632052844573889
14 5 -0.001655555958688515
15 5 0.1764816085420429
16 5 0.007703949661072216
17 5 -0.1133836438660286
0 6 -3.902629332394757e-17
1 6 0.01717997628622943
2 6 -0.005973763503429167
3 6 -0.02080476369389279
4 6 0.00390259760726699
5 6 0.03501981707375502
6 6 -0.003583364122170877
7 6 -0.06492182714822824
8 6 0.003473033076115966
9 6 0.1527154089092282
10 6 -0.00326459298765743
11 6 -0.76320528445739
12 6 1.805325824724855
13 6 -2.319277636706057
14 6 1.870640258828038
15 6 -0.8413809223667521
16 6 -0.008442507538439031
17 6 0.2443561487829226
0 7 5.026024339513139e-17
1 7 -0.01824661551042868
2 7 0.009142453772668757
3 7 0.01745139791184136
4 7 -0.006346928563837935
5 7 -0.02697404983854984
6 7 0.006299278795129635
7 7 0.0434459905208654
8 7 -0.006797382472101098
9 7 -0.07785327862231887
10 7 0.007553569357989658
11 7 0.1764816085420427
12 7 -0.008262461688413342
13 7 -0.8413809223667534
14 7 1.944154904108112
15 7 -2.444385500792777
16 7 2.002112251637729
17 7 -1.032048918131062
0 8 -4.217697371653371e-17
1 8 0.02754930327432647
2 8 -0.01931763996226678
3 8 -0.01917694393709596
4 8 0.01441112062475824
5 8 0.02806158360347289
6 8 -0.0156310972243126
7 8 -0.04165840714052669
8 8 0.01895001725944151
9 8 0.06523430652151865
10 8 -0.02485074343513099
11 8 -0.1133836438660382
12 8 0.03550445059273785
13 8 0.2443561487829308
14 8 -0.05736011921450349
15 8 -1.032048918131071
16 8 2.177891472441799
17 8 -1.898411968852232
