666
0 0 0.9999999999999996
1 0 -1.436186117748172
2 0 1.072938744584454
3 0 -0.3245311686489801
4 0 -0.1093723959496257
5 0 0.07140357508624613
6 0 0.06210082191150578
7 0 -0.03206430759669913
8 0 -0.04305676822395119
9 0 0.01799071919827328
10 0 0.03300336647868007
11 0 -0.01114430473006409
12 0 -0.02688850846957132
13 0 0.007178176229790504
14 0 0.02283187696136898
15 0 -0.004584835469861285
16 0 -0.01998158372822584
17 0 0.002717190922769677
18 0 0.01789920263838553
19 0 -0.001251518082526497
20 0 -0.0163384100203939
21 0 1.967992561693411e-06
22 0 0.01515237877008319
23 0 0.00115698817825489
24 0 -0.01425091948140983
25 0 -0.002331876921172352
26 0 0.01357971299168769
27 0 0.00364494417777239
28 0 -0.01311127578976081
29 0 -0.005290302041694165
30 0 0.01284506045659293
31 0 0.007690533084963483
32 0 -0.01282181656462859
33 0 -0.01220140272933922
34 0 0.01318118614502796
35 0 0.02936114337565484
36 0 -0.04735647540060629
0 1 2.457249468311448e-16
1 1 -0.3245311686489936
2 1 0.8647468938581826
3 1 -1.196912919194425
4 1 1.000733734911793
5 1 -0.4459332956190619
6 1 -0.0005967124015293436
7 1 0.09624715533622537
8 1 0.0005234678362365409
9 1 -0.04368620734445725
10 1 -0.0004723126471901733
11 1 0.02540311804628196
12 1 0.0004306677113106044
13 1 -0.01678432028147983
14 1 -0.000392984644633407
15 1 0.01199569367567724
16 1 0.0003560793599110447
17 1 -0.009045307099162538
18 1 -0.0003176473742607148
19 1 0.007095757303091512
20 1 0.0002756232282298203
21 1 -0.005744201582362052
22 1 -0.0002277877325933245
23 1 0.004778872596381206
24 1 0.0001713966134122409
25 1 -0.004083569472874454
26 1 -0.0001026655635361276
27 1 0.003597958610701546
28 1 1.585527668965717e-05
29 1 -0.003306017619320023
30 1 9.865684477861712e-05
31 1 0.003256048555841961
32 1 -0.0002591860324670735
33 1 -0.003700047731990823
34 1 0.0005077780804296581
35 1 0.006819124553520929
36 1 -0.007916421305234489
0 2 4.096730641818228e-17
1 2 0.07140357508626484
2 2 0.001528616610638155
3 2 -0.4459332956190614
4 2 1.117154097347677
5 2 -1.496144972794781
6 2 1.225462774745588
7 2 -0.5385116238354607
8 2 -0.000632031962417583
9 2 0.1141312479841569
10 2 0.0005725235351865507
11 2 -0.05122339306775843
12 2 -0.000524360188529505
13 2 0.02955933133846201
14 2 0.0004809049443926633
15 2 -0.01942443744903141
16 2 -0.0004383303693855107
17 2 0.01382855599779671
18 2 0.0003938430960047143
19 2 -0.01040051460608783
20 2 -0.0003449134140745016
21 2 0.008149689039388184
22 2 0.0002887970130108106
23 2 -0.006603359954772313
24 2 -0.0002220761766334795
25 2 0.005517175406221055
26 2 0.0001400184870080906
27 2 -0.004764191529985884
28 2 -3.543585662742319e-05
29 2 0.00429523428645186
30 2 -0.0001037158670128742
31 2 -0.004151874976827303
32 2 0.0003003074972259051
33 2 0.004631138042339535
34 2 -0.0006066527028343081
35 2 -0.008391505821151462
36 2 0.00967086409941377
0 3 -1.556046069874142e-16
1 3 -0.03206430759675426
2 3 -0.001771283116585582
3 3 0.09624715533621689
4 3 0.001022788430361249
5 3 -0.5385116238354514
6 3 1.322038288892752
7 3 -1.745506721175958
8 3 1.414953560040378
9 3 -0.6169383842649019
10 3 -0.0006731416158681865
11 3 0.1292891532418665
12 3 0.0006194259458986129
13 3 -0.057584422044023
14 3 -0.0005711588090199448
15 3 0.0330483717587861
16 3 0.0005238826011209301
17 3 -0.02163065278841209
18 3 -0.0004743157082486233
19 3 0.01535681562536754
20 3 0.000419453480352804
21 3 -0.01153341672451777
22 3 -0.0003560021222605025
23 3 0.009041119949675672
24 3 0.000279826692630289
25 3 -0.007351311417769061
26 3 -0.0001851727072951472
27 3 0.006199595306314465
28 3 6.327920568618087e-05
29 3 -0.005468625961015539
30 3 0.0001005333503517823
31 3 0.005174944170835362
32 3 -0.0003340837760555972
33 3 -0.005651660229941459
34 3 0.0007007690238635853
35 3 0.01004290201392511
36 3 -0.01147531841129716
0 4 1.384455661522038e-16
1 4 0.0179907191983492
2 4 0.002022711965683423
3 4 -0.04368620734444675
4 4 -0.001171858157212374
5 4 0.1141312479841442
6 4 0.0009629074838245465
7 4 -0.6169383842648996
8 4 1.499145641335705
9 4 -1.96369927591413
10 4 1.581919472474293
11 4 -0.6862968724996981
12 4 -0.0007219595786177441
13 4 0.1427288293993549
14 4 0.0006695294272612926
15 4 -0.06322110770025373
16 4 -0.0006182387736529382
17 4 0.03613608317801868
18 4 0.0005642899514928746
19 4 -0.02358294069088623
20 4 -0.0005041655001383722
21 4 0.01671428764539273
22 4 0.0004339655259046609
23 4 -0.01255211025239188
24 4 -0.0003487496429924584
25 4 0.009866489055206932
26 4 0.0002415998283996932
27 4 -0.008087616089711674
28 4 -0.0001019476898584063
29 4 0.006954409903995176
30 4 -8.79302245218165e-05
31 4 -0.006422283792792657
32 4 0.0003615714453716966
33 4 0.006846205349362058
34 4 -0.00079513050610323
35 4 -0.0118937134302888
36 4 0.01345318958356157
0 5 -1.138868844310504e-16
1 5 -0.01114430473016914
2 5 -0.002293357380474155
3 5 0.02540311804626684
4 5 0.001333324466234895
5 5 -0.05122339306774247
6 5 -0.001099807750712465
7 5 0.1292891532418629
8 5 0.0009799837484004276
9 5 -0.6862968724996956
10 5 1.657412715265921
11 5 -2.160072597517139
12 5 1.732887308939693
13 5 -0.7491833342509409
14 5 -0.000780502940712223
15 5 0.1549494491998683
16 5 0.0007258674774866138
17 5 -0.06835208712108651
18 5 -0.0006682362161936911
19 5 0.03895061804027097
20 5 0.0006035232996841358
21 5 -0.02537015362627206
22 5 -0.0005271427448680321
23 5 0.01797182080755769
24 5 0.0004332248154738786
25 5 -0.01352294679521487
26 5 -0.000313487579245272
27 5 0.01070253046913434
28 5 0.0001552181529895144
29 5 -0.008927371807823851
30 5 6.294790006308588e-05
31 5 0.008013311388538872
32 5 -0.0003814130233437954
33 5 -0.00830636040716848
34 5 0.0008916201161483887
35 5 0.01405373264840785
36 5 -0.01570529365793678
0 6 6.445745757521146e-17
1 6 0.007178176229786131
2 6 0.002592612681061629
3 6 -0.01678432028149206
4 6 -0.001512895472532856
5 6 0.02955933133848304
6 6 0.001253020536967759
7 6 -0.05758442204406734
8 6 -0.001121549866081247
9 6 0.1427288293994111
10 6 0.001034842515851825
11 6 -0.7491833342510088
12 6 1.801807983175281
13 6 -2.340079856074067
14 6 1.871737460176014
15 6 -0.8071446617436475
16 6 -0.0008515917355235577
17 6 0.166245602872218
18 6 0.00079115150870067
19 6 -0.07310618744763799
20 6 -0.0007227221901748017
21 6 0.04156980802174792
22 6 0.0006409309455296262
23 6 -0.02705141512012234
24 6 -0.0005388194624861823
25 6 0.0191862562842605
26 6 0.000406478087485995
27 6 -0.01451729279162576
28 6 -0.0002285947265255486
29 6 0.0116670677287844
30 6 -2.066001400503232e-05
31 6 -0.01012557349066267
32 6 0.0003901667640184808
33 6 0.01015718848475954
34 6 -0.0009902729012991342
35 6 -0.01665565547559289
36 6 0.01834273263579362
0 7 -5.083615485760266e-17
1 7 -0.004584835469857367
2 7 -0.002930850475807885
3 7 0.01199569367569644
4 7 0.001716960477342998
5 7 -0.01942443744905911
6 7 -0.001428170601639007
7 7 0.03304837175884568
8 7 0.001284450231259142
9 7 -0.06322110770032886
10 7 -0.001191508077946352
11 7 0.1549494491999533
12 7 0.001120908584084525
13 7 -0.8071446617436548
14 7 1.93543165849594
15 7 -2.507225001795197
16 7 2.001001386003579
17 7 -0.861194907823685
18 7 -0.0009393576321930109
19 7 0.1768121451913895
20 7 0.0008684867679030431
21 7 -0.07757176426232898
22 7 -0.0007824941400201434
23 7 0.0440530396932605
24 7 0.0006731369311440041
25 7 -0.02868265350347459
26 7 -0.0005285410325146487
27 7 0.02043080833498043
28 7 0.0003301948716653251
29 7 -0.01566302623877254
30 7 -4.668348169438725e-05
31 7 0.01304889093322546
32 7 -0.0003816020283048373
33 7 -0.01258883627493795
34 7 0.001089052935704443
35 7 0.01988278453220573
36 7 -0.02150743911825688
0 8 1.641248457098814e-17
1 8 0.002717190922705717
2 8 0.003321026183542591
3 8 -0.009045307099201084
4 8 -0.001953558564119553
5 8 0.01382855599784766
6 8 0.001632390845055139
7 8 -0.02163065278850661
8 8 -0.001475582002651416
9 8 0.03613608317814547
10 8 0.001376617005751112
11 8 -0.06835208712122835
12 8 -0.001303418233461707
13 8 0.1662456028722639
14 8 0.001241748044283244
15 8 -0.8611949078237282
16 8 2.060369596291503
17 8 -2.663914052016696
18 8 2.122441740564351
19 8 -0.9120455014868808
20 8 -0.001050041400912791
21 8 0.1867911860842779
22 8 0.0009618303865226483
23 8 -0.08182097776862704
24 8 -0.0008470050447500235
25 8 0.04646170310055697
26 8 0.0006913072528166696
27 8 -0.03034377954556366
28 8 -0.0004722429648787653
29 8 0.0218489286762968
30 8 0.0001512910501648309
31 8 -0.01729294921684543
32 8 0.0003450421336190658
33 8 0.01591205765139883
34 8 -0.001182589133834932
35 8 -0.02400884544335403
36 8 0.02539588815749936
0 9 -1.31700463523684e-17
1 9 -0.001251518082394656
2 9 -0.003780663662318911
3 9 0.007095757303153136
4 9 0.002233600087640262
5 9 -0.01040051460617106
6 9 -0.001875397825207988
7 9 0.01535681562550265
8 9 0.001704380047804351
9 9 -0.02358294069105643
10 9 -0.001599708936319876
11 9 0.03895061804048478
12 9 0.001525072596175319
13 9 -0.07310618744773548
14 9 -0.001464403426910584
15 9 0.176812145191473
16 9 0.001408251875244145
17 9 -0.9120455014869144
18 9 2.178100114674084
19 9 -2.811879182384266
20 9 2.23734856200249
21 9 -0.9602244900151552
22 9 -0.001193439889665777
23 9 0.1962997028004846
24 9 0.001076391071084502
25 9 -0.08593004687791819
26 9 -0.0009122907787064329
27 9 0.04888785390641123
28 9 0.0006736562503059353
29 9 -0.03219993113409408
30 9 -0.00031279804651516
31 9 0.02382996858259291
32 9 -0.0002621394420129178
33 9 -0.02067096833977403
34 9 0.001259304675963662
35 9 0.02946901474893076
36 9 -0.03029563327246767
0 10 9.534705961010378e-17
1 10 1.967992400194696e-06
2 10 0.004334988512745931
3 10 -0.005744201582436371
4 10 -0.002572806841490805
5 10 0.008149689039492217
6 10 0.002171211494601102
7 10 -0.0115334167246922
8 10 -0.001984481152553476
9 10 0.01671428764560243
10 10 0.001874603207254825
11 10 -0.02537015362653153
12 10 -0.001800240137130301
13 10 0.04156980802187994
14 10 0.001743204512274451
15 10 -0.07757176426243208
16 10 -0.001692869292685315
17 10 0.1867911860842997
18 10 0.001641084123420127
19 10 -0.9602244900151203
20 10 2.289708070782606
21 10 -2.952408614719363
22 10 2.346707052894262
23 10 -1.006148517881812
24 10 -0.001385718216337626
25 10 0.2054550456277495
26 10 0.001218808013765301
27 10 -0.09001274837674789
28 10 -0.0009647167735254889
29 10 0.05152718236543403
30 10 0.0005638086524238539
31 10 -0.03471449489633219
32 10 0.0001005550210473902
33 10 0.02789760318488772
34 10 -0.001295242959821842
35 10 -0.03700152209390932
36 10 0.03664922292776635
0 11 -9.29367206362222e-17
1 11 0.001156988178426731
2 11 -0.005022558702953266
3 11 0.004778872596467095
4 11 0.002995203381016264
5 11 -0.006603359954892442
6 11 -0.002541253703052189
7 11 0.009041119949896327
8 11 0.002336725791248483
9 11 -0.01255211025267491
10 11 -0.002222432955617553
11 11 0.01797182080786381
12 11 0.002150922367640342
13 11 -0.02705141512027182
14 11 -0.002101514178007278
15 11 0.04405303969339341
16 11 0.002062288842167067
17 11 -0.08182097776860044
18 11 -0.002024201199448861
19 11 0.1962997028003572
20 11 0.001978272029444348
21 11 -1.006148517881712
22 11 2.396002317187724
23 11 -3.086474470690872
24 11 2.45130373256014
25 11 -1.050179700423834
26 11 -0.001655310841384785
27 11 0.2144185903092404
28 11 0.001395988303240929
29 11 -0.09431133768281204
30 11 -0.0009607910236510416
31 11 0.05494428771139481
32 11 0.0001990434979027235
33 11 -0.03976044957644876
34 11 0.001240282516958917
35 11 0.04795952012536463
36 11 -0.04517587892398651
0 12 8.020517615525443e-17
1 12 -0.002331876921363629
2 12 0.005906459736515592
3 12 -0.004083569472987845
4 12 -0.003540056279549024
5 12 0.005517175406356344
6 12 0.003020503306934317
7 12 -0.007351311418021059
8 12 -0.002795116485513201
9 12 0.009866489055567262
10 12 0.002677661691451626
11 12 -0.01352294679564175
12 12 -0.002613000214613338
13 12 0.01918625628439662
14 12 0.002577464692052857
15 12 -0.02868265350360543
16 12 -0.002557754497189435
17 12 0.04646170310057768
18 12 0.002544042670100563
19 12 -0.08593004687769643
20 12 -0.002526668774402197
21 12 0.2054550456275162
22 12 0.00249355736578319
23 12 -1.050179700423694
24 12 2.497573019431249
25 12 -3.214791397078576
26 12 2.551807894261054
27 12 -1.092701439294726
28 12 -0.002056575372627591
29 12 0.2235169423846951
30 12 0.00160703861511406
31 12 -0.09953977978302922
32 12 -0.0007516754371276937
33 12 0.06150560909723833
34 12 -0.0009851342033242564
35 12 -0.06508493553869169
36 12 0.05712378896799351
0 13 -6.921902919691857e-17
1 13 0.003644944177983302
2 13 -0.007099182429574239
3 13 0.003597958610797603
4 13 0.004277281693838084
5 13 -0.004764191530215026
6 13 -0.003671148297986782
7 13 0.006199595306603745
8 13 0.003420016263361756
9 13 -0.008087616090082376
10 13 -0.003301389525799809
11 13 0.01070253046975964
12 13 0.00325002254714533
13 13 -0.01451729279191485
14 13 -0.003238562616425376
15 13 0.02043080833510265
16 13 0.003252316728378105
17 13 -0.03034377954546168
18 13 -0.003281055548877902
19 13 0.04888785390621163
20 13 0.003315111073482967
21 13 -0.09001274837633709
22 13 -0.003342310945162894
23 13 0.2144185903089065
24 13 0.003344009851356002
25 13 -1.092701439294525
26 13 2.594788056385783
27 13 -3.337789161452839
28 13 2.648866472935004
29 13 -1.134306490330087
30 13 -0.002705736375353944
31 13 0.2337164010367624
32 13 0.001797593213538234
33 13 -0.1088174699358705
34 13 0.000274250183287585
35 13 0.09476208006490452
36 13 -0.0748510915445193
0 14 7.166834612733908e-17
1 14 -0.005290302041948032
2 14 0.008826613960290245
3 14 -0.003306017619442225
4 14 -0.00534704142173819
5 14 0.004295234286534507
6 14 0.00461763141048195
7 14 -0.005468625961741948
8 14 -0.004331982899370854
9 14 0.006954409904470835
10 14 0.004215405857239175
11 14 -0.008927371808335794
12 14 -0.004188420664497817
13 14 0.01166706772929469
14 14 0.004218897354507539
15 14 -0.01566302623927252
16 14 -0.004290929127172919
17 14 0.02184892867612224
18 14 0.004394875454691838
19 14 -0.03219993113359855
20 14 -0.004522793033444086
21 14 0.05152718236493649
22 14 0.004664975521887616
23 14 -0.09431133768222913
24 14 -0.004805405882763879
25 14 0.2235169423842413
26 14 0.004913356077669078
27 14 -1.134306490329843
28 14 2.687657300782523
29 14 -3.455345398696499
30 14 2.743312151811969
31 14 -1.176546333405385
32 14 -0.003894056839352123
33 14 0.2494461966179466
34 14 0.001557268341658843
35 14 -0.155320403937875
36 14 0.1033675424939272
0 15 -1.457677577633706e-17
1 15 0.007690533085223576
2 15 -0.0116323196442088
3 15 0.003256048555830119
4 15 0.007086042370500256
5 15 -0.00415187497690277
6 15 -0.006158319924885459
7 15 0.005174944170754403
8 15 0.005819440730290927
9 15 -0.006422283794595959
10 15 -0.005710383530406535
11 15 0.008013311389154464
12 15 0.005729172001984065
13 15 -0.01012557349043801
14 15 -0.005836839115804807
15 15 0.01304889093405682
16 15 0.006016903884533381
17 15 -0.0172929492170978
18 15 -0.006262840751788041
19 15 0.02382996858213954
20 15 0.006572911666970493
21 15 -0.03471449489602617
22 15 -0.006946905116009022
23 15 0.05494428771107403
24 15 0.007382143048904211
25 15 -0.09953977978258144
26 15 -0.00786541633069981
27 15 0.2337164010365423
28 15 0.008352913671343051
29 15 -1.176546333405454
30 15 2.775167907401163
31 15 -3.565325155265632
32 15 2.836983282615308
33 15 -1.226775347951581
34 15 -0.00655421917648458
35 15 0.3225362212257292
36 15 -0.1553791649886892
0 16 -1.107895961141649e-17
1 16 -0.01220140272951374
2 16 0.01732292368481747
3 16 -0.003700047731962028
4 16 -0.01061160635579741
5 16 0.004631138041538434
6 16 0.009281460001457109
7 16 -0.005651660230030813
8 16 -0.008835609953017815
9 16 0.006846205347702874
10 16 0.008744522097823207
11 16 -0.008306360411587792
12 16 -0.00886152585783978
13 16 0.01015718848327709
14 16 0.009135312205310787
15 16 -0.0125888362752411
16 16 -0.009550728546599626
17 16 0.01591205765332447
18 16 0.01011171144433918
19 16 -0.0206709683404832
20 16 -0.01083616532613524
21 16 0.02789760318480659
22 16 0.01175551660058
23 16 -0.03976044957714012
24 16 -0.01291665516316974
25 16 0.06150560909796587
26 16 0.01438463461142393
27 16 -0.1088174699365508
28 16 -0.01624134201304344
29 16 0.2494461966190281
30 16 0.01855915243534672
31 16 -1.226775347952674
32 16 2.851034142861363
33 16 -3.651461135678201
34 16 2.938642510642254
35 16 -1.386441377141118
36 16 0.2749266793075188
0 17 1.27540210347647e-16
1 17 0.02936114337471425
2 17 -0.04008907589720086
3 17 0.006819124552575172
4 17 0.02468818286337541
5 17 -0.008391505820497533
6 17 -0.02172638654823768
7 17 0.01004290201008949
8 17 0.02083084209288172
9 17 -0.01189371342551081
10 17 -0.02078925038362762
11 17 0.01405373263725327
12 17 0.02127671038943861
13 17 -0.01665565547662535
14 17 -0.02219437110942563
15 17 0.01988278453088229
16 17 0.02353639544015038
17 17 -0.02400884544484655
18 17 -0.02535673042770482
19 17 0.02946901475614672
20 17 0.02776834765360641
21 17 -0.03700152210331468
22 17 -0.03096313647125185
23 17 0.04795952013454888
24 17 0.03525842879259931
25 17 -0.06508493554840325
26 17 -0.04119412576299281
27 17 0.09476208007486184
28 17 0.04974493057208596
29 17 -0.1553204039482501
30 17 -0.0628336265449477
31 17 0.3225362212366873
32 17 0.08477455465659051
33 17 -1.386441377152126
34 17 2.830672135718916
35 17 -3.2794977294128
36 17 2.188428573449151
