1058
0 0 0.9999999999999997
1 0 -1.421658517919488
2 0 1.057674166828591
3 0 -0.3260924091373698
4 0 -0.1002888996198845
5 0 0.07326181587694321
6 0 0.05440436070498061
7 0 -0.03420605599326077
8 0 -0.03598094050603086
9 0 0.02042117514928743
10 0 0.02626342844303915
11 0 -0.01387984206840923
12 0 -0.02033988843366804
13 0 0.01024441231768598
14 0 0.01638670970970984
15 0 -0.008016924506832382
16 0 -0.01357914602182801
17 0 0.006561625514887437
18 0 0.01149277541376287
19 0 -0.005569592528590621
20 0 -0.009888248111862745
21 0 0.004875717176192377
22 0 0.008621077088851244
23 0 -0.004385487623915187
24 0 -0.007599401417762797
25 0 0.004042184813407251
26 0 0.006762487409097171
27 0 -0.003810926576891199
28 0 -0.006069073875350074
29 0 0.003670499213449903
30 0 0.005490781444484406
31 0 -0.003609196279332874
32 0 -0.005008357768792887
33 0 0.003623096140038887
34 0 0.004609734159027739
35 0 -0.003716416362771307
36 0 -0.004289598719338753
37 0 0.00390483997238803
38 0 0.004051005212561833
39 0 -0.004225688989275703
40 0 -0.003911516546065001
41 0 0.004770720168533612
42 0 0.003924449503419776
43 0 -0.00583304810755753
44 0 -0.004278481578517664
45 0 0.009563177737636907
0 1 6.249789172338582e-17
1 1 -0.3260924091373459
2 1 0.8662852626585344
3 1 -1.196670812701811
4 1 0.9998575026817185
5 1 -0.4462131319389288
6 1 0.0001095743681324899
7 1 0.09655923032415512
8 1 -8.958970977340853e-05
9 1 -0.04402736194344015
10 1 7.379229645029004e-05
11 1 0.02577100631144112
12 1 -5.949139870056891e-05
13 1 -0.01717671069239231
14 1 4.546319924348284e-05
15 1 0.01240997194640477
16 1 -3.09783611959865e-05
17 1 -0.009477958806223865
18 1 1.549433264442669e-05
19 1 0.007541673204381352
20 1 1.472741158319361e-06
21 1 -0.006195597212318753
22 1 -2.041768436181483e-05
23 1 0.005223438319076982
24 1 4.189793112607395e-05
25 1 -0.004501020406342455
26 1 -6.658572240661229e-05
27 1 0.003952936342762166
28 1 9.533471342199778e-05
29 1 -0.003531431921265195
30 1 -0.0001292783365209159
31 1 0.00320543189629678
32 1 0.0001699898234155648
33 1 -0.00295462420901817
34 1 -0.0002197646345206972
35 1 0.002766376006042106
36 1 0.0002821641214134286
37 1 -0.002634686380793061
38 1 -0.0003631805158589555
39 1 0.00256171386386741
40 1 0.0004741246423668294
41 1 -0.002566060241060123
42 1 -0.0006405194154212382
43 1 0.002724267193778371
44 1 0.0009419375848272394
45 1 -0.00366310237378117
0 2 -4.638826898112605e-17
1 2 0.07326181587691095
2 2 -0.0003134117977784106
3 2 -0.4462131319389279
4 2 1.11820703816264
5 2 -1.495820732489938
6 2 1.224610691620655
7 2 -0.5388741545456835
8 2 0.0001108607853341841
9 2 0.114528643960088
10 2 -9.258291458972854e-05
11 2 -0.05165317200356588
12 2 7.61169284999483e-05
13 2 0.03001914725702605
14 2 -5.999395412820251e-05
15 2 -0.0199115006939043
16 2 4.333727698473921e-05
17 2 0.01433902175235568
18 2 -2.549264026959737e-05
19 2 -0.01092865310896899
20 2 5.874103031694658e-06
21 2 0.00868658563588302
22 2 1.612015205028898e-05
23 2 -0.007134678201775037
24 2 -4.117064062342464e-05
25 2 0.006018970862151458
26 2 7.010045712337524e-05
27 2 -0.005194277494109501
28 2 -0.0001039570502530112
29 2 0.004572882705447575
30 2 0.0001441330743115938
31 2 -0.004099683743750446
32 2 -0.0001925628938202143
33 2 0.003739416626846484
34 2 0.0002520690070080333
35 2 -0.003470025833609359
36 2 -0.0003270280259548251
37 2 0.003279818374298364
38 2 0.0004247957988520282
39 2 -0.003168405907749254
40 2 -0.0005592352880040033
41 2 0.003156166375687217
42 2 0.0007615683355569919
43 2 -0.003334014085836779
44 2 -0.001128931009981372
45 2 0.004458083605511365
0 3 -7.748047336967074e-17
1 3 -0.03420605599322973
2 3 0.0003653952157044804
3 3 0.09655923032415503
4 3 -0.0002031147029142416
5 3 -0.5388741545456857
6 3 1.323034421194296
7 3 -1.74510027012902
8 3 1.414081074677731
9 3 -0.6173852135728572
10 3 0.0001120797343025126
11 3 0.1297738775794811
12 3 -9.379536134056399e-05
13 3 -0.05810471924915338
14 3 7.593026919157092e-05
15 3 0.03360142783219853
16 3 -5.746555980174012e-05
17 3 -0.02221246375929414
18 3 3.763826318696791e-05
19 3 0.01596122899635708
20 3 -1.576192155120357e-05
21 3 -0.01215061726356141
22 3 -8.871904666497239e-06
23 3 0.009655008853450144
24 3 3.706770737322381e-05
25 3 -0.007934580823179207
26 3 -6.98018837826448e-05
27 3 0.006703537673828247
28 3 0.0001083202077858054
29 3 -0.005799121744835784
30 3 -0.0001542820286780707
31 3 0.005123583720972574
32 3 0.0002099946182416634
33 3 -0.00461625546669877
34 3 -0.0002788258485479527
35 3 0.004239511652959782
36 3 0.000365996348428175
37 3 -0.003972205281236388
38 3 -0.0004802721512282322
39 3 0.003809013109288142
40 3 0.0006381484251164869
41 3 -0.003770506470696096
42 3 -0.0008767008147144355
43 3 0.003960820622760286
44 3 0.001311015156617257
45 3 -0.005264130350113348
0 4 1.283512464101821e-16
1 4 0.0204211751491889
2 4 -0.0004186345259691603
3 4 -0.0440273619434175
4 4 0.0002342540984021438
5 4 0.114528643960062
6 4 -0.0001845454181471604
7 4 -0.6173852135728239
8 4 1.500155478291983
9 4 -1.963206550258525
10 4 1.581005697649874
11 4 -0.6868331285740207
12 4 0.0001132365676042581
13 4 0.1433064421202289
14 4 -9.384745179660582e-05
15 4 -0.06383737510931101
16 4 7.380138490546767e-05
17 4 0.0367869929725298
18 4 -5.222379740739827e-05
19 4 -0.02426208217363097
20 4 2.832390210307497e-05
21 4 0.01741111647075214
22 4 -1.281288513128684e-06
23 4 -0.01324892410812165
24 4 -2.984014284798522e-05
25 4 0.01053271445204963
26 4 6.618104373279342e-05
27 4 -0.008667941931531821
28 4 -0.0001092013219342306
29 4 0.007340745556676015
30 4 0.0001608500643973878
31 4 -0.006373154632065885
32 4 -0.000223841600106734
33 4 0.005659201856720188
34 4 0.0003021410223662559
35 4 -0.00513455991366772
36 4 -0.000401894818523483
37 4 0.004762128523242383
38 4 0.0005334158244816003
39 4 -0.004527761924163903
40 4 -0.000716081705171412
41 4 0.004449978172056668
42 4 0.0009933570301129339
43 4 -0.004645434003572064
44 4 -0.001499826974491538
45 4 0.00613297126359537
0 5 -5.23329257048422e-17
1 5 -0.01387984206823352
2 5 0.000474707436291535
3 5 0.0257710063114015
4 5 -0.0002673700886982949
5 5 -0.05165317200352076
6 5 0.0002122508055984686
7 5 0.1297738775794258
8 5 -0.0001804727978855186
9 5 -0.6868331285740025
10 5 1.6584687124478
11 5 -2.159486938660747
12 5 1.731915842792578
13 5 -0.7498164999036945
14 5 0.0001142226557324003
15 5 0.1556276750610447
16 5 -9.27756428575319e-05
17 5 -0.06907151082974135
18 5 6.963152716354964e-05
19 5 0.03970474016028073
20 5 -4.388838206850112e-05
21 5 -0.02614786824774577
22 5 1.460512035919367e-05
23 5 0.01875395462471388
24 5 1.929778113381385e-05
25 5 -0.01427567949712849
26 5 -5.914175386661802e-05
27 5 0.01136366172943368
28 5 0.0001066244013876074
29 5 -0.009373747817715666
30 5 -0.0001640187484836532
31 5 0.007966941136311086
32 5 0.0002344968839373022
33 5 -0.006952177675834583
34 5 -0.0003226985293251422
35 5 0.006217432261274904
36 5 0.0004358189226116328
37 5 -0.005697978675253366
38 5 -0.0005859252321860659
39 5 0.005364156740763717
40 5 0.0007956612619168101
41 5 -0.00522872809853533
42 5 -0.001115712368769558
43 5 0.005419893247125388
44 5 0.00170260575015687
45 5 -0.007102892662484022
0 6 -5.491278727706327e-17
1 6 0.01024441231867949
2 6 -0.0005347931250942661
3 6 -0.01717671069278067
4 6 0.0003031646837334836
5 6 0.03001914725750365
6 6 -0.0002424771223379196
7 6 -0.05810471924971294
8 6 0.0002080189912162293
9 6 0.1433064421209319
10 6 -0.0001821562753950499
11 6 -0.7498164999045326
12 6 1.802935124636301
13 6 -2.339392612862442
14 6 1.87069113994229
15 6 -0.8078839521301101
16 6 0.0001148794881346935
17 6 0.167033407891809
18 6 -9.034698656196532e-05
19 6 -0.0739361130199245
20 6 6.293393706036266e-05
21 6 0.04243037807239051
22 6 -3.156733692639488e-05
23 6 -0.02792213051490336
24 6 -4.990948220594216e-06
25 6 0.02003004356819467
26 6 4.826442032884195e-05
27 6 -0.01526464536460629
28 6 -0.0001002189166909521
29 6 0.01217824959327309
30 6 0.0001634960760952003
31 6 -0.01008129478350244
32 6 -0.0002417925785616674
33 6 0.008612390713735299
34 6 0.0003405256550065541
35 6 -0.007569972827760974
36 6 -0.0004681044066596009
37 6 0.006839730971445384
38 6 0.0006386309254050675
39 6 -0.006364452814225553
40 6 -0.0008785394875400613
41 6 0.006144645506683168
42 6 0.001246876513870076
43 6 -0.006318023917283078
44 6 -0.001925476692622803
45 6 0.008212292747152858
0 7 1.001487113216131e-16
1 7 -0.00801692450751193
2 7 0.0005999658573486341
3 7 0.01240997194661453
4 7 -0.0003422997734836698
5 7 -0.0199115006941617
6 7 0.0002758061649682033
7 7 0.03360142783249837
8 7 -0.000238672672604304
9 7 -0.06383737510971751
10 7 0.0002112002446852039
11 7 0.1556276750615356
12 7 -0.0001873600711730183
13 7 -0.8078839521295561
14 7 1.93665608363617
15 7 -2.506426076491433
16 7 1.999859297752839
17 7 -0.8620504760328589
18 7 0.0001149814505744942
19 7 0.1777183001049224
20 7 -8.60954195369452e-05
21 7 -0.07851689504487729
22 7 5.282583201566809e-05
23 7 0.04501550731481174
24 7 -1.375766592391253e-05
25 7 -0.02962213583313994
26 7 -3.286058569908963e-05
27 7 0.0212699804401412
28 7 8.930068384119663e-05
29 7 -0.01624362697420908
30 7 -0.0001586287521903727
31 7 0.01300404771479437
32 7 0.0002451507247597013
33 7 -0.01082021045934176
34 7 -0.0003551933302329035
35 7 0.009311631124376977
36 7 0.0004985934592031386
37 7 -0.008270718130947636
38 7 -0.0006918561730841211
39 7 0.007590013585393966
40 7 0.0009658972070165295
41 7 -0.007245864535084669
42 7 -0.001389640354169538
43 7 0.007381128861004523
44 7 0.002174695784742129
45 7 -0.00950624643306148
0 8 -6.982382423667836e-17
1 8 0.006561625511496696
2 8 -0.0006713377117569255
3 8 -0.00947795880492194
4 8 0.0003854776682357105
5 8 0.01433902175077538
6 8 -0.0003128706353613488
7 8 -0.02221246375742991
8 8 0.0002730532605985105
9 8 0.03678699297043812
10 8 -0.0002440781708989953
11 8 -0.06907151082734383
12 8 0.0002192361595666207
13 8 0.1670334078877375
14 8 -0.0001954781818575045
15 8 -0.8620504760289068
16 8 2.061723780898333
17 8 -2.662992925330293
18 8 2.121176038410429
19 8 -0.9130267491154398
20 8 0.0001141938709555483
21 8 0.187821104890289
22 8 -7.925530192923491e-05
23 8 -0.0828770400801617
24 8 3.787630515509541e-05
25 8 0.04750038446738859
26 8 1.195331844576121e-05
27 8 -0.03127935340813023
28 8 -7.285667885064515e-05
29 8 0.02250219916236924
30 8 0.000148392909833121
31 8 -0.01724132355573505
32 8 -0.000243582751581644
33 8 0.01387277571188462
34 8 0.0003658294990669696
35 8 -0.01162857955571936
36 8 -0.0005266725694222529
37 8 0.01011463166305399
38 8 0.0007454974316166368
39 8 -0.009127991419298889
40 8 -0.001058608780830014
41 8 0.008598073768599933
42 8 0.001546803893500199
43 8 -0.008663609198888042
44 8 -0.002457379036252889
45 8 0.01104220835455489
0 9 1.186612772172571e-16
1 9 -0.005569592526541993
2 9 0.0007501562932247193
3 9 0.007541673203651534
4 9 -0.0004334990944529982
5 9 -0.01092865310809281
6 9 0.0003544033385598264
7 9 0.0159612289953237
8 9 -0.0003118892916580979
9 9 -0.02426208217251982
10 9 0.0002815410995670611
11 9 0.03970474015905224
12 9 -0.000255905232275822
13 9 -0.07393611301699358
14 9 0.0002315980984084972
15 9 0.1777183001024235
16 9 -0.0002065812204265862
17 9 -0.9130267491178861
18 9 2.179628766354532
19 9 -2.810827329413506
20 9 2.235919690657007
21 9 -0.9613360255751233
22 9 0.0001120015293356705
23 9 0.1974478404586028
24 9 -6.860342279750392e-05
25 9 -0.08706817516758213
26 9 1.578809881729452e-05
27 9 0.04992120545299345
28 9 4.947277506461627e-05
29 9 -0.03292541378849639
30 9 -0.0001313144284955736
31 9 0.0237587090818577
32 9 0.0002356030143188979
33 9 -0.01829371084609964
34 9 -0.00037102899147861
35 9 0.01482846245671675
36 9 0.0005511864554956512
37 9 -0.01256506670378361
38 9 -0.000798962882297995
39 9 0.01110849422553052
40 9 0.001157244917497837
41 9 -0.01029533966548529
42 9 -0.001721355366012063
43 9 0.01024063591191592
44 9 0.002782123125804572
45 9 -0.01289712261808222
0 10 -1.336566373940752e-16
1 10 0.004875717174922555
2 10 -0.0008378968619868984
3 10 -0.006195597211980455
4 10 0.0004873204968124525
5 10 0.008686585635490181
6 10 -0.0004012882468346071
7 10 -0.01215061726310954
8 10 0.0003560681340264581
9 10 0.01741111647033255
10 10 -0.0003245126457577877
11 10 -0.02614786824733313
12 10 0.0002983483038390974
13 10 0.04243037807017284
14 10 -0.0002738257229642979
15 10 -0.07851689504336888
16 10 0.0002486869788161079
17 10 0.1878211048947994
18 10 -0.000221199845734122
19 10 -0.9613360255770071
20 10 2.2914775910278
21 10 -2.951225432035059
22 10 2.34505531366167
23 10 -1.007380134827591
24 10 0.0001075844281274642
25 10 0.206685591571685
26 10 -5.215922938078016e-05
27 10 -0.09113771223924873
28 10 -1.720578445956982e-05
29 10 0.05231590721755406
30 10 0.000105321673756782
31 10 -0.03459794060891445
32 10 -0.0002190607800887261
33 10 0.02508201429089017
34 10 0.0003686659603248474
35 10 -0.0194534067954755
36 10 -0.0005702387072614851
37 10 0.01594188400650552
38 10 0.0008509820795977225
39 10 -0.01373511450205635
40 10 -0.00126195124568316
41 10 0.01247813950784008
42 10 0.001916551807445311
43 10 -0.01222012320866059
44 10 -0.003159732971526765
45 10 0.01517791354140359
0 11 9.82459284690925e-17
1 11 -0.004385487625585816
2 11 0.0009363718013684964
3 11 0.005223438319886272
4 11 -0.0005481240916219375
5 11 -0.007134678202781912
6 11 0.0004546246815010017
7 11 0.009655008854670695
8 11 -0.0004067001639740506
9 11 -0.01324892410969115
10 11 0.0003741558899144022
11 11 0.01875395462657857
12 11 -0.0003478089239422228
13 11 -0.02792213051501781
14 11 0.0003235083300608163
15 11 0.04501550731623504
16 11 -0.0002987583953073203
17 11 -0.08287704008915475
18 11 0.0002716418494673242
19 11 0.1974478404650216
20 11 -0.00024035540464357
21 11 -1.007380134832468
22 11 2.39811869577118
23 11 -3.085182277322404
24 11 2.449332723969141
25 11 -1.051480281631737
26 11 9.959217731671e-05
27 11 0.2156124442698567
28 11 -2.66178017533924e-05
29 11 -0.095135545221785
30 11 -6.750939485357224e-05
31 11 0.05473091034108844
32 11 0.0001908646399374951
33 11 -0.03634884751888335
34 11 -0.0003555770176243164
35 11 0.02653669731883979
36 11 0.0005808398906354819
37 11 -0.0208077985278278
38 11 -0.0008992462156942282
39 11 0.0173433706532697
40 11 0.001372154624973402
41 11 -0.01536560368829437
42 11 -0.002135912285291467
43 11 0.01476289950875253
44 11 0.003604128027156471
45 11 -0.01803819215464482
0 12 -2.014922064891227e-17
1 12 0.004042184814878182
2 12 -0.001047879683050815
3 12 -0.004501020407130522
4 12 0.0006174145191809098
5 12 0.006018970863116742
6 12 -0.0005158169477126012
7 12 -0.007934580824351299
8 12 0.0004652094044563106
9 12 0.01053271445363196
10 12 -0.0004319688381522189
11 12 -0.0142756794990595
12 12 0.0004058963021435177
13 12 0.02003004356790313
14 12 -0.0003823985321516526
15 12 -0.02962213583439759
16 12 0.0003587230337006388
17 12 0.04750038447770917
18 12 -0.0003327559595164132
19 12 -0.08706817517452646
20 12 0.0003025005687362968
21 12 0.206685591576542
22 12 -0.0002657632382173711
23 12 -1.051480281630528
24 12 2.500219882918062
25 12 -3.213475719904051
26 12 2.549348338672277
27 12 -1.09390507910709
28 12 8.57131402886605e-05
29 12 0.2243068224934455
30 12 1.376836452314761e-05
31 12 -0.0991226048842523
32 12 -0.0001465426353867171
33 12 0.05723172328563306
34 12 0.0003270439997225042
35 12 -0.03825937031038985
36 12 -0.0005783151418456516
37 12 0.02823306356444553
38 12 0.0009397711668767371
39 12 -0.02252145324294734
40 12 -0.001485990803139832
41 12 0.01931708998627237
42 12 0.002383027090464073
43 12 -0.01811865384929163
44 12 -0.004133614664292952
45 12 0.02170643795186362
0 13 3.194076516919715e-17
1 13 -0.00381092657870322
2 13 0.00117542589218262
3 13 0.003952936343689072
4 13 -0.000697162580343281
5 13 -0.005194277495358114
6 13 0.0005867082010176956
7 13 0.006703537675238108
8 13 -0.0005334694004615991
9 13 -0.008667941933399795
10 13 0.0004999280072296153
11 13 0.01136366173191909
12 13 -0.0004747408984354638
13 13 -0.01526464536447552
14 13 0.0004528260323826088
15 13 0.02126998044176906
16 13 -0.0004311554943615016
17 13 -0.0312793534206678
18 13 0.0004074106622185155
19 13 0.0499212054615041
20 13 -0.0003793954270824323
21 13 -0.09113771224490098
22 13 0.0003446777303785818
23 13 0.2156124442680104
24 13 -0.0003002738737928625
25 13 -1.09390507910663
26 13 2.59831848704007
27 13 -3.336718313107375
28 13 2.645585985179036
29 13 -1.13489317013646
30 13 6.180332383491525e-05
31 13 0.2328594856279203
32 13 7.953187441001367e-05
33 13 -0.1031850910633351
34 13 -0.0002759410641543687
35 13 0.0599231967558441
36 13 0.0005552991649281159
37 13 -0.04047197047262954
38 13 -0.0009657705427684376
39 13 0.0303837783352971
40 13 0.001599204120692873
41 13 -0.02495883082713115
42 13 -0.002660995837707937
43 13 0.02269411331309659
44 13 0.004772637455935951
45 13 -0.02653599522608164
0 14 -5.748192368668278e-17
1 14 0.003670499215435993
2 14 -0.001323069736669451
3 14 -0.003531431922316622
4 14 0.0007900315950114741
5 14 0.004572882706672488
6 14 -0.0006697914051376868
7 14 -0.005799121746789723
8 14 0.0006140174372814014
9 14 0.007340745558848799
10 14 -0.0005807148614550121
11 14 -0.009373747820380418
12 14 0.0005572398468941529
13 14 0.01217824959320615
14 14 -0.0005379686190699134
15 14 -0.01624362697651401
16 14 0.0005195813063057534
17 14 0.0225021991776989
18 14 -0.0004995531021892767
19 14 -0.03292541379837005
20 14 0.0004754926119229313
21 14 0.05231590722386279
22 14 -0.0004447319429238335
23 14 -0.09513554521839759
24 14 0.0004039576768132892
25 14 0.2243068224915516
26 14 -0.0003487654524601337
27 14 -1.134893170134871
28 14 2.692855425805066
29 14 -3.455386874020218
30 14 2.738444925049653
31 14 -1.174676777753999
32 14 2.000035346560605e-05
33 14 0.2413936924595154
34 14 0.000191290087467567
35 14 -0.1074627401952573
36 14 -0.0004999859183565194
37 14 0.06299405747944407
38 14 0.0009656118732447355
39 14 -0.04326870760483738
40 14 -0.001703006360437267
41 14 0.0334694261582152
42 14 0.002970997075256044
43 14 -0.02919197748207662
44 14 -0.005554214583149972
45 14 0.03309910141598223
0 15 6.142185115844581e-17
1 15 -0.00360919628133732
2 15 0.001496503135388666
3 15 0.00320543189729761
4 15 -0.0008997545188238656
5 15 -0.004099683745067419
6 15 0.0007685604838520211
7 15 0.005123583722164887
8 15 -0.0007104107547261066
9 15 -0.006373154635771342
10 15 0.0006780919226419861
11 15 0.007966941139451426
12 15 -0.0006574641370496337
13 15 -0.01008129478257711
14 15 0.0006423012975485169
15 15 0.0130040477178498
16 15 -0.0006289801693092243
17 15 -0.01724132357538576
18 15 0.0006147810646379309
19 15 0.02375870909379018
20 15 -0.0005971400670902107
21 15 -0.03459794061595634
22 15 0.0005731801895154258
23 15 0.0547309103355133
24 15 -0.00053928034622535
25 15 -0.09912260487997344
26 15 0.0004905431737177181
27 15 0.2328594856236332
28 15 -0.0004200178882139943
29 15 -1.174676777751212
30 15 2.78419963763424
31 15 -3.56983165363722
32 15 2.828259935057992
33 15 -1.213515499985377
34 15 -5.571852382079285e-05
35 15 0.2501062588195109
36 15 0.0003929609953504297
37 15 -0.1122133060393142
38 15 -0.000918965191673168
39 15 0.06682979150671597
40 15 0.001779762806119116
41 15 -0.0473044585978818
42 15 -0.003308803518063648
43 15 0.03892082514059352
44 15 0.00652304521384977
45 15 -0.0423763203977964
0 16 -9.387290283792975e-17
1 16 0.00362309614215551
2 16 -0.001704079424866129
3 16 -0.002954624210244945
4 16 0.001031803472364678
5 16 0.003739416627570996
6 16 -0.0008881328005420374
7 16 -0.004616255468206926
8 16 0.0008278569468682977
9 16 0.005659201857609549
10 16 -0.0007975671953141935
11 16 -0.006952177683892572
12 16 0.0007813766069363276
13 16 0.008612390712476832
14 16 -0.0007723868186366726
15 16 -0.01082021046309677
16 16 0.0007666702445897558
17 16 0.01387277573933254
18 16 -0.0007613466973291953
19 16 -0.01829371086213067
20 16 0.0007537366637620141
21 16 0.02508201429855422
22 16 -0.0007408265005721809
23 16 -0.03634884751012976
24 16 0.0007187679131388532
25 16 0.05723172327843003
26 16 -0.0006822455935403235
27 16 -0.1031850910554359
28 16 0.0006235326347684072
29 16 0.2413936924531402
30 16 -0.0005309462228608652
31 16 -1.213515499982027
32 16 2.872667483270188
33 16 -3.6802572083442
34 16 2.915316707094438
35 16 -1.251761224537935
36 16 -0.0002011785020266603
37 16 0.2593649222519768
38 16 0.0007891734331385914
39 16 -0.1179827895083365
40 16 -0.001793866049026739
41 16 0.07235866997060664
42 16 0.003656169032052345
43 16 -0.05457258957046793
44 16 -0.007738450318067299
45 16 0.05617261577223898
0 17 8.261091340059995e-17
1 17 -0.003716416364941585
2 17 0.001958791937974404
3 17 0.002766376007312199
4 17 -0.001194675269435439
5 17 -0.003470025835490736
6 17 0.001036442215819245
7 17 0.004239511650657094
8 17 -0.0009744198518255778
9 17 -0.005134559915425572
10 17 0.0009476624841777039
11 17 0.006217432259633754
12 17 -0.0009381994788745849
13 17 -0.007569972838754161
14 17 0.000938377923949855
15 17 0.009311631129171372
16 17 -0.0009439847534082124
17 17 -0.01162857959275677
18 17 0.0009520555031762198
19 17 0.01482846248150142
20 17 -0.0009599146953526489
21 17 -0.0194534068083313
22 17 0.0009645709114067694
23 17 0.02653669730565134
24 17 -0.0009621446078323896
25 17 -0.03825937029923447
26 17 0.0009471290398173355
27 17 0.05992319674362489
28 17 -0.0009112568699585024
29 17 -0.1074627401842349
30 17 0.0008415968149232742
31 17 0.2501062588120395
32 17 -0.0007171518541338462
33 17 -1.251761224534099
34 17 2.958542300982901
35 17 -3.786644204825925
36 17 2.999865755153254
37 17 -1.290014371072975
38 17 -0.0005071332879878424
39 17 0.2699792307216179
40 17 0.001671136670506582
41 17 -0.1261519506678514
42 17 -0.003958511240187658
43 17 0.0825140426029017
44 17 0.009272434340298088
45 17 -0.07813977581167676
0 18 -4.574907588967814e-17
1 18 0.003904839974593718
2 18 -0.002282488545638928
3 18 -0.002634686381709391
4 18 0.001402625048275608
5 18 0.003279818376665614
6 18 -0.001226771363743603
7 18 -0.003972205285485655
8 18 0.00116357385147679
9 18 0.00476212850807307
10 18 -0.001142593953936776
11 18 -0.005697978676523235
12 18 0.001143297647477894
13 18 0.006839730951667673
14 18 -0.001157176476866984
15 18 -0.008270718174272747
16 18 0.001179788212072013
17 18 0.01011463171468735
18 18 -0.001208238034668485
19 18 -0.01256506673928256
20 18 0.001240092438794382
21 18 0.01594188402844626
22 18 -0.001272708667594843
23 18 -0.02080779851252288
24 18 0.00130260421907603
25 18 0.02823306354840913
26 18 -0.001324627528166087
27 18 -0.0404719704545896
28 18 0.001330645663372919
29 18 0.06299405746327824
30 18 -0.001307260650575068
31 18 -0.112213306026842
32 18 0.001231574677163613
33 18 0.259364922243784
34 18 -0.001062853998458524
35 18 -1.290014371069051
36 18 3.042106212422773
37 18 -3.888506043554295
38 18 3.082141224711053
39 18 -1.329585104820463
40 18 -0.001248128484550077
41 18 0.284132002517309
42 18 0.004062325055019871
43 18 -0.1413558940252898
44 18 -0.01118077390770666
45 18 0.1167062143391182
0 19 7.870610897765367e-17
1 19 -0.004225688991188643
2 19 0.00271621084366413
3 19 0.00256171386446088
4 19 -0.001682361097700451
5 19 -0.003168405907286725
6 19 0.001483941854119026
7 19 0.003809013116874157
8 19 -0.00142043518689169
9 19 -0.004527761938651939
10 19 0.001408796760111635
11 19 0.00536415667602048
12 19 -0.001425179345130608
13 19 -0.00636445279533455
14 19 0.001460082927373471
15 19 0.007590013557993399
16 19 -0.001508965188018336
17 19 -0.009127991595426672
18 19 0.001569307440894915
19 19 0.01110849427925111
20 19 -0.001639392677054455
21 19 -0.01373511453397427
22 19 0.001717596641967671
23 19 0.01734337063816891
24 19 -0.001801753667096091
25 19 -0.02252145322574858
26 19 0.001888319481771676
27 19 0.0303837783102178
28 19 -0.00197099171394532
29 19 -0.0432687075806834
30 19 0.002038178460583715
31 19 0.06682979148892298
32 19 -0.002068032736343609
33 19 -0.117982789495001
34 19 0.002018101043646729
35 19 0.2699792307135199
36 19 -0.001802172699471082
37 19 -1.329585104816725
38 19 3.123732621996983
39 19 -3.984054073780683
40 19 3.162409153732449
41 19 -1.374241264130804
42 19 -0.003517301813971311
43 19 0.3098818526076546
44 19 0.01333753754877838
45 19 -0.195615816740877
0 20 -1.136141544985712e-16
1 20 0.004770720169234206
2 20 -0.003351551632409161
3 20 -0.002566060240948095
4 20 0.002093315535378433
5 20 0.003156166374731839
6 20 -0.001863022973059157
7 20 -0.00377050646262902
8 20 0.001800557303374431
9 20 0.004449978207943388
10 20 -0.001804561583585305
11 20 -0.005228728149198001
12 20 0.001846513398524715
13 20 0.006144645249677366
14 20 -0.001915697967160276
15 20 -0.007245864525983386
16 20 0.002007755980443515
17 20 0.008598073815351439
18 20 -0.002121186196553153
19 20 -0.01029533995904982
20 20 0.002255992382870028
21 20 0.01247813955682781
22 20 -0.002413024186305296
23 20 -0.01536560366652614
24 20 0.002593506883581752
25 20 0.01931708998744594
26 20 -0.002798469141949376
27 20 -0.02495883080356515
28 20 0.003027726738936151
29 20 0.03346942613048559
30 20 -0.003277776020862585
31 20 -0.04730445857677957
32 20 0.003537127749258167
33 20 0.07235866995617644
34 20 -0.003775406445989576
35 20 -0.1261519506589382
36 20 0.003916165944284153
37 20 0.2841320025134211
38 20 -0.003762754506803303
39 20 -1.374241264131062
40 20 3.204330853825136
41 20 -4.06647776873523
42 20 3.241193706914452
43 20 -1.44005351618877
44 20 -0.01447573657147684
45 20 0.4097473350549609
0 21 9.10014506876029e-17
1 21 -0.005833048104812228
2 21 0.004468067761121
3 21 0.00272426719141561
4 21 -0.002816325505167047
5 21 -0.003334014084130756
6 21 0.002531032606970169
7 21 0.003960820614767917
8 21 -0.002471849529584435
9 21 -0.004645433965891167
10 21 0.002505434932660738
11 21 0.005419893393164544
12 21 -0.002595314589103947
13 21 -0.006318024013838065
14 21 0.002729014633049434
15 21 0.007381128172836362
16 21 -0.00290304344806606
17 21 -0.008663609433277583
18 21 0.003118495102302381
19 21 0.01024063579438466
20 21 -0.003379611858441349
21 21 -0.01222012373444463
22 21 0.003693453592345445
23 21 0.01476289941901268
24 21 -0.00407012477182911
25 21 -0.01811865387598234
26 21 0.004523383713441989
27 21 0.02269411333814953
28 21 -0.005071560453107023
29 21 -0.02919197747910462
30 21 0.005738634438433069
31 21 0.03892082513977022
32 21 -0.006554883543979847
33 21 -0.05457258957399573
34 21 0.007554898431321063
35 21 0.08251404261186537
36 21 -0.008764809685850783
37 21 -0.1413558940368795
38 21 0.01014673074668111
39 21 0.3098818526232638
40 21 -0.01135728639955738
41 21 -1.440053516204016
42 21 3.289238774829953
43 21 -4.096389257471284
44 21 3.321289347962179
45 21 -1.693144425394643
0 22 -1.270210807855519e-16
1 22 0.009563177727758866
2 22 -0.00806079261947186
3 22 -0.003663102368709798
4 22 0.00513774354547651
5 22 0.004458083599044934
6 22 -0.004671930204560559
7 22 -0.005264130349731668
8 22 0.00462019700333437
9 22 0.006132971251852393
10 22 -0.004746305800076253
11 22 -0.007102892507980066
12 22 0.004988471897081395
13 22 0.008212292980975104
14 22 -0.005329088200193816
15 22 -0.009506247124984353
16 22 0.005768347532660475
17 22 0.0110422075847263
18 22 -0.006317174688863388
19 22 -0.01289712219490162
20 22 0.006995910966845613
21 22 0.01517791282555097
22 22 -0.007835745560974798
23 22 -0.01803819241078945
24 22 0.008882482848163651
25 22 0.02170643805659055
26 22 -0.01020342636816146
27 22 -0.02653599538412766
28 22 0.01189944331930343
29 22 0.03309910160525892
30 22 -0.01412660476356571
31 22 -0.04237632055787911
32 22 0.01713693557435845
33 22 0.05617261590837444
34 22 -0.02136042166683303
35 22 -0.07813977592777961
36 22 0.02758488639986063
37 22 0.116706214445974
38 22 -0.03739784290150459
39 22 -0.1956158168415613
40 22 0.05445461893484986
41 22 0.4097473351500254
42 22 -0.08906121315774605
43 22 -1.693144425470364
44 22 3.536781791530335
45 22 -3.069603098533714
