78
0 0 1
1 0 -1.462242167580176
2 0 1.098803930599937
3 0 -0.3179583775081793
4 0 -0.126062791065041
5 0 0.06200673856470622
6 0 0.0775306074480894
7 0 -0.01839220468871803
8 0 -0.05867944739482675
9 0 -0.003770993609606634
10 0 0.04967743816638299
11 0 0.0399606138695292
12 0 -0.09929673034895935
0 1 1.498235408820974e-16
1 1 -0.3179583775081789
2 1 0.8576370142486982
3 1 -1.197341739140626
4 1 1.004875799209896
5 1 -0.4455881773014493
6 1 -0.003867395754130955
7 1 0.09636780625131185
8 1 0.003020803262988909
9 1 -0.04561049018292068
10 1 -0.001779722350736027
11 1 0.03893716836169776
12 1 -0.02851137285605065
0 2 -6.054388371798818e-17
1 2 0.06200673856470635
2 2 0.01211745395344296
3 2 -0.4455881773014495
4 2 1.11074077591547
5 2 -1.496373851200087
6 2 1.230810994844862
7 2 -0.5388946455425794
8 2 -0.00509451315059449
9 2 0.1170204302621197
10 2 0.003519661760453569
11 2 -0.0715596610774753
12 2 0.04386816652876531
0 3 2.884102723868503e-17
1 3 -0.01839220468871812
2 3 -0.01801544080563637
3 3 0.09636780625131149
4 3 0.01130735095916056
5 3 -0.5388946455425797
6 3 1.312903215892991
7 3 -1.744198481315681
8 3 1.4233794327102
9 3 -0.6219376369370546
10 3 -0.007589146705591272
11 3 0.1619557496049521
12 3 -0.07115494611706075
0 4 1.387778780781446e-17
1 4 -0.003770993609605533
2 4 0.02984148056328406
3 4 -0.04561049018292124
4 4 -0.01969775930796949
5 4 0.1170204302621195
6 4 0.01868481716451562
7 4 -0.6219376369370543
8 4 1.480744193583534
9 4 -1.951795771841673
10 4 1.600937036117291
11 4 -0.750335270306094
12 4 0.1336940420125742
0 5 -1.647987302177967e-17
1 5 0.03996061386952986
2 5 -0.07599740224421686
3 5 0.03893716836169731
4 5 0.05325250358274686
5 5 -0.07155966107747541
6 5 -0.05532118203837089
7 5 0.1619557496049541
8 5 0.06624645462595558
9 5 -0.750335270306096
10 5 1.567477606935239
11 5 -1.900245375793786
12 5 1.317327750141825
