406
0 0 1
1 0 -1.439720266568635
2 0 1.076536529048544
3 0 -0.3239167413028796
4 0 -0.1115927160875028
5 0 0.07062986991546978
6 0 0.06405496679628361
7 0 -0.03111671403214168
8 0 -0.04492655674683425
9 0 0.01684183066294234
10 0 0.03486152077795611
11 0 -0.009753260474237357
12 0 -0.02877802587192465
13 0 0.005485971142855419
14 0 0.02478629099736177
15 0 -0.002504800427329733
16 0 -0.02203358808736353
17 0 0.0001165264831840221
18 0 0.02008698594852329
19 0 0.00208707314286849
20 0 -0.01871369400093375
21 0 -0.004466606107615222
22 0 0.01779511710460848
23 0 0.00758059145158124
24 0 -0.01730317605847282
25 0 -0.01301237637087957
26 0 0.01734381520803608
27 0 0.03269761826834405
28 0 -0.0555836718372442
0 1 4.488437126458127e-17
1 1 -0.3239167413028819
2 1 0.8640990152909525
3 1 -1.196963886254568
4 1 1.001105353128757
5 1 -0.4458756690510124
6 1 -0.0008962670885608231
7 1 0.09618581691783543
8 1 0.0007807189105342318
9 1 -0.04362475339973308
10 1 -0.0006951592525332773
11 1 0.02534677969685723
12 1 0.0006195023602391856
13 1 -0.01674126897717029
14 1 -0.0005437101801125441
15 1 0.01197925551563447
16 1 0.0004604534460880617
17 1 -0.009078173053882754
18 1 -0.0003622951749517899
19 1 0.007218847612103401
20 1 0.000239567419438648
21 1 -0.006037929237639707
22 1 -7.722016150684949e-05
23 1 0.005425159974522135
24 1 -0.0001522676193797307
25 1 -0.00562112229895979
26 1 0.0005103325041032708
27 1 0.009495757498780613
28 1 -0.01051918593913486
0 2 1.181271848251709e-17
1 2 0.07062986991547184
2 2 0.002354212131239168
3 2 -0.4458756690510123
4 2 1.116676251076054
5 2 -1.496210910538168
6 2 1.225852078121214
7 2 -0.5384404968920824
8 2 -0.0009707169619822259
9 2 0.1140588469883398
10 2 0.0008708064154494475
11 2 -0.05115558807772645
12 2 -0.0007829289981767283
13 2 0.0295055304810279
14 2 0.0006947101024732935
15 2 -0.01940030939602528
16 2 -0.0005969684194431801
17 2 0.01386124752298798
18 2 0.0004802200285631347
19 2 -0.01053969466718791
20 2 -0.0003319716377560342
21 2 0.008494140895872646
22 2 0.0001326400551917564
23 2 -0.007378742478339145
24 2 0.0001536360993008869
25 2 0.007396672545887271
26 2 -0.0006066714227065305
27 2 -0.01210521311968799
28 2 0.01321596964850384
0 3 4.884044599837226e-17
1 3 -0.03111671403214602
2 3 -0.002795562869382252
3 3 0.09618581691783504
4 3 0.001621116849517068
5 3 -0.5384404968920828
6 3 1.321545521837269
7 3 -1.745584551786622
8 3 1.415387902580265
9 3 -0.6168578720433899
10 3 -0.001062025519200596
11 3 0.1292122312906706
12 3 0.0009640625938546072
13 3 -0.05752146524177468
14 3 -0.0008656395357717383
15 3 0.03301709895549944
16 3 0.0007555801882183278
17 3 -0.02166240088093824
18 3 -0.0006221123626789898
19 3 0.01550991443229152
20 3 0.0004494869238626552
21 3 -0.01192556128161509
22 3 -0.0002127882952384006
23 3 0.00994438752211407
24 3 -0.0001337651049838871
25 3 -0.009584960397896788
26 3 0.0006918816976590984
27 3 0.01510198285850152
28 3 -0.01619492925745868
0 4 -8.516966385259841e-17
1 4 0.01684183066294621
2 4 0.003282105667414674
3 4 -0.04362475339973435
4 4 -0.001914457415461776
5 4 0.1140588469883418
6 4 0.001581253904539725
7 4 -0.6168578720433917
8 4 1.498593361814676
9 4 -1.963783974018682
10 4 1.582422142625887
11 4 -0.6862144433546703
12 4 -0.001177144272362885
13 4 0.1426597783876738
14 4 0.001070635450637617
15 4 -0.06318499234038735
16 4 -0.000950354320614524
17 4 0.03616834855311938
18 4 0.000801848985779154
19 4 -0.02375092740693255
20 4 -0.0006054316412147978
21 4 0.01715625516126558
22 4 0.0003295704638840635
23 4 -0.01359238325520504
24 4 8.403856879019499e-05
25 4 0.0124932225117085
26 4 -0.0007649590537170896
27 4 -0.01879571552843356
28 4 0.01970930034963704
0 5 9.002379061433327e-17
1 5 -0.009753260474237193
2 5 -0.00384163309863667
3 5 0.02534677969685963
4 5 0.00225497860259341
5 5 -0.05115558807773008
6 5 -0.001875840788100617
7 5 0.1292122312906757
8 5 0.001682391811456629
9 5 -0.6862144433546743
10 5 1.656762829867843
11 5 -2.160154129542922
12 5 1.733488364646853
13 5 -0.7491142954587304
14 5 -0.001325828014410245
15 5 0.1549140840068895
16 5 0.001198345656542357
17 5 -0.06838991386738429
18 5 -0.001037460438573254
19 5 0.03913856332310592
20 5 0.0008186082107797697
21 5 -0.02586949740379169
22 5 -0.0005017983404975425
23 5 0.01916776213526433
24 5 1.231062065718011e-05
25 5 -0.01660680537742262
26 5 0.0008165172161131321
27 5 0.02359417854026953
28 5 -0.02404336988368218
0 6 8.259297832794637e-18
1 6 0.00548597114285211
2 6 0.004507679553124103
3 6 -0.01674126897717457
4 6 -0.002663852596290733
5 6 0.0295055304810353
6 6 0.002233060670515946
7 6 -0.05752146524178334
8 6 -0.002020562744277367
9 6 0.1426597783876819
10 6 0.001880357799543871
11 6 -0.749114295458735
12 6 1.801009591680593
13 6 -2.340137069954056
14 6 1.872482295642283
15 6 -0.8071218301150445
16 6 -0.00152399218564248
17 6 0.1663007058699952
18 6 0.001355747243451698
19 6 -0.07332646686457639
20 6 -0.001118217246871389
21 6 0.04214280924381187
22 6 0.0007604024724116043
23 6 -0.02843510085091452
24 6 -0.000185440677200049
25 6 0.02282427196614416
26 6 -0.0008247175362725843
27 6 -0.03015323981826783
28 6 0.02959843516237477
0 7 -9.317036059178847e-17
1 7 -0.002504800427322448
2 7 -0.005328024394706984
3 7 0.01197925551564096
4 7 0.003171482803617437
5 7 -0.01940030939603426
6 7 -0.002680679129423901
7 7 0.03301709895551427
8 7 0.00244889582093468
9 7 -0.06318499234040223
10 7 -0.002304664134202918
11 7 0.1549140840068957
12 7 0.002193740496954544
13 7 -0.8071218301150478
14 7 1.934403570894857
15 7 -2.507211600699624
16 7 2.001965320319363
17 7 -0.8612921124636648
18 7 -0.001799460136208791
19 7 0.1770916272630302
20 7 0.001552342887884209
21 7 -0.07825155532882057
22 7 -0.001158550009142267
23 7 0.04568015129486139
24 7 0.0004906982781727083
25 7 -0.03302401146833145
26 7 0.0007431324837352001
27 7 0.03965717344308445
28 7 -0.03700816856315263
0 8 6.533874798313522e-17
1 8 0.0001165264831733796
2 8 0.006378580620857657
3 8 -0.009078173053892073
4 8 -0.003826279240524359
5 8 0.01386124752299853
6 8 0.003263032028943996
7 8 -0.02166240088095532
8 8 -0.003011866387025615
9 8 0.03616834855314582
10 8 0.002869182126938968
11 8 -0.06838991386739855
12 8 -0.002771192322465775
13 8 0.1663007058699965
14 8 0.002685362102258884
15 8 -0.8612921124636629
16 8 2.058967161159463
17 8 -2.663722914395401
18 8 2.123761576358546
19 8 -0.9124416782847806
20 8 -0.002204985835211884
21 8 0.187646721384093
22 8 0.001792858069177487
23 8 -0.08379491541031082
24 8 -0.001034903447334583
25 8 0.05174997391010532
26 8 -0.000470793909487748
27 8 -0.05449747514532436
28 8 0.04736171798125804
0 9 -6.985814685596896e-17
1 9 0.002087073142882471
2 9 -0.007792884816167701
3 9 0.007218847612113868
4 9 0.004713345109583838
5 9 -0.0105396946672032
6 9 -0.004058043986024776
7 9 0.01550991443231092
8 9 0.00378768896056294
9 9 -0.02375092740695534
10 9 -0.00365618843027054
11 9 0.03913856332313514
12 9 0.003587815030227006
13 9 -0.07332646686458665
14 9 -0.003545174893687755
15 9 0.1770916272630229
16 9 0.003499023273671408
17 9 -0.9124416782847742
18 9 2.176035320645326
19 9 -2.811239491573737
20 9 2.239302089116292
21 9 -0.9614076638300816
22 9 -0.002852232611186764
23 9 0.1988324907047412
24 9 0.002039970669268228
25 9 -0.09260445785652036
26 9 -0.0002269778372399236
27 9 0.08024426062078995
28 9 -0.06271056528581694
0 10 6.250243360019862e-17
1 10 -0.00446660610762886
2 10 0.00983710567059934
3 10 -0.006037929237650582
4 10 -0.00600196534968993
5 10 0.008494140895889271
6 10 0.005220420534821192
7 10 -0.0119255612816406
8 10 -0.004931406258213018
9 10 0.01715625516128615
10 10 0.004828670269592999
11 10 -0.0258694974038178
12 10 -0.004820899107423534
13 10 0.04214280924383688
14 10 0.004866122929190134
15 10 -0.07825155532881764
16 10 -0.004934135116665767
17 10 0.1876467213840764
18 10 0.004988932237812122
19 10 -0.961407663830063
20 10 2.286319037142253
21 10 -2.950531935657281
22 10 2.349953636179873
23 10 -1.009735079351217
24 10 -0.004017796898660161
25 10 0.2144330033530354
26 10 0.001957103554665414
27 10 -0.1329147848331498
28 10 0.08740996397461394
0 11 2.980209433744834e-17
1 11 0.007580591451595838
2 11 -0.01314863292705356
3 11 0.005425159974529868
4 11 0.008096426875790505
5 11 -0.007378742478348797
6 11 -0.007118543645227123
7 11 0.009944387522144799
8 11 0.006811096011812589
9 11 -0.01359238325524845
10 11 -0.006772512719765949
11 11 0.01916776213527833
12 11 0.006889415497769147
13 11 -0.0284351008509453
14 11 -0.007117497619818026
15 11 0.04568015129489365
16 11 0.007433340912063903
17 11 -0.08379491541028858
18 11 -0.00781372957032573
19 11 0.198832490704708
20 11 0.008212674471542206
21 11 -1.009735079351204
22 11 2.389406182187717
23 11 -3.080451695356937
24 11 2.457842550314245
25 11 -1.063843174485076
26 11 -0.006575800500610548
27 11 0.2788597445777411
28 11 -0.1325058749866725
0 12 1.387778780781446e-17
1 12 -0.01301237637089148
2 12 0.01983820114765047
3 12 -0.005621122298966164
4 12 -0.01233167993534962
5 12 0.007396672545864624
6 12 0.01096467582495791
7 12 -0.009584960397882702
8 12 -0.01063329218693371
9 12 0.01249322251173657
10 12 0.01074717081170815
11 12 -0.01660680537745543
12 12 -0.01115475268073196
13 12 0.02282427196614567
14 12 0.01181824681469525
15 12 -0.0330240114683949
16 12 -0.01274840877243755
17 12 0.05174997391023162
18 12 0.01398668412853427
19 12 -0.09260445785655436
20 12 -0.01559620451235866
21 12 0.2144330033530855
22 12 0.01763445585793566
23 12 -1.063843174485138
24 12 2.479986210431144
25 12 -3.187606097664805
26 12 2.571225071058204
27 12 -1.211284288222506
28 12 0.2362832366762975
0 13 1.387778780781446e-17
1 13 0.03269761826831503
2 13 -0.04643814111495211
3 13 0.009495757498670529
4 13 0.02913610061270741
5 13 -0.01210521311957222
6 13 -0.02619756174381874
7 13 0.015101982858301
8 13 0.02575358160923941
9 13 -0.01879571552818693
10 13 -0.02646900083424525
11 13 0.02359417854019297
12 13 0.0280545793919183
13 13 -0.03015323981839996
14 13 -0.03052839718240152
15 13 0.0396571734433539
16 13 0.03410150347206964
17 13 -0.05449747514574099
18 13 -0.0392175092708309
19 13 0.08024426062143752
20 13 0.04672379606366595
21 13 -0.1329147848337501
22 13 -0.05831972014935582
23 13 0.2788597445783659
24 13 0.07783195954794625
25 13 -1.211284288223082
26 13 2.482363705233119
27 13 -2.895295405638365
28 13 1.943312089939912
