1152
0 0 1
1 0 -1.421790516452694
2 0 1.057804852235254
3 0 -0.3260665820012475
4 0 -0.1003682944806477
5 0 0.07323008286383237
6 0 0.05447281451192939
7 0 -0.03416835436057178
8 0 -0.03604474845629931
9 0 0.0203771376926072
10 0 0.02632480047398543
11 0 -0.01382890397472998
12 0 -0.02039981791705043
13 0 0.01018583475594091
14 0 0.01644566162361434
15 0 -0.007949786008798887
16 0 -0.01363728681749561
17 0 0.006484793267154202
18 0 0.01155005830275107
19 0 -0.005481674598437968
20 0 -0.009944437241493945
21 0 0.004774991108178039
22 0 0.008675736329135288
23 0 -0.004269795457797025
24 0 -0.007651853376401608
25 0 0.003908776658936336
26 0 0.006811737370536992
27 0 -0.003656220966574906
28 0 -0.006113682423949911
29 0 0.003489701689921244
30 0 0.005528652086548654
31 0 -0.003395662297670883
32 0 -0.005036371166455198
33 0 0.003367200302784408
34 0 0.004623082680782977
35 0 -0.003403383808051719
36 0 -0.004280480102987787
37 0 0.003510139916832314
38 0 0.004005779613383072
39 0 -0.003703759665458357
40 0 -0.003803559043592851
41 0 0.00402082165336214
42 0 0.003691824149446611
43 0 -0.004549667158594214
44 0 -0.003722445165143752
45 0 0.005570933827801551
46 0 0.004076471945379529
47 0 -0.009140750443676047
0 1 5.820179285058403e-17
1 1 -0.3260665820012227
2 1 0.8662683687788615
3 1 -1.196684306379985
4 1 0.9998664501121221
5 1 -0.4461970601613151
6 1 0.0001030810516599564
7 1 0.09654071238570655
8 1 -8.477719807809599e-05
9 1 -0.04400637917493577
10 1 7.048036315804601e-05
11 1 0.02574745768220089
12 1 -5.769771526675287e-05
13 1 -0.01715043491637788
14 1 4.531181917169707e-05
15 1 0.01238075340097423
16 1 -3.267393456173667e-05
17 1 -0.009445525274701971
18 1 1.931893130837927e-05
19 1 0.007505687572855608
20 1 -4.848994941782784e-06
21 1 -0.006155642847147141
22 1 -1.112650447646179e-05
23 1 0.005178996125503469
24 1 2.903173647478806e-05
25 1 -0.004451433422706028
26 1 -4.936135636295616e-05
27 1 0.003897354123447234
28 1 7.272341102542938e-05
29 1 -0.003468720042042348
30 1 -9.989813679390278e-05
31 1 0.003134017423458995
32 1 0.0001319274999749875
33 1 -0.002872214978437232
34 1 -0.0001702627024994674
35 1 0.002669408674779271
36 1 0.0002170258824316598
37 1 -0.002517122216935334
38 1 -0.0002755151281606951
39 1 0.002412005312294521
40 1 0.0003512881955791409
41 1 -0.002357675212217109
42 1 -0.000454851522973113
43 1 0.00237275631201853
44 1 0.0006099488990045459
45 1 -0.002530045796809121
46 1 -0.0008907188758829814
47 1 0.003418971279917716
0 2 -6.793640382333671e-17
1 2 0.07323008286379688
2 2 -0.0002920533966744356
3 2 -0.4461970601613132
4 2 1.118195530441237
5 2 -1.49583991461882
6 2 1.224619243675746
7 2 -0.5388520056510695
8 2 0.0001042883367453938
9 2 0.1145034917964087
10 2 -8.775584207590848e-05
11 2 -0.05162488044364575
12 2 7.304755150998885e-05
13 2 0.02998750631419148
14 2 -5.882657813583823e-05
15 2 -0.01987623304614624
16 2 4.431594516413103e-05
17 2 0.01429977948813395
18 2 -2.895716549429876e-05
19 2 -0.01088500718285523
20 2 1.227082883418157e-05
21 2 0.008638007661015685
22 2 6.215701654545413e-06
23 2 -0.007080512137143957
24 2 -2.701752613602662e-05
25 2 0.005958389567542906
26 2 5.073714754425745e-05
27 2 -0.00512621477915625
28 2 -7.811687107606383e-05
29 2 0.004495923144851467
30 2 0.0001101107234127281
31 2 -0.004011875031906994
32 2 -0.0001479939781366366
33 2 0.003637929402792378
34 2 0.0001935434334569801
35 2 -0.003350485815124561
36 2 -0.0002493569134342521
37 2 0.003134850605743261
38 2 0.0003194690368266733
39 2 -0.002983969440865503
40 2 -0.0004106709847641148
41 2 0.002900105978114663
42 2 0.0005357813789216175
43 2 -0.002904181305065469
44 2 -0.0007237173860029647
45 2 0.003082689543965532
46 2 0.001064597522274123
47 2 -0.004144487388082963
0 3 2.597196056653867e-17
1 3 -0.03416835436053357
2 3 0.0003393314241543249
3 3 0.09654071238570487
4 3 -0.000188849149070951
5 3 -0.5388520056510708
6 3 1.323023594558657
7 3 -1.745125901103049
8 3 1.414089652264236
9 3 -0.6173560408313516
10 3 0.0001054575071197545
11 3 0.1297409865085167
12 3 -8.913151946937283e-05
13 3 -0.05806784536050739
14 3 7.33860629202402e-05
15 3 0.03356022551707332
16 3 -5.73215499408063e-05
17 3 -0.02216650175444635
18 3 4.028959631602342e-05
19 3 0.01590997731209452
20 3 -2.173141045210322e-05
21 3 -0.01209342507744268
22 3 1.093673106205609e-06
23 3 0.00959107046959818
24 3 2.222911753152216e-05
25 3 -0.007862883776240387
26 3 -4.894764193495763e-05
27 3 0.006622781968438064
28 3 7.993984674552955e-05
29 3 -0.00570758943807281
30 3 -0.0001163363292018168
31 3 0.005018917564148895
32 3 0.0001596503768384301
33 3 -0.004495058668533235
34 3 -0.0002119918653434728
35 3 0.004096563616448246
36 3 0.000276445845343324
37 3 -0.003798754347339788
38 3 -0.0003578012961956608
39 3 0.003588481094785933
40 3 0.0004641107514847251
41 3 -0.003465075521916856
42 3 -0.0006105505735126485
43 3 0.003450643387957974
44 3 0.0008312922847686022
45 3 -0.003644416358449167
46 3 -0.001232607134149324
47 3 0.004872498696983561
0 4 7.162758401589012e-17
1 4 0.02037713769261181
2 4 -0.0003874135247645865
3 4 -0.04400637917494977
4 4 0.0002169153348050348
5 4 0.1145034917964287
6 4 -0.0001711360962022095
7 4 -0.6173560408313742
8 4 1.500144573652221
9 4 -1.963239832616538
10 4 1.5810144591049
11 4 -0.6867955123457039
12 4 0.0001066075140521554
13 4 0.1432641644027512
14 4 -8.952632630083699e-05
15 4 -0.06379001168140629
16 4 7.210394284168893e-05
17 4 0.03673401680366867
18 4 -5.360056466188441e-05
19 4 -0.02420284733514646
20 4 3.337589991716636e-05
21 4 0.01734483151045099
22 4 -1.079289233838898e-05
23 4 -0.01317461147996902
24 4 -1.484875966727362e-05
25 4 0.01044914910995418
26 4 4.437421291000007e-05
27 4 -0.008573556319587249
28 4 -7.880605770896948e-05
29 4 0.007233476927194137
30 4 0.0001194643644141536
31 4 -0.006250186957581064
32 4 -0.0001681191103745436
33 4 0.005516500729316671
34 4 0.0002272406774252936
35 4 -0.004965963485036765
36 4 -0.0003004427536617209
37 4 0.004557372055404427
38 4 0.000393333425322122
39 4 -0.004267512758777199
40 4 -0.0005153343009141722
41 4 0.004090338631785934
42 4 0.0006841756012666313
43 4 -0.004047704673427999
44 4 -0.0009397006188881355
45 4 0.004251196947759525
46 4 0.001405540297744825
47 4 -0.005649324265573504
0 5 -1.063126604991847e-16
1 5 -0.01382890397447409
2 5 0.0004377215606511951
3 5 0.02574745768212448
4 5 -0.0002465489230549944
5 5 -0.05162488044355789
6 5 0.0001958704183594649
7 5 0.1297409865084124
8 5 -0.0001668448598876976
9 5 -0.686795512345553
10 5 1.658457396669158
11 5 -2.15952956109803
12 5 1.731924876610643
13 5 -0.7497684693283192
14 5 0.0001076576054127619
15 5 0.1555737198751578
16 5 -8.90292131897661e-05
17 5 -0.06901099160776418
18 5 6.921044433489158e-05
19 5 0.0396368747185666
20 5 -4.747505752748803e-05
21 5 -0.02607169958202153
22 5 2.309674781747778e-05
23 5 0.01866830259228936
24 5 4.726888589600061e-06
25 5 -0.01417906825419919
26 5 -3.694547904923139e-05
27 5 0.01125420818542265
28 5 7.474019428262775e-05
29 5 -0.009248983393006891
30 5 -0.0001196403080347439
31 5 0.007823511950029874
32 5 0.0001737008775024978
33 5 -0.006785306483579005
34 5 -0.0002397945775853112
35 5 0.006019870216066772
36 5 0.0003221268994960599
37 5 -0.005457732801371542
38 5 -0.0004272249438810726
39 5 0.005058786726159698
40 5 0.0005660464421257878
41 5 -0.004807557882612643
42 5 -0.0007591843796233336
43 5 0.004723397155869612
44 5 0.001052821578105571
45 5 -0.004929872774314482
46 5 -0.001589909014560005
47 5 0.006507655305504162
0 6 7.237683487419558e-17
1 6 0.01018583475546035
2 6 -0.0004912825294978583
3 6 -0.01715043491625526
4 6 0.0002783556594249455
5 6 0.02998750631405061
6 6 -0.0002226505261748064
7 6 -0.05806784536034332
8 6 0.0001911866484970818
9 6 0.1432641644025282
10 6 -0.0001677851433192695
11 6 -0.7497684693282654
12 6 1.802923157894757
13 6 -2.339446886499817
14 6 1.870700508170825
15 6 -0.8078228094698515
16 6 0.000108492082744834
17 6 0.1669646231654536
18 6 -8.750402812804072e-05
19 6 -0.0738587416243953
20 6 6.440281809768138e-05
21 6 0.0423432650693332
22 6 -3.836561895633251e-05
23 6 -0.02782385285440727
24 6 8.478403871257078e-06
25 6 0.01991882403572374
26 6 2.634590752847395e-05
27 6 -0.015138221234401
28 6 -6.746519985968724e-05
29 6 0.01203366409556804
30 6 0.0001166437431437544
31 6 -0.009914548381453329
32 6 -0.0001762590384418524
33 6 0.008417818430908509
34 6 0.0002496413656057971
35 6 -0.007339036208797204
36 6 -0.0003416725616769594
37 6 0.006558407300538826
38 6 0.0004599328934697722
39 6 -0.006006696585930705
40 6 -0.0006171438430057238
41 6 0.005652016960845321
42 6 0.00083718187327832
43 6 -0.005507395423549936
44 6 -0.001173487502919017
45 6 0.005707538854491242
46 6 0.001791041130424788
47 6 -0.007478896099497782
0 7 -1.494521864208487e-17
1 7 -0.007949786012029071
2 7 0.0005490003046925733
3 7 0.01238075340217919
4 7 -0.0003128866595793335
5 7 -0.01987623304761275
6 7 0.0002519556392088672
7 7 0.03356022551879996
8 7 -0.0002180517667809655
9 7 -0.06379001168336712
10 7 0.0001931655434843922
11 7 0.1555737198776389
12 7 -0.0001718186999852843
13 7 -0.8078228094727669
14 7 1.936643231441017
15 7 -2.506495163554983
16 7 1.999869048906002
17 7 -0.8619725112242754
18 7 0.0001089516431540417
19 7 0.1776303173606746
20 7 -8.464246756618643e-05
21 7 -0.07841750009168436
22 7 5.709546988175012e-05
23 7 0.04490298220799759
24 7 -2.527353514104132e-05
25 7 -0.02949433618290591
26 7 -1.206363352673929e-05
27 7 0.02112417972581872
28 7 5.647287805014172e-05
29 7 -0.01607627113400019
30 7 -0.0001099854494901826
31 7 0.01281034751524297
32 7 0.0001753481443245131
33 7 -0.01059341808336827
34 7 -0.000256419013129317
35 7 0.009041644007360109
36 7 0.000358864303074356
37 7 -0.007941073964007226
38 7 -0.0004914914224581837
39 7 0.007170385954424748
40 7 0.0006690811535620196
41 7 -0.006668720323979162
42 7 -0.0009193488030685075
43 7 0.006436033424882968
44 7 0.001304198322209
45 7 -0.006616144287937176
46 7 -0.002014214566084221
47 7 0.00859867246117052
0 8 4.311513285718062e-18
1 8 0.006484793269266984
2 8 -0.0006117824221307108
3 8 -0.009445525275342303
4 8 0.0003507093390973722
5 8 0.01429977948891056
6 8 -0.0002842917862584102
7 8 -0.02216650175535919
8 8 0.0002479306033402748
9 8 0.03673401680468284
10 8 -0.0002216356130936708
11 8 -0.0690109916091758
12 8 0.0001993322733298051
13 8 0.1669646231671283
14 8 -0.0001783024945599507
15 8 -0.8619725112223371
16 8 2.061709769795685
17 8 -2.663081197263471
18 8 2.121186210026754
19 8 -0.9129267923883992
20 8 0.0001088070213801037
21 8 0.1877077770176383
22 8 -7.993410410771733e-05
23 8 -0.08274826139562307
24 8 4.634131690648188e-05
25 8 0.04735355803841292
26 8 -6.616639519683154e-06
27 8 -0.03111117872162703
28 8 -4.102225330544695e-05
29 8 0.02230838069023747
30 8 9.891232251433482e-05
31 8 -0.01701609035216064
32 8 -0.0001702272195600628
33 8 0.01360803500544341
34 8 0.0002594401529085822
35 8 -0.01131229373939772
36 8 -0.000373138284621954
37 8 0.009727343562388703
38 8 0.0005215775849066203
39 8 -0.008634180508296761
40 8 -0.0007219805166256899
41 8 0.007919332950647659
42 8 0.001006618606805686
43 8 -0.00755730861353856
44 8 -0.001447441972439532
45 8 0.007696539451226418
46 8 0.002265294069310952
47 8 -0.009911137999599686
0 9 1.878780220541273e-17
1 9 -0.005481674590495526
2 9 0.0006806206699738569
3 9 0.007505687569849462
4 9 -0.0003924544760712443
5 9 -0.0108850071792228
6 9 0.0003202309993583054
7 9 0.01590997730782577
8 9 -0.00028138668579306
9 9 -0.02420284733015292
10 9 0.0002537710056001897
11 9 0.03963687471313387
12 9 -0.0002306609458357478
13 9 -0.0738587416182164
14 9 0.0002090512107380712
15 9 0.1776303173491138
16 9 -0.0001871842721308995
17 9 -0.9129267923777082
18 9 2.179613243587613
19 9 -2.810940928270346
20 9 2.235930305465421
21 9 -0.9612067388461624
22 9 0.0001077153042951852
23 9 0.197300338357949
24 9 -7.257692030088116e-05
25 9 -0.08689929713914553
26 9 3.065191735839897e-05
27 9 0.0497269321684492
28 9 2.009856749741195e-05
29 9 -0.03270051688624445
30 9 -8.236344018596463e-05
31 9 0.02349617858115834
32 9 0.00015981318236503
33 9 -0.01798375470501997
34 9 -0.0002576441904176405
35 9 0.0144566031918956
36 9 0.0003835358800946242
37 9 -0.01210809395132385
38 9 -0.0005494751706603658
39 9 0.01052444877529536
40 9 0.0007756173133732661
41 9 -0.009492537501853538
42 9 -0.001099727061341247
43 9 0.008937769979191514
44 9 0.001605859970490858
45 9 -0.009003573700552478
46 9 -0.002551239760367191
47 9 0.01147391752097716
0 10 -3.13122255796838e-17
1 10 0.004774991103970829
2 10 -0.0007566606706112253
3 10 -0.006155642845652265
4 10 0.0004388587642269108
5 10 0.008638007659223131
6 10 -0.0003604485678620733
7 10 -0.01209342507535083
8 10 0.0003190922845640904
9 10 0.0173448315079753
10 10 -0.0002902655979516651
11 10 -0.0260716995795518
12 10 0.0002665354906207542
13 10 0.04234326506659698
14 10 -0.0002445840087763152
15 10 -0.07841750008336963
16 10 0.0002224716482590421
17 10 0.1877077770111518
18 10 -0.0001987741269461342
19 10 -0.9612067388530339
20 10 2.291460070822703
21 10 -2.951373169123608
22 10 2.345066368213232
23 10 -1.00721086046443
24 10 0.0001051470149416342
25 10 0.2064909103116025
26 10 -6.130760774645969e-05
27 10 -0.0909126942597817
28 10 7.662334988444926e-06
29 10 0.05205413525576222
30 10 5.888420157553258e-05
31 10 -0.03429081759793308
32 10 -0.0001425837455638705
33 10 0.02471756483149218
34 10 0.0002494889381868604
35 10 -0.01901401797435267
36 10 -0.0003885864522871175
37 10 0.01539954203092459
38 10 0.0005739543826796861
39 10 -0.01303969866357175
40 10 -0.0008293180569379064
41 10 0.01152139332571704
42 10 0.001199159555616414
43 10 -0.01067334248576395
44 10 -0.001782369607540836
45 10 0.01061368059309557
46 10 0.00288062378807194
47 10 -0.01336498486619814
0 11 -2.631993047848947e-17
1 11 -0.004269795455390022
2 11 0.0008412784238764148
3 11 0.005178996124842122
4 11 -0.0004908131658245005
5 11 -0.00708051213636953
6 11 0.000405766761628215
7 11 0.009591070468729554
8 11 -0.0003618715559768799
9 11 -0.01317461147893351
10 11 0.0003319758616406926
11 11 0.01866830259151759
12 11 -0.000307864228842835
13 11 -0.02782385285366076
14 11 0.0002858768115486093
15 11 0.04490298220113333
16 11 -0.0002638770831746019
17 11 -0.08274826139133835
18 11 0.0002402946072309865
19 11 0.1973003383698043
20 11 -0.0002137254293208418
21 11 -1.007210860468815
22 11 2.398098473798049
23 11 -3.085377115965457
24 11 2.449344164636368
25 11 -1.051255107969413
26 11 0.0001002591897606705
27 11 0.2153508391815396
28 11 -4.409156494256636e-05
29 11 -0.09482955626494856
30 11 -2.649008795322288e-05
31 11 0.05436987692814912
32 11 0.0001164198332525496
33 11 -0.03591794040031301
34 11 -0.0002327699009944042
35 11 0.02601419463156879
36 11 0.0003861042620819055
37 11 -0.02015940193100139
38 11 -0.0005930540538790712
39 11 0.01650836348374548
40 11 0.0008817463161811878
41 11 -0.01421453524110884
42 11 -0.001305005687166312
43 11 0.01290768362840172
44 11 0.001980205071188566
45 11 -0.01263697959488925
46 11 -0.003264349155862866
47 11 0.01569322472570754
0 12 4.630856583404873e-17
1 12 0.003908776662035646
2 12 -0.0009361788266467777
3 12 -0.004451433424143914
4 12 0.0005494262069273098
5 12 0.005958389569298024
6 12 -0.0004572129870908308
7 12 -0.007862883778349984
8 12 0.0004107587939854774
9 12 0.01044914911240755
10 12 -0.0003799816173833633
11 12 -0.01417906825756583
12 12 0.0003557980024428909
13 12 0.01991882403966329
14 12 -0.0003341727048236623
15 12 -0.02949433618036654
16 12 0.00031275602386702
17 12 0.04735355803991197
18 12 -0.0002898214520472493
19 12 -0.08689929716057185
20 12 0.0002638204713008872
21 12 0.2064909103252462
22 12 -0.0002331349658836648
23 12 -1.051255107979227
24 12 2.500195887359297
25 12 -3.213737314028533
26 12 2.549360012767447
27 12 -1.093599455497422
28 12 9.166471303367022e-05
29 12 0.2239472076137591
30 12 -1.754171069571948e-05
31 12 -0.09869561321396658
32 12 -7.836090885991445e-05
33 12 0.05671872806330564
34 12 0.00020433444899487
35 12 -0.03763315284879591
36 12 -0.0003728594748849941
37 12 0.02745090723987049
38 12 0.0006037153947338058
39 12 -0.02150851986699786
40 12 -0.0009305271754113227
41 12 0.01791607297639361
42 12 0.001416644577624219
43 12 -0.01586515344078698
44 12 -0.002202899184709192
45 12 0.01523786268804279
46 12 0.003716528007089402
47 12 -0.0186154001197868
0 13 3.066422330887535e-17
1 13 -0.003656220969232109
2 13 0.001043534482871804
3 13 0.003897354124743184
4 13 -0.0006161137964422438
5 13 -0.005126214780856262
6 13 0.0005161028521404765
7 13 0.006622781970387562
8 13 -0.0004670821254896258
9 13 -0.008573556321819963
10 13 0.0004356737985086572
11 13 0.01125420818884798
12 13 -0.0004118244964231389
13 13 -0.01513822123846181
14 13 0.0003910851408922066
15 13 0.02112417972185316
16 13 -0.0003708759667903727
17 13 -0.03111117872233864
18 13 0.0003493057010716719
19 13 0.04972693219295404
20 13 -0.0003246748029792463
21 13 -0.09091269427436569
22 13 0.0002951962340211635
23 13 0.2153508391910627
24 13 -0.0002587773810574587
25 13 -1.093599455494729
26 13 2.5982890011505
27 13 -3.337077550624231
28 13 2.645597539888953
29 13 -1.134467688817678
30 13 7.699168262544159e-05
31 13 0.232350716857657
32 13 2.422511055098553e-05
33 13 -0.102569257879017
34 13 -0.0001596308100430542
35 13 0.05916556299600385
36 13 0.000344047946643406
37 13 -0.03951825132834622
38 13 -0.0006011746400191723
39 13 0.02913976092578036
40 13 0.0009715934159335826
41 13 -0.02322943315911616
42 13 -0.00153215715618464
43 13 0.0199138722464685
44 13 0.002454074881256111
45 13 -0.01867173177599968
46 13 -0.004255779162450821
47 13 0.02236491914239539
0 14 -7.043517649555062e-17
1 14 0.003489701692912212
2 14 -0.001166194147498688
3 14 -0.003468720043528265
4 14 0.0006927344058158884
5 14 0.004495923146606014
6 14 -0.0005841654185664851
7 14 -0.005707589440662235
8 14 0.0005325899163544809
9 14 0.00723347692978347
10 14 -0.0005008871837284392
11 14 -0.00924898339678634
12 14 0.0004779110672376356
13 14 0.01203366410060289
14 14 -0.0004587544029349516
15 14 -0.01607627112944646
16 14 0.0004405903811234687
17 14 0.02230838069103048
18 14 -0.000421357067488537
19 14 -0.03270051691555887
20 14 0.0003992020182211784
21 14 0.05205413527289851
22 14 -0.00037216679482542
23 14 -0.09482955627539487
24 14 0.0003379359579332098
25 14 0.2239472076090831
26 14 -0.00029356656524682
27 14 -1.134467688816024
28 14 2.692817535727547
29 14 -3.455894450545809
30 14 2.73845558931696
31 14 -1.174065062922131
32 14 5.199279168531803e-05
33 14 0.2406469322692364
34 14 9.198206396905778e-05
35 14 -0.1065356680244329
36 14 -0.0002924201140780421
37 14 0.06181603952936873
38 14 0.0005779370652266839
39 14 -0.04171806959444466
40 14 -0.0009980350659452857
41 14 0.03129796707737806
42 14 0.001647201484802799
43 14 -0.02569546072583183
44 14 -0.002736870866692675
45 14 0.02335475189006011
46 14 0.004906996258874954
47 14 -0.02730290413936681
0 15 9.784905581513495e-17
1 15 -0.003395662300811713
2 15 0.001308012604777615
3 15 0.003134017424941341
4 15 -0.000781803006381911
5 15 -0.004011875033813513
6 15 0.0006637413937648764
7 15 0.005018917566048114
8 15 -0.000609650720864939
9 15 -0.006250186961705743
10 15 0.0005781102597395843
11 15 0.007823511954446336
12 15 -0.0005567304563656757
13 15 -0.009914548386782402
14 15 0.0005400947591032143
15 15 0.01281034750962348
16 15 -0.000525113369257242
17 15 -0.01701609035345432
18 15 0.0005095532132078888
19 15 0.02349617861706503
20 15 -0.0004914155548028235
21 15 -0.03429081761820597
22 15 0.0004685790701527671
23 15 0.05436987693958512
24 15 -0.0004385107179480038
25 15 -0.09869561320594909
26 15 0.0003979475600526066
27 15 0.2323507168529636
28 15 -0.0003424702811707172
29 15 -1.174065062918951
30 15 2.784148046842747
31 15 -3.570575327008826
32 15 2.828268020071401
33 15 -1.212598862678525
34 15 8.617636013204831e-06
35 15 0.2489562435904238
36 15 0.0002068070015500143
37 15 -0.11073544049576
38 15 -0.0005219922121629118
39 15 0.06486201658153541
40 15 0.0009980162577758233
41 15 -0.04452064135427434
42 15 -0.001752830379027764
43 15 0.03441752581016953
44 15 0.003052481089935529
45 15 -0.03000600737188982
46 15 -0.005703833470250718
47 15 0.03401429303208921
0 16 -4.970207548331472e-17
1 16 0.00336720030590017
2 16 -0.001474402119714553
3 16 -0.002872214980095056
4 16 0.0008868483613126472
5 16 0.003637929404048288
6 16 -0.0007581137596898833
7 16 -0.004495058670683817
8 16 0.0007015864311879349
9 16 0.005516500730436671
10 16 -0.0006708344234552759
11 16 -0.006785306492913781
12 16 0.0006520358539918901
13 16 0.008417818437295421
14 16 -0.0006392046060587715
15 16 -0.01059341807560341
16 16 0.0006289749133082326
17 16 0.01360803500874924
18 16 -0.000618951904864203
19 16 -0.01798375475101184
20 16 0.0006070123164613509
21 16 0.02471756485530533
22 16 -0.0005909006007710486
23 16 -0.03591794041254114
24 16 0.0005678964861232073
25 16 0.05671872805038249
26 16 -0.0005344414544411584
27 16 -0.1025692578694775
28 16 0.0004856280016039503
29 16 0.2406469322609905
30 16 -0.0004144223256818545
31 16 -1.21259886267346
32 16 2.872591723810638
33 16 -3.681399403448225
34 16 2.915318367989596
35 16 -1.250310608006674
36 16 -6.952604596382583e-05
37 16 0.2574754026924366
38 16 0.0004135838009574711
39 16 -0.1154303549449898
40 16 -0.0009508500169668417
41 16 0.06869697622840439
42 16 0.00183109597528797
43 16 -0.04859600385410522
44 16 -0.003396603284676696
45 16 0.03996461626270006
46 16 0.006691871578041275
47 16 -0.04350145627185659
0 17 1.021717212433171e-16
1 17 -0.003403383811117293
2 17 0.001673314154604245
3 17 0.002669408676445498
4 17 -0.001013048222468254
5 17 -0.003350485817497008
6 17 0.0008720946844854555
7 17 0.004096563614746116
8 17 -0.0008132626972218776
9 17 -0.004965963486804441
10 17 0.0007841717700876204
11 17 0.006019870215772773
12 17 -0.0007693232267310221
13 17 -0.007339036229615768
14 17 0.0007620894005650012
15 17 0.009041643996533533
16 17 -0.0007588218616435081
17 17 -0.01131229374372693
18 17 0.000756990665821483
19 17 0.01445660325562694
20 17 -0.0007543965514549088
21 17 -0.01901401800780872
22 17 0.000748714859370651
23 17 0.02601419464547165
24 17 -0.000737115824264312
25 17 -0.03763315282920848
26 17 0.000715829582597518
27 17 0.05916556298059047
28 17 -0.0006795383354200259
29 17 -0.1065356680096737
30 17 0.0006204315238256291
31 17 0.2489562435790961
32 17 -0.0005266384189664213
33 17 -1.2503106080008
34 17 2.958419376740761
35 17 -3.788512730153532
36 17 2.999851582962246
37 17 -1.287540795017599
38 17 -0.0002190652462383557
39 17 0.2665767551005754
40 17 0.0008192199827406916
41 17 -0.1211773502047607
42 17 -0.001845749325655057
43 17 0.07427009923670427
44 17 0.003750661546971248
45 17 -0.05598527469128905
46 17 -0.007931617858535215
47 17 0.05760946380966532
0 18 -1.416815428341935e-16
1 18 0.00351013991992136
2 18 -0.001917128981504851
3 18 -0.002517122218250077
4 18 0.001168450106545904
5 18 0.003134850608607933
6 18 -0.00101315163341567
7 18 -0.003798754352210507
8 18 0.0009522197301503698
9 18 0.004557372039992089
10 18 -0.000926036013991898
11 18 -0.005457732804205214
12 18 0.0009170947487276428
13 18 0.006558407294249222
14 18 -0.0009180376890694954
15 18 -0.007941073985400221
16 18 0.0009249391249497585
17 18 0.009727343567693589
18 18 -0.0009351916002471002
19 18 -0.01210809404017368
20 18 0.0009466161567901701
21 18 0.01539954208069846
22 18 -0.0009569506612345816
23 18 -0.02015940195285142
24 18 0.0009634229818548017
25 18 0.02745090721145719
26 18 -0.0009622543426560614
27 18 -0.03951825130509094
28 18 0.0009479488132797736
29 18 0.06181603950704598
30 18 -0.0009121599361839553
31 18 -0.1107354404766777
32 18 0.0008417604962295101
33 18 0.2574754026797823
34 18 -0.0007153748454926522
35 18 -1.287540795011496
36 18 3.041878054981511
37 18 -3.891844423239958
38 18 3.082085442106993
39 18 -1.324887434837678
40 18 -0.0005327386889242376
41 18 0.2770849347707119
42 18 0.001721239446151492
43 18 -0.1293873974254883
44 18 -0.004059056684551286
45 18 0.08458291678567785
46 18 0.009496531054925487
47 18 -0.08007107722662771
0 19 8.435169759382596e-17
1 19 -0.003703759668354671
2 19 0.002226683290512967
3 19 0.002412005313328708
4 19 -0.001366569282244778
5 19 -0.00298396944096153
6 19 0.00119379984575858
7 19 0.003588481103083744
8 19 -0.001131070314482908
9 19 -0.004267512772633797
10 19 0.001109641732808044
11 19 0.005058786663398612
12 19 -0.001109526801446717
13 19 -0.006006696587176515
14 19 0.001122519999143405
15 19 0.007170385894295269
16 19 -0.001144446298571295
17 19 -0.008634180613943523
18 19 0.001172734449094491
19 19 0.01052444890755223
20 19 -0.001205410099071009
21 19 -0.01303969873594737
22 19 0.00124053047323009
23 19 0.01650836352379145
24 19 -0.001275721383511653
25 19 -0.02150851983080206
26 19 0.001307635419173768
27 19 0.02913976089232289
28 19 -0.001331156994867937
29 19 -0.04171806956034082
30 19 0.001338091376916546
31 19 0.06486201655283502
32 19 -0.001314850721581682
33 19 -0.115430354923576
34 19 0.001238141681217085
35 19 0.2665767550872883
36 19 -0.0010664594497873
37 19 -1.324887434831212
38 19 3.123221127544235
39 19 -3.990855242981541
40 19 3.162227771393797
41 19 -1.363676529997525
42 19 -0.001291004495100892
43 19 0.2912288542477168
44 19 0.004165344816737797
45 19 -0.1448002706756552
46 19 -0.011443528925552
47 19 0.1195011303397259
0 20 -8.524436738510556e-17
1 20 0.004020821655291042
2 20 -0.002641156304736481
3 20 -0.002357675212635653
4 20 0.001632755959250885
5 20 0.002900105977840244
6 20 -0.001437456052152033
7 20 -0.003465075514757116
8 20 0.001373356325849649
9 20 0.004090338666231656
10 20 -0.001359595824877435
11 20 -0.004807557936017543
12 20 0.001372958299835451
13 20 0.005652016737972739
14 20 -0.001404221409111368
15 20 -0.006668720260662011
16 20 0.001449031653947072
17 20 0.007919332876529283
18 20 -0.00150507601485737
19 20 -0.009492537924859117
20 20 0.001570941519665631
21 20 0.01152139344033191
22 20 -0.001645511921593653
23 20 -0.0142145353117054
24 20 0.001727506482200553
25 20 0.01791607294531614
26 20 -0.001814953182945107
27 20 -0.02322943312108323
28 20 0.001904395396658862
29 20 0.03129796703238159
30 20 -0.001989518203451331
31 20 -0.04452064131391784
32 20 0.002058586436365964
33 20 0.0686969761989827
34 20 -0.002089392619600068
35 20 -0.1211773501850562
36 20 0.002038704726974461
37 20 0.2770849347592263
38 20 -0.001818643689027824
39 20 -1.363676529993203
40 20 3.202800949067719
41 20 -4.083682711016334
42 20 3.240524292562665
43 20 -1.40774749571076
44 20 -0.003610368012228257
45 20 0.3172441730831682
46 20 0.01364413634529723
47 20 -0.2001673954410777
0 21 1.479545679536539e-16
1 21 -0.004549667157727005
2 21 0.003248069074723819
3 21 0.002372756310385691
4 21 -0.002023487168625483
5 21 -0.002904181304327913
6 21 0.001796145496760225
7 21 0.00345064338137617
8 21 -0.001731232478712968
9 21 -0.004047704631982373
10 21 0.001730254357291638
11 21 0.004723397306135964
12 21 -0.001765400716673687
13 21 -0.005507395593591369
14 21 0.001826136437934222
15 21 0.006436032626782983
16 21 -0.001908087572354583
17 21 -0.007557308586414828
18 21 0.002009655249167005
19 21 0.00893777012673396
20 21 -0.002130724660566408
21 21 -0.0106733431424393
22 21 0.002272074916741531
23 21 0.01290768373329859
24 21 -0.002435028126018003
25 21 -0.01586515339994343
26 21 0.002621116749876984
27 21 0.01991387224151881
28 21 -0.002831573801127471
29 21 -0.02569546068686132
30 21 0.003066336786514611
31 21 0.03441752576842667
32 21 -0.003321923785689485
33 21 -0.04859600382479588
34 21 0.003586691598602907
35 21 0.07427009922056153
36 21 -0.003829732025481853
37 21 -0.1293873974172572
38 21 0.003973155402351375
39 21 0.291228854247549
40 21 -0.00381646036724785
41 21 -1.40774749571537
42 21 3.281521453092768
43 21 -4.163339418362531
44 21 3.317488529144337
45 21 -1.473512041566027
46 21 -0.01480534959993307
47 21 0.4190377814341178
0 22 -1.040267233145478e-16
1 22 0.005570933823228783
2 22 -0.004314815578913331
3 22 -0.002530045793546311
4 22 0.002710823228192693
5 22 0.003082689540032111
6 22 -0.002427894067730902
7 22 -0.003644416362597591
8 22 0.002362620476504404
9 22 0.004251196917711759
10 22 -0.002385658877698156
11 22 -0.004929872626681705
12 22 0.002461314655759553
13 22 0.005707539410070812
14 22 -0.002577013796294172
15 22 -0.006616144565539326
16 22 0.002728731387990165
17 22 0.007696537541282181
18 22 -0.002916683948277786
19 22 -0.009003574334069162
20 22 0.00314386607458819
21 22 0.0106136803681332
22 22 -0.003415632287978193
23 22 -0.01263698067076054
24 22 0.003739785829884951
25 22 0.01523786251939343
26 22 -0.004127004489821568
27 22 -0.01867173181920245
28 22 0.004591558935993816
29 22 0.02335475194077688
30 22 -0.005152301060457671
31 22 -0.0300060073695835
32 22 0.005833793729131927
33 22 0.03996461626638325
34 22 -0.006666993470800789
35 22 -0.05598527470308596
36 22 0.007687244026592179
37 22 0.08458291680590256
38 22 -0.008921273571377531
39 22 -0.1448002707002435
40 22 0.01033056764090594
41 22 0.3172441731119077
42 22 -0.01156509371701085
43 22 -1.473512041589433
44 22 3.36481202974848
45 22 -4.189562941986283
46 22 3.395954375064438
47 22 -1.730695049497007
0 23 1.29919473459732e-16
1 23 -0.009140750433297141
2 23 0.007751606594517125
3 23 0.003418971275705916
4 23 -0.004920290129727826
5 23 -0.004144487382361883
6 23 0.004454728127581846
7 23 0.004872498687976571
8 23 -0.004385042728948757
9 23 -0.005649324295914352
10 23 0.004482450129122116
11 23 0.006507655281587332
12 23 -0.004686007349960798
13 23 -0.007478895545765768
14 23 0.004976895341067946
15 23 0.008598673262457541
16 23 -0.005352772704826701
17 23 -0.009911139978596339
18 23 0.005820630729164299
19 23 0.0114739155505534
20 23 -0.006395006341067526
21 23 -0.0133649839141837
22 23 0.007098522534155875
23 23 0.01569322326968047
24 23 -0.007964115268458144
25 23 -0.01861540063236009
26 23 0.00903922874039394
27 23 0.02236491937426369
28 23 -0.01039301724423225
29 23 -0.02730290441699797
30 23 0.01212875489151819
31 23 0.034014293349902
32 23 -0.01440598130660121
33 23 -0.04350145653357315
34 23 0.01748213692532038
35 23 0.0576094640195638
36 23 -0.0217963121276483
37 23 -0.08007107740569328
38 23 0.02815292531744067
39 23 0.1195011305026827
40 23 -0.03817292758433369
41 23 -0.2001673955913749
42 23 0.05558889277200622
43 23 0.4190377815683653
44 23 -0.090926032323999
45 23 -1.730695049600259
46 23 3.61436562509882
47 23 -3.136617039257497
