128
0 0 0.9999999999999998
1 0 -1.414812027075758
2 0 1.051350157817095
3 0 -0.3283247887896574
4 0 -0.09631479944481071
5 0 0.0763178115294965
6 0 0.05091936510318556
7 0 -0.03830645317333264
8 0 -0.03277183157279654
9 0 0.02594739587566387
10 0 0.02339037275817045
11 0 -0.02154005114287849
12 0 -0.01811825132085293
13 0 0.02171497293369179
14 0 0.01580681267863066
15 0 -0.03185738074892228
0 1 5.948969849187213e-17
1 1 -0.3283247887896582
2 1 0.8675278015856803
3 1 -1.195150421607935
4 1 0.9992794376743512
5 1 -0.4482069067986237
6 1 0.0003724067460275545
7 1 0.09912118336624497
8 1 1.08257471552391e-05
9 1 -0.04732737868579778
10 1 -0.0005662679898961907
11 1 0.03012207747017659
12 1 0.001501525054073731
13 1 -0.0233177353153012
14 1 -0.003400631959076523
15 1 0.0243122360045607
0 2 -1.190833421012837e-16
1 2 0.0763178115294959
2 2 -0.002159114275387861
3 2 -0.4482069067986241
4 2 1.119156923272348
5 2 -1.493166575001398
6 2 1.224045451463842
7 2 -0.5423436469791793
8 2 0.0002328926371608983
9 2 0.1190854156689494
10 2 0.000475800958924867
11 2 -0.05779298565448213
12 2 -0.001743276697501472
13 2 0.03888401033162023
14 2 0.004481536675682666
15 2 -0.03738085456831181
0 3 1.4243158925083e-16
1 3 -0.03830645317333345
2 3 0.003038371777966613
3 3 0.09912118336624531
4 3 -0.00170366097434939
5 3 -0.5423436469791795
6 3 1.324097924897866
7 3 -1.740472363877622
8 3 1.413515695640544
9 3 -0.6236103714546378
10 3 -0.0001527324348179619
11 3 0.138400352738593
12 3 0.001811664888863069
13 3 -0.07096122884246797
14 3 -0.005734634948835929
15 3 0.0596417554216226
0 4 -1.149804262846598e-16
1 4 0.02594739587566471
2 4 -0.004296716024519663
3 4 -0.04732737868579846
4 4 0.002591644233610317
5 4 0.1190854156689496
6 4 -0.002093359193200071
7 4 -0.6236103714546379
8 4 1.501579082043951
9 4 -1.954581124368212
10 4 1.580486130527237
11 4 -0.6992359047039937
12 4 -0.00142648646800489
13 4 0.1626515074223932
14 4 0.007101641557288662
15 4 -0.1048811821595144
0 5 4.502377296926091e-17
1 5 -0.0215400511428787
2 5 0.006260894190335182
3 5 0.03012207747017733
4 5 -0.004066395685584819
5 5 -0.0577929856544828
6 5 0.00365983355152342
7 5 0.1384003527385937
8 5 -0.003353072694462956
9 5 -0.699235904703993
10 5 1.660934568612142
11 5 -2.140742364038456
12 5 1.731696536788375
13 5 -0.7811126694390735
14 5 -0.007803271407162655
15 5 0.227829053174904
0 6 4.05208187100191e-17
1 6 0.02171497293369212
2 6 -0.009882496254807345
3 6 -0.02331773531530061
4 6 0.006945511429999189
5 6 0.03888401033162144
6 6 -0.006958392351874643
7 6 -0.0709612288424694
8 6 0.007513680935992464
9 6 0.1626515074223943
10 6 -0.008111326260278483
11 6 -0.7811126694390754
12 6 1.810275682401546
13 6 -2.281187468542076
14 6 1.872613829188492
15 6 -0.9675358756739632
0 7 -6.121131671309765e-17
1 7 -0.0318573807489212
2 7 0.02160967801339314
3 7 0.02431223600455902
4 7 -0.01666554515210365
5 7 -0.03738085456830933
6 7 0.01882125708670389
7 7 0.05964175542162285
8 7 -0.02404660838286449
9 7 -0.1048811821595186
10 7 0.03395653851749512
11 7 0.2278290531749082
12 7 -0.05453565843930895
13 7 -0.967535875673969
14 7 2.046680346498289
15 7 -1.785808659291432
