1176
0 0 1
1 0 -1.433155777943419
2 0 1.069819031867313
3 0 -0.3249789633986251
4 0 -0.1074750255765536
5 0 0.07195120310360527
6 0 0.06045648979141648
7 0 -0.03271367791296162
8 0 -0.04150916258610665
9 0 0.01875000587518686
10 0 0.03149266776486939
11 0 -0.01202640250310478
12 0 -0.02538241251243631
13 0 0.008200839712216763
14 0 0.02130862178111266
15 0 -0.005771714548936725
16 0 -0.01842374957214972
17 0 0.004099763678249233
18 0 0.01629068509021018
19 0 -0.002872307267796877
20 0 -0.01466240897898293
21 0 0.001919913997839519
22 0 0.0133895122942469
23 0 -0.001142833085986015
24 0 -0.01237682904488702
25 0 0.0004777335155897785
26 0 0.01156132193585128
27 0 0.0001189144150400224
28 0 -0.0109000611694751
29 0 -0.0006800379997049226
30 0 0.01036338444870545
31 0 0.001233823409976632
32 0 -0.009930923901918983
33 0 -0.001808418487281997
34 0 0.009589378417293576
35 0 0.002437187271456536
36 0 -0.00933154116942664
37 0 -0.003166928849493951
38 0 0.009156550719252329
39 0 0.004074517799878111
40 0 -0.009071937133800282
41 0 -0.00530844322495736
42 0 0.009099434502653513
43 0 0.007220345579755671
44 0 -0.00929111857647761
45 0 -0.01097274289510637
46 0 0.009782528453153711
47 0 0.02568684998001214
48 0 -0.0395835829969467
0 1 1.689373909043522e-16
1 1 -0.3249789633986906
2 1 0.8652190974570646
3 1 -1.196876790035592
4 1 1.000463050784649
5 1 -0.4459743950374985
6 1 -0.000377526628642811
7 1 0.09629184330427941
8 1 0.0003328362811961109
9 1 -0.04373321907824455
10 1 -0.0003028086577253646
11 1 0.02545098393946756
12 1 0.0002796813945054337
13 1 -0.01683112374183437
14 1 -0.0002601852640235322
15 1 0.0120387896715527
16 1 0.0002426208804435149
17 1 -0.009080923788757115
18 1 -0.0002259542372757931
19 1 0.007118377016010315
20 1 0.0002094636574022256
21 1 -0.005745536702931882
22 1 -0.000192575969169662
23 1 0.004746065626039064
24 1 0.0001747770601857729
25 1 -0.003995795875499237
26 1 -0.0001555527925601082
27 1 0.003419392970173657
28 1 0.0001343397059408571
29 1 -0.002969261542742581
30 1 -0.00011047256401592
31 1 0.002614606880013724
32 1 8.311627104393673e-05
33 1 -0.002335573082658895
34 1 -5.116435819204293e-05
35 1 0.00212023175173351
36 1 1.307180963710307e-05
37 1 -0.001963590433029275
38 1 3.344477273529142e-05
39 1 0.001868905319667649
40 1 -9.199568536478183e-05
41 1 -0.001853769595136573
42 1 0.0001688076583207941
43 1 0.0019719924641947
44 1 -0.0002760009345810772
45 1 -0.002418025860465637
46 1 0.0004419640095170029
47 1 0.004769222796336638
48 1 -0.005738753347988235
0 2 1.962842357750453e-17
1 2 0.07195120310369243
2 2 0.0009467448398525728
3 2 -0.4459743950374962
4 2 1.11748939792201
5 2 -1.496097907518739
6 2 1.225189650273051
7 2 -0.5385631689354226
8 2 -0.0003928567921250571
9 2 0.1141859102549721
10 2 0.0003581284247082946
11 2 -0.05127956689108499
12 2 -0.0003314902365248798
13 2 0.02961488622880456
14 2 0.0003091073511899535
15 2 -0.01947638479408925
16 2 -0.0002889846619701815
17 2 0.01387257260036619
18 2 0.0002699059117720357
19 2 -0.01043019773978306
20 2 -0.0002510194090667882
21 2 0.008155318754205146
22 2 0.0002316455386771099
23 2 -0.00656971691215506
24 2 -0.0002111713313960595
25 2 0.005419412429646031
26 2 0.0001889804098499191
27 2 -0.00455927000274807
28 2 -0.0001643940832430313
29 2 0.003901720293483138
30 2 0.0001366082416376275
31 2 -0.003391941996486026
32 2 -0.0001046111392198628
33 2 0.002995148580184659
34 2 6.706066463930561e-05
35 2 -0.002690037685116926
36 2 -2.208233260955682e-05
37 2 0.002465996723305484
38 2 -3.309263880592987e-05
39 2 -0.002323750746110828
40 2 0.0001028367034751147
41 2 0.002282081217011076
42 2 -0.0001946780888451925
43 2 -0.002403593278451335
44 2 0.0003232397493328061
45 2 0.002919102971268432
46 2 -0.0005226936076249227
47 2 -0.005710074246469234
48 2 0.006847790795150521
0 3 -1.063497666847472e-16
1 3 -0.03271367791305736
2 3 -0.001075716923406136
3 3 0.09629184330427663
4 3 0.0006198307681720449
5 3 -0.5385631689354231
6 3 1.322368508717932
7 3 -1.745449833009647
8 3 1.414662375945277
9 3 -0.6169992232826575
10 3 -0.0004099927777062945
11 3 0.1293522730696587
12 3 0.0003803537804269491
13 3 -0.05764755902517538
14 3 -0.0003555440187657263
15 3 0.03310828785439021
16 3 0.0003332972012562648
17 3 -0.02168258482128971
18 3 -0.0003122291108956672
19 3 0.0153936078539844
20 3 0.0002913671624622194
21 3 -0.01154407219338332
22 3 -0.0002699314992125381
23 3 0.00900823634896847
24 3 0.0002472146696706189
25 3 -0.007246215102504791
26 3 -0.0002225011542634504
27 3 0.005972223876586859
28 3 0.0001949991185636916
29 3 -0.005023615633584436
30 3 -0.0001637667618794431
31 3 0.004302894820951948
32 3 0.0001276159612439059
33 3 -0.003749855321999297
34 3 -8.496828610848348e-05
35 3 0.003327625168190863
36 3 3.361807658911197e-05
37 3 -0.00301614264667585
38 3 2.969139838164782e-05
39 3 0.002811113900752515
40 3 -0.000110097516763238
41 3 -0.002730759194709475
42 3 0.0002164303842223084
43 3 0.002844992816371694
44 3 -0.0003658041960259221
45 3 -0.003418852737169093
46 3 0.0005981136272467836
47 3 0.006626502875851813
48 3 -0.007916781120535066
0 4 1.169739796698097e-16
1 4 0.01875000587513626
2 4 0.001202385697734764
3 4 -0.04373321907827004
4 4 -0.0006940436638759379
5 4 0.1141859102550065
6 4 0.0005689411194900395
7 4 -0.6169992232826974
8 4 1.499495479900768
9 4 -1.963633621775417
10 4 1.58160071628202
11 4 -0.6863656689266305
12 4 -0.0004295078026445578
13 4 0.1427984386171827
14 4 0.0004025257174207586
15 4 -0.06328811723300368
16 4 -0.0003784079076904385
17 4 0.03619537250066403
18 4 0.000355604934630928
19 4 -0.02362668819092857
20 4 -0.0003330244070989047
21 4 0.01673030175965091
22 4 0.0003097860339383223
23 4 -0.01252086107158481
24 4 -0.0002850864513749664
25 4 0.009755453187403505
26 4 0.0002581081608991984
27 4 -0.007839482150475398
28 4 -0.0002279415754861431
29 4 0.00645913604471952
30 4 0.0001935002162918427
31 4 -0.005436638131472494
32 4 -0.0001534092872695868
33 4 0.004666427548374817
34 4 0.0001058389226199428
35 4 -0.004084878797086197
36 4 -4.823003532210686e-05
37 4 0.003655910959637906
38 4 -2.319564647568637e-05
39 4 -0.003366214086780135
40 4 0.0001143924524514639
41 4 0.003230982567977668
42 4 -0.0002355777376516937
43 4 -0.003326033104647065
44 4 0.0004065100523083945
45 4 0.003950494490979652
46 4 -0.0006731252259206865
47 4 -0.007578958785070394
48 4 0.009016015933011157
0 5 -8.115992810401863e-17
1 5 -0.01202640250381082
2 5 -0.001331562872400701
3 5 0.02545098393935983
4 5 0.000770023263382336
5 5 -0.05127956689096065
6 5 -0.0006324685828912123
7 5 0.1293522730695142
8 5 0.0005620400912190774
9 5 -0.6863656689264136
10 5 1.657796676868132
11 5 -2.159999737804446
12 5 1.732531558643083
13 5 -0.7492579292402299
14 5 -0.0004517644915196995
15 5 0.1550222663520212
16 5 0.0004259563940374044
17 5 -0.0684177273930692
18 5 -0.0004016089361486678
19 5 0.0390006715325267
20 5 0.0003775068820439032
21 5 -0.02539129460356515
22 5 -0.0003526659804419306
23 5 0.01794239866863468
24 5 0.0003261824069732706
25 5 -0.01340645921792035
26 5 -0.0002971305197670857
27 5 0.01043395631814957
28 5 0.0002644744288416018
29 5 -0.008380691027155877
30 5 -0.0002269709551178987
31 5 0.006907760452908798
32 5 0.0001830415131796887
33 5 -0.005824401125337185
34 5 -0.0001305801353123048
35 5 0.005019173605684728
36 5 6.66378956858492e-05
37 5 -0.004428217006448055
38 5 1.31399144240657e-05
39 5 0.004022375537725081
40 5 -0.000115611642681717
41 5 -0.003809826906226647
42 5 0.0002525269298221305
43 5 0.003870283690480883
44 5 -0.0004465558309033076
45 5 -0.004537660259394551
46 5 0.0007502547034679525
47 5 0.008606154715419187
48 5 -0.01018830332710474
0 6 1.578066326333803e-17
1 6 0.008200839714019716
2 6 0.001466569480650676
3 6 -0.0168311237415519
4 6 -0.0008497213542338834
5 6 0.02961488622847583
6 6 0.000699362417754087
7 6 -0.05764755902479646
8 6 -0.0006228562304135983
9 6 0.1427984386166939
10 6 0.0005728833577873372
11 6 -0.749257929239956
12 6 1.802240217361585
13 6 -2.340002528976397
14 6 1.871333251098762
15 6 -0.8072211875594831
16 6 -0.0004772121305395675
17 6 0.1663157360783211
18 6 0.0004514902859829348
19 6 -0.07316101415327265
20 6 -0.0004260483561885927
21 6 0.04159493027264498
22 6 0.0003997923973294938
23 6 -0.02702305350192953
24 6 -0.0003717114391228625
25 6 0.01906374098885033
26 6 0.0003407631267256018
27 6 -0.01422725840113846
28 6 -0.0003057736936389275
29 6 0.01106573631389378
30 6 0.0002653271542773533
31 6 -0.00888955346318916
32 6 -0.000217618241297453
33 6 0.007337447453714147
34 6 0.0001602316713648372
35 6 -0.006208237219870028
36 6 -8.977957986048409e-05
37 6 0.00538820594275424
38 6 1.255512225359084e-06
39 6 -0.004820129734668184
40 6 0.0001132219603921397
41 6 0.004498286373379237
42 6 -0.0002671382278929958
43 6 -0.004502864158912125
44 6 0.0004864507141742007
45 6 0.005203404982344207
46 6 -0.0008311572762211268
47 6 -0.009742125302273483
48 6 0.01146918721727097
0 7 4.526138999241279e-17
1 7 -0.005771714539797464
2 7 -0.001610215960357923
3 7 0.01203878967324788
4 7 0.000934810385126758
5 7 -0.01947638479612429
6 7 -0.0007710409940642186
7 7 0.03310828785675302
8 7 0.0006882748435421189
9 7 -0.06328811723563929
10 7 -0.0006346288836763802
11 7 0.1550222663553193
12 7 0.0005947317843834695
13 7 -0.8072211875635527
14 7 1.93592956636645
15 7 -2.507148230650133
16 7 2.000533373153154
17 7 -0.8612662401928363
18 7 -0.0005064520306592477
19 7 0.176868721512164
20 7 0.0004798631384291599
21 7 -0.07759819258204087
22 7 -0.0004523954152688029
23 7 0.04402340967637686
24 7 0.0004229223742376835
25 7 -0.0285519064881311
26 7 -0.0003902743755564483
27 7 0.02011645022670086
28 7 0.0003531255215499
29 7 -0.01500124837167245
30 7 -0.0003098670707602125
31 7 0.01166698794802398
32 7 0.0002584384647361095
33 7 -0.009382500633144315
34 7 -0.0001960732106882746
35 7 0.007767364692683947
36 7 0.0001188815943158391
37 7 -0.006614146063046426
38 7 -2.110871263799173e-05
39 7 0.005814603846404094
40 7 -0.0001063064724365342
41 7 -0.005336686014582749
42 7 0.0002788497210174606
43 7 0.005254835159614223
44 7 -0.0005262687361131538
45 7 -0.005974448107995578
46 7 0.0009170977355771253
47 7 0.01102310380755246
48 7 -0.01289458012065797
0 8 -7.842849319860124e-17
1 8 0.004099763670469701
2 8 0.001765261406774119
3 8 -0.00908092379008554
4 8 -0.001026949247250415
5 8 0.01387257260195511
6 8 0.0008489265764014736
7 8 -0.02168258482312817
8 8 -0.0007596209708495495
9 8 0.03619537250269082
10 8 0.0007022357015693044
11 8 -0.06841772739569681
12 8 -0.0006599498397305872
13 8 0.1663157360816434
14 8 0.0006256775994927194
15 8 -0.8612662401913742
16 8 2.060957092946278
17 8 -2.663847183349874
18 8 2.121888142605033
19 8 -0.9120983073633326
20 8 -0.000540288908209674
21 8 0.1868136473089536
22 8 0.0005118524525462082
23 8 -0.08178507248595125
24 8 -0.0004812378989799218
25 8 0.04631774861151806
26 8 0.0004471359882015809
27 8 -0.02999922634673701
28 8 -0.0004080519097167068
29 8 0.02111710667691156
30 8 0.0003621603586032
31 8 -0.01574318227327425
32 8 -0.0003071108226882222
33 8 0.01225297553335056
34 8 0.000239734065634863
35 8 -0.009878084304774196
36 8 -0.0001555602041869526
37 8 0.008223894236294089
38 8 4.796301335615923e-05
39 8 -0.007085548173523577
40 8 9.349699401015724e-05
41 8 0.00638116567936575
42 8 -0.0002866518595618144
43 8 -0.006167702832703466
44 8 0.0005656847886153272
45 8 0.006884753208339269
46 8 -0.001009110557423272
47 8 -0.01249213649217645
48 8 0.01450525516471574
0 9 6.17749582587692e-17
1 9 -0.002872307289180219
2 9 -0.001934707585035075
3 9 0.007118377012036619
4 9 0.001127955897711446
5 9 -0.01043019773503637
6 9 -0.0009345897115118744
7 9 0.01539360784847661
8 9 0.0008383694987974226
9 9 -0.02362668818455338
10 9 -0.000777141401478113
11 9 0.03900067152570055
12 9 0.000732506271269089
13 9 -0.07316101414595182
14 9 -0.0006967168811167024
15 9 0.1768687214979833
16 9 0.0006657293092378218
17 9 -0.9120983073492224
18 9 2.178812419990899
19 9 -2.811839889383339
20 9 2.236676878350501
21 9 -0.9602332293517144
22 9 -0.0005798036197432016
23 9 0.1962478035715086
24 9 0.0005483721076680131
25 9 -0.08576296458230302
26 9 -0.0005131435897403123
27 9 0.04850190835448596
28 9 0.0004724351914160358
29 9 -0.03138208742720126
30 9 -0.0004241773196479185
31 9 0.02208034150969393
32 9 0.0003656883058235908
33 9 -0.01646819475713283
34 9 -0.0002933336981885119
35 9 0.01284253727038005
36 9 0.0002019667368554701
37 9 -0.0104039565739843
38 9 -8.39362086252299e-05
39 9 0.008753850075899818
40 9 -7.283048440872752e-05
41 9 -0.007713593600785532
42 9 0.0002889533727872535
43 9 0.007299743659505303
44 9 -0.0006039010706311573
45 9 -0.007979960578861411
46 9 0.001108027790475595
47 9 0.01420378983628113
48 9 -0.01635081249812498
0 10 -5.094433989916821e-17
1 10 0.001919914009584044
2 10 0.002122056921119507
3 10 -0.00574553670086013
4 10 -0.001239961274326734
5 10 0.008155318751747138
6 10 0.001029880220100129
7 10 -0.01154407219055066
8 10 -0.0009262663873432811
9 10 0.01673030175633094
10 10 0.0008610568774151213
11 10 -0.02539129460028295
12 10 -0.0008141146045032236
13 10 0.0415949302694224
14 10 0.0007769662014336644
15 10 -0.07759819257169906
16 10 -0.0007451910559433809
17 10 0.1868136472995399
18 10 0.0007160648147859419
19 10 -0.9602332293593019
20 10 2.290600213269531
21 10 -2.952431260209696
22 10 2.345866159531661
23 10 -1.006062402015795
24 10 -0.0006264652227904215
25 10 0.2052458008035014
26 10 0.0005905598788519589
27 10 -0.08956430316792054
28 10 -0.0005486714564953158
29 10 0.0505957657216413
30 10 0.0004984545227559306
31 10 -0.03271623319644312
32 10 -0.0004368480705440776
33 10 0.02302199045022324
34 10 0.0003596775428793434
35 10 -0.01719609030321012
36 10 -0.0002610007199465225
37 10 0.0134652865428776
38 10 0.0001319489858479395
39 10 -0.01101124777443948
40 10 4.150646148183206e-05
41 10 0.009458389111847834
42 10 -0.0002833485026087202
43 10 -0.008736084534752386
44 10 0.0006394325558227611
45 10 0.009323991961061465
46 10 -0.001214428977462136
47 10 -0.01623031349824992
48 10 0.01849433066866962
0 11 1.364723189374418e-17
1 11 -0.001142833094182936
2 11 -0.002331603671580699
3 11 0.004746065624772464
4 11 0.00136558498501091
5 11 -0.006569716910671364
6 11 -0.001137078513839913
7 11 0.009008236347295194
8 11 0.001025470472030652
9 11 -0.01252086106961625
10 11 -0.0009561044342443946
11 11 0.01794239866693928
12 11 0.0009069078305166872
13 11 -0.02702305350059819
14 11 -0.0008686017641939692
15 11 0.04402340966726105
16 11 0.0008363505258232597
17 11 -0.08178507247831418
18 11 -0.0008071758386160019
19 11 0.1962478035837814
20 11 0.0007789407580137989
21 11 -1.006062402019814
22 11 2.397165893876601
23 11 -3.086628895720408
24 11 2.450208004273887
25 11 -1.049891838200244
26 11 -0.0006823070351302379
27 11 0.2138672493990209
28 11 0.000639880519996903
29 11 -0.09321639381903904
30 11 -0.0005883257980840077
31 11 0.05261795958425314
32 11 0.0005241472754354854
33 11 -0.03401915211555783
34 11 -0.0004425415920611211
35 11 0.02396350795144967
36 11 0.0003366265609897126
37 11 -0.01795912332200318
38 11 -0.0001960757374903188
39 11 0.01417763505088735
40 11 4.490993359636316e-06
41 11 -0.01181300309457726
42 11 0.0002662188242621559
43 11 0.01060600284855477
44 11 -0.0006697599468220392
45 11 -0.01100966893744305
46 11 0.001328397824976814
47 11 0.01867086009321036
48 11 -0.02101876422013821
0 12 8.673581913419506e-18
1 12 0.0004777335083725571
2 12 0.00256882077444488
3 12 -0.003995795877142008
4 12 -0.001508170086117702
5 12 0.005419412431631588
6 12 0.00125909900954866
7 12 -0.007246215104860797
8 12 -0.001138745251526011
9 12 0.009755453190075754
10 12 0.00106500574471476
11 12 -0.01340645922162201
12 12 -0.001013626972356159
13 12 0.01906374099361838
14 12 0.0009744267378335221
15 12 -0.0285519064847756
16 12 -0.0009421079436778035
17 12 0.0463177486110104
18 12 0.0009134138099071292
19 12 -0.08576296460574212
20 12 -0.0008860090134143266
21 12 0.205245800818496
22 12 0.000857947419541238
23 12 -1.049891838211982
24 12 2.499172636673954
25 12 -3.215229265434271
26 12 2.55030200066668
27 12 -1.091967205555024
28 12 -0.0007502110745181721
29 12 0.2221621102729408
30 12 0.0006982612690548055
31 12 -0.09674460482488402
32 12 -0.000632402770247622
33 12 0.05458916867731523
34 12 0.000547100206353934
35 12 -0.03531485998527974
36 12 -0.000434356924968105
37 12 0.02494061140626842
38 12 0.0002820888814826091
39 12 -0.01882013472003506
40 12 -7.099906138959316e-05
41 12 0.01510680481495743
42 12 -0.0002320915044982372
43 12 -0.01311433492113624
44 12 0.0006906928908828765
45 12 0.01317699169335743
46 12 -0.0014491327600939
47 12 -0.02166607161653876
48 12 0.02403636802133013
0 13 -4.529268259439218e-17
1 13 0.0001189144207138559
2 13 -0.002840923730591595
3 13 0.003419392971556176
4 13 0.001672126093080463
5 13 -0.00455927000453832
6 13 -0.001399788004227319
7 13 0.005972223878624921
8 13 0.001269740384054037
9 13 -0.007839482152749032
10 13 -0.00119135835707603
11 13 0.01043395632171518
12 13 0.001137899125599268
13 13 -0.01422725840587835
14 13 -0.001098155574763884
15 13 0.02011645022169576
16 13 0.001066313044170869
17 13 -0.02999922634496752
18 13 -0.001038808089117596
19 13 0.04850190838060644
20 13 0.001013092084322859
21 13 -0.08956430318351299
22 13 -0.0009870413061656095
23 13 0.2138672494102713
24 13 0.0009586120485513385
25 13 -1.091967205552108
26 13 2.597150628707839
27 13 -3.338873614553618
28 13 2.646636612857446
29 13 -1.132491003524351
30 13 -0.0008343826452061462
31 13 0.2301752251903302
32 13 0.0007682724204058889
33 13 -0.1001761935225749
34 13 -0.0006805872405626696
35 13 0.05653751714822467
36 13 0.0005620086165209761
37 13 -0.03664371778647606
38 13 -0.0003983233414657379
39 13 0.02602408109856017
40 13 0.0001666552687024237
41 13 -0.01992345191177994
42 13 0.0001725596864998577
43 13 0.01660215603209596
44 13 -0.0006952908637033974
45 13 -0.01604618578649284
46 13 0.001574097712912607
47 13 0.02542264455216074
48 13 -0.02770344641249201
0 14 3.401966865617616e-17
1 14 -0.0006800380060813306
2 14 0.00315774803962381
3 14 -0.002969261544326961
4 14 -0.001863463063304519
5 14 0.003901720295342933
6 14 0.001564387743623778
7 14 -0.005023615636277047
8 14 -0.001423430460005516
9 14 0.006459136047360467
10 14 0.001340066880355844
11 14 -0.008380691031085684
12 14 -0.001284671198709366
13 14 0.01106573631969026
14 14 0.001244857696515739
15 14 -0.01500124836614335
16 14 -0.001214225120241505
17 14 0.02111710667499394
18 14 0.001188871177909223
19 14 -0.03138208745789105
20 14 -0.001166019915433734
21 14 0.05059576573967484
22 14 0.001143365153036855
23 14 -0.09321639383132604
24 14 -0.001118683833296142
25 14 0.2221621102681969
26 14 0.001089542616028624
27 14 -1.132491003522863
28 14 2.691529397391687
29 14 -3.458085048283685
30 14 2.739618063864127
31 14 -1.171635590178034
32 14 -0.0009411774149494645
33 14 0.2379515007065123
34 14 0.0008533529314118546
35 14 -0.1035467334394473
36 14 -0.0007309236503057359
37 14 0.05851000051537478
38 14 0.0005570929923606018
39 14 -0.03808664050635193
40 14 -0.0003045334139547651
41 14 0.02737930611223521
42 14 -7.443566754369019e-05
43 14 -0.02167279359877433
44 14 0.000671907732206706
45 14 0.01998135348794149
46 14 -0.001697418661985657
47 14 -0.03025674866873531
48 14 0.03224438313658595
0 15 -2.662427397313058e-17
1 15 0.001233823416582246
2 15 -0.003533190163026391
3 15 0.002614606881585276
4 15 0.002090668607217135
5 15 -0.003391941998484813
6 15 -0.001760298329245781
7 15 0.004302894822940145
8 15 0.001606835187317954
9 15 -0.00543663813562925
10 15 -0.001518050463605342
11 15 0.006907760457447955
12 15 0.001460921266640654
13 15 -0.008889553469340665
14 15 -0.001421684774714135
15 15 0.01166698794153758
16 15 0.001393266688875037
17 15 -0.01574318227158347
18 15 -0.001371389090929637
19 15 0.02208034154650696
20 15 0.001353037510104265
21 15 -0.03271623321736731
22 15 -0.001335726487799629
23 15 0.05261795959759042
24 15 0.001317064515262592
25 15 -0.09674460481701946
26 15 -0.001294419563379174
27 15 0.2301752251860387
28 15 0.001264580321440305
29 15 -1.171635590175108
30 15 2.782658852206942
31 15 -3.573292750848914
32 15 2.829591948477696
33 15 -1.209555060462494
34 15 -0.00108061867021281
35 15 0.2455442487850266
36 15 0.0009580159385497212
37 15 -0.106913884206985
38 15 -0.0007770972253753436
39 15 0.06060123365291654
40 15 0.0005049766682657239
41 15 -0.03983579022674112
42 15 -8.35368144332408e-05
43 15 0.02947829366200094
44 15 -0.0006005781209473621
45 15 -0.02562215718195338
46 15 0.001806592926206426
47 15 0.03667563691554122
48 15 -0.03799272421397781
0 16 1.312533596848962e-17
1 16 -0.001808418493587356
2 16 0.003987711542641119
3 16 -0.002335573084351202
4 16 -0.002366231321044118
5 16 0.002995148581466558
6 16 0.001998400581182717
7 16 -0.003749855324163747
8 16 -0.001830269099151076
9 16 0.004666427549436806
10 16 0.001735469619841607
11 16 -0.005824401134679334
12 16 -0.001676891135216027
13 16 0.007337447460904061
14 16 0.001639129754608634
15 16 -0.009382500624656532
16 16 -0.001614326884406065
17 16 0.01225297553330218
18 16 0.001597786766877488
19 16 -0.01646819480311759
20 16 -0.001586251438298896
21 16 0.023021990474138
22 16 0.001577074245868783
23 16 -0.03401915212955327
24 16 -0.001567728751955677
25 16 0.05458916866475504
26 16 0.001555427425678079
27 16 -0.1001761935136371
28 16 -0.001536728809047238
29 16 0.2379515006987399
30 16 0.001507032597113499
31 16 -1.209555060457642
32 16 2.870821488735378
33 16 -3.684845569526667
34 16 2.916861476840923
35 16 -1.246400040625728
36 16 -0.001269362191764359
37 16 0.253032828351103
38 16 0.001087698357313522
39 16 -0.1103926291111678
40 16 -0.0008007295956349202
41 16 0.063039161374619
42 16 0.0003368057704549686
43 16 -0.04245171643090423
44 16 0.0004459919630393878
45 16 0.03418214685816991
46 16 -0.001875583534520908
47 16 -0.04554231140365123
48 16 0.04546515768497111
0 17 -9.233582628946763e-18
1 17 0.002437187277692126
2 17 -0.004552982074447631
3 17 0.002120231753381131
4 17 0.002709464506967164
5 17 -0.002690037687451015
6 17 -0.002295506605769186
7 17 0.003327625166430087
8 17 0.002109655051028353
9 17 -0.004084878798712946
10 17 -0.002007995573960495
11 17 0.005019173605273559
12 17 0.001948364225273556
13 17 -0.00620823724147901
14 17 -0.001913351200844647
15 17 0.007767364681516555
16 17 0.001894164873946701
17 17 -0.009878084305442758
18 17 -0.001885642559884857
19 17 0.01284253733262563
20 17 0.001884289960443364
21 17 -0.01719609033590701
22 17 -0.001887344421119923
23 17 0.02396350796685798
24 17 0.001892219489719174
25 17 -0.0353148599664771
26 17 -0.001896072079714375
27 17 0.05653751713379706
28 17 0.001895350603072855
29 17 -0.1035467334255827
30 17 -0.001885202496575133
31 17 0.2455442487743188
32 17 0.001858580777414861
33 17 -1.246400040620244
34 17 2.956235113346466
35 17 -3.793012822326436
36 17 3.001706867924967
37 17 -1.282344466674319
38 17 -0.001536958740288083
39 17 0.2605682819912709
40 17 0.001246763293275684
41 17 -0.1142627105122346
42 17 -0.0007470700080217644
43 17 0.06650468944895367
44 17 -0.0001430379546667262
45 17 -0.04820879687260418
46 17 0.001849419693871971
47 17 0.05843901278896454
48 17 -0.05550350627573164
0 18 -2.219969780846356e-17
1 18 -0.003166928856001966
2 18 0.00528121259399509
3 18 -0.001963590434290837
4 18 -0.003152178543924812
5 18 0.002465996726088931
6 18 0.002679279742309046
7 18 -0.003016142651434647
8 18 -0.002471165837031534
9 18 0.003655910944024965
10 18 0.002361359691423389
11 18 -0.00442821700902949
12 18 -0.002301227882584748
13 18 0.00538820593724919
14 18 0.002270823654835764
15 18 -0.006614146084948553
16 18 -0.002260212458855685
17 18 0.008223894237832026
18 18 0.002263705739276251
19 18 -0.01040395665886166
20 18 -0.002277602829462048
21 18 0.01346528659048128
22 18 0.002299119918172714
23 18 -0.01795912334485183
24 18 -0.002325762181777081
25 18 0.02494061137947495
26 18 0.002354838760606712
27 18 -0.03664371776494654
28 18 -0.002382953989031921
29 18 0.0585100004947517
30 18 0.002405327492203693
31 18 -0.1069138841893161
32 18 -0.002414741804138858
33 18 0.2530328283395784
34 18 0.002399766810546326
35 18 -1.282344466668925
36 18 3.039039693130839
37 18 -3.897960257459223
38 18 3.08441485606548
39 18 -1.317651920749182
40 18 -0.001940454787842001
41 18 0.2685160285380797
42 18 0.001427766289315582
43 18 -0.1193812690439839
44 18 -0.0004351790557006968
45 18 0.07385669739937573
46 18 -0.001607241430334629
47 18 -0.07856883262299479
48 18 0.06956977294166344
0 19 8.025778730514379e-18
1 19 0.00407451780676099
2 19 -0.006265981636461598
3 19 0.001868905320643971
4 19 0.003751333764464197
5 19 -0.002323750746115994
6 19 -0.003199203139323357
7 19 0.002811113908931018
8 19 0.002961565667993048
9 19 -0.00336621410043582
10 19 -0.002841481964056143
11 19 0.00402237547456996
12 19 0.002781621573165021
13 19 -0.004820129736682608
14 19 -0.002758670943149496
15 19 0.005814603788591399
16 19 0.002761232708439631
17 19 -0.007085548275857866
18 19 -0.002783016319627487
19 19 0.008753850199744
20 19 0.002820187665587543
21 19 -0.01101124784218301
22 19 -0.002870130547192299
23 19 0.01417763509088478
24 19 0.002930740915937043
25 19 -0.01882013468712171
26 19 -0.002999900067788795
27 19 0.02602408106828952
28 19 0.003074930548008739
29 19 -0.03808664047554969
30 19 -0.003151858342168251
31 19 0.06060123362723507
32 19 0.003224232511790626
33 19 -0.1103926290924182
34 19 -0.003281053385948199
35 19 0.2605682819801917
36 19 0.003302897389638163
37 19 -1.317651920744241
38 19 3.119244771827001
39 19 -3.999655162593996
40 19 3.165344723002487
41 19 -1.352887179817969
42 19 -0.002603151335416865
43 19 0.2780247201112873
44 19 0.001555092343630729
45 19 -0.1294997476524557
46 19 0.0008644753536288384
47 19 0.113378603084661
48 19 -0.0904258803636307
0 20 -1.681099529474166e-17
1 20 -0.005308443231274572
2 20 0.007695920983080369
3 20 -0.001853769595564941
4 20 -0.004621642396495156
5 20 0.002282081216722705
6 20 0.003954828008519369
7 20 -0.002730759187521959
8 20 -0.003674828049031801
9 20 0.003230982602364629
10 20 0.003540522908810039
11 20 -0.003809826959091819
12 20 -0.003482018417053203
13 20 0.004498286151169976
14 20 0.003471198035311952
15 20 -0.005336685957577904
16 20 -0.003494656005260525
17 20 0.006381165603980997
18 20 0.003545385459419019
19 20 -0.007713594006704931
20 20 -0.003619575967556224
21 20 0.009458389217133937
22 20 0.003715157502957172
23 20 -0.0118130031628292
24 20 -0.003831019849320846
25 20 0.01510680479072004
26 20 0.003966482953685025
27 20 -0.019923451880051
28 20 -0.004120790185070054
29 20 0.02737930607401566
30 20 0.004292424258436286
31 20 -0.03983579019300338
32 20 -0.004477957994081653
33 20 0.06303916135141828
34 20 0.004669896821568971
35 20 -0.1142627104983453
36 20 -0.00485235162824357
37 20 0.2685160285319701
38 20 0.004991843457474355
39 20 -1.352887179817817
40 20 3.19654569976153
41 20 -4.097502208032063
42 20 3.245134290471253
43 20 -1.389806368777664
44 20 -0.003837744920548857
45 20 0.2943959144787278
46 20 0.001123608722996381
47 20 -0.1842100612851242
48 20 0.1239374534830503
0 21 2.98008384454976e-17
1 21 0.007220345582734735
2 21 -0.01002634074128523
3 21 0.001971992462758445
4 21 0.006039753737169378
5 21 -0.002403593277919164
6 21 -0.005186006759564601
7 21 0.002844992810031687
8 21 0.004837117793899084
9 21 -0.003326033063583622
10 21 -0.004680008672187343
11 21 0.003870283839952096
12 21 0.004624385552019673
13 21 -0.004502864328903543
14 21 -0.004634415339225166
15 21 0.005254834377489514
16 21 0.004693577565280522
17 21 -0.006167702811269966
18 21 -0.004793923812216839
19 21 0.007299743770127026
20 21 0.004932006345577011
21 21 -0.008736085171406161
22 21 -0.005107115083185911
23 21 0.01060600294485472
24 21 0.005320449172683621
25 21 -0.01311433489528297
26 21 -0.005574700511780801
27 21 0.01660215604043171
28 21 0.005873798926432141
29 21 -0.02167279357447199
30 21 -0.006222632529109665
31 21 0.02947829363521364
32 21 0.006626487686908517
33 21 -0.04245171641616415
34 21 -0.007089690851353967
35 21 0.06650468944726388
36 21 0.007612225192061414
37 21 -0.1193812690505826
38 21 -0.008181158608713967
39 21 0.2780247201259499
40 21 0.008748031709497785
41 21 -1.389806368794007
42 21 3.269554528842227
43 21 -4.18856597723286
44 21 3.325604321017903
45 21 -1.437115513387724
46 21 -0.00665879394396992
47 21 0.3791235099950988
48 21 -0.1849765019717371
0 22 -7.144162046777302e-18
1 22 -0.01097274289049308
2 22 0.01477435877515503
3 22 -0.002418025857463421
4 22 -0.008926782476476517
5 22 0.002919102967607763
6 22 0.007690646469798861
7 22 -0.003418852741673248
8 22 -0.007200060897503818
9 22 0.003950494461973738
10 22 0.006995309410399143
11 22 -0.004537660109312413
12 22 -0.006944590755999827
13 22 0.005203405532656539
14 22 0.006996465492662907
15 22 -0.005974448430215964
16 22 -0.007128256563185406
17 22 0.006884751330719372
18 22 0.007330392808576967
19 22 -0.007979961114378249
20 22 -0.007600622132103335
21 22 0.009323991682320169
22 22 0.007941712937546353
23 22 -0.01100966998006968
24 22 -0.008360676902384508
25 22 0.013176991561013
26 22 0.008868833527493651
27 22 -0.01604618585973693
28 22 -0.009482501235113412
29 22 0.01998135357241539
30 22 0.01022431123125592
31 22 -0.02562215721474332
32 22 -0.01112526326612199
33 22 0.03418214689594243
34 22 0.01222770152294882
35 22 -0.04820879691842344
36 22 -0.01358926032026651
37 22 0.07385669745540802
38 22 0.01528692923698838
39 22 -0.1294997477153108
40 22 -0.01741624560860854
41 22 0.2943959145449678
42 22 0.02006193961548154
43 22 -1.437115513437141
44 22 3.33097908279209
45 22 -4.253188926788597
46 22 3.416460535173363
47 22 -1.614457262710508
48 22 0.3250878564859682
0 23 -8.381630698212659e-18
1 23 0.02568684995392635
2 23 -0.03388073375310307
3 23 0.004769222791051364
4 23 0.02052800845556118
5 23 -0.005710074239333516
6 23 -0.01774038941122145
7 23 0.006626502865342923
8 23 0.01666661004747571
9 23 -0.007578958818916916
10 23 -0.01625613343872549
11 23 0.008606154675980741
12 23 0.01620974770620898
13 23 -0.009742124687140514
14 23 -0.01641293950276228
15 23 0.01102310483502743
16 23 0.01681805787597782
17 23 -0.01249213872958345
18 23 -0.01740890394744916
19 23 0.01420378736753708
20 23 0.01818812355308678
21 23 -0.01623031227122089
22 23 -0.0191729189993309
23 23 0.01867085840340953
24 23 0.02039479188291121
25 23 -0.02166607228586565
26 23 -0.02190214050692044
27 23 0.02542264489700008
28 23 0.02376591402186128
29 23 -0.03025674907551242
30 23 -0.0260896427673789
31 23 0.03667563736927761
32 23 0.02902678240682267
33 23 -0.04554231179213299
34 23 -0.03281143858051509
35 23 0.05843901312025513
36 23 0.0378154386807449
37 23 -0.07856883292680061
38 23 -0.04466147893860847
39 23 0.1133786033811747
40 23 0.05446730565079688
41 23 -0.1842100615734273
42 23 -0.06943507558291719
43 23 0.3791235102502837
44 23 0.09451074249329162
45 23 -1.614457262895156
46 23 3.284572050572883
47 23 -3.782246271514162
48 23 2.510505126728684
