351
0 0 0.9999999999999999
1 0 -1.440959958595802
2 0 1.077789663410105
3 0 -0.3236790490643938
4 0 -0.1123740265725554
5 0 0.07032415713831065
6 0 0.06475014506556283
7 0 -0.03073321609155475
8 0 -0.04559961278183983
9 0 0.0163638176913982
10 0 0.03553917583762595
11 0 -0.009155184682474527
12 0 -0.02947747527314456
13 0 0.00472858546505198
14 0 0.02552275311326738
15 0 -0.001524938041808051
16 0 -0.02282437609359734
17 0 -0.00119561577738604
18 0 0.02095608135983135
19 0 0.003945747247659555
20 0 -0.01970031654475876
21 0 -0.007372754683759032
22 0 0.01897507259446747
23 0 0.01315477441816449
24 0 -0.01885731686768305
25 0 -0.0336767650852722
26 0 0.05831754914385056
0 1 -5.569130641774691e-17
1 1 -0.323679049064394
2 1 0.8638479775422798
3 1 -1.196983606104202
4 1 1.0012495030107
5 1 -0.4458535880258612
6 1 -0.001012078043157755
7 1 0.09616298469357906
8 1 0.0008790833655420438
9 1 -0.04360347134161224
10 1 -0.0007782176307621683
11 1 0.02533079752926869
12 1 0.0006860158801532917
13 1 -0.01673705709085767
14 1 -0.0005899215919472252
15 1 0.01199854300405822
16 1 0.0004796578568633267
17 1 -0.009143643871330568
18 1 -0.0003433355151296884
19 1 0.007378891458016097
20 1 0.0001633827629481395
21 1 -0.006413856407312136
22 1 9.162198587890786e-05
23 1 0.006429530463183909
24 1 -0.00049099135108848
25 1 -0.01051761183074324
26 1 0.01144716565172381
0 2 1.129534262111549e-16
1 2 0.0703241571383128
2 2 0.002682099997727152
3 2 -0.4458535880258613
4 2 1.116485650756908
5 2 -1.496236046199819
6 2 1.226007502804171
7 2 -0.5384140139209596
8 2 -0.001105244184736938
9 2 0.1140335639527446
10 2 0.0009873631483572414
11 2 -0.05113580815981896
12 2 -0.0008800436877487826
13 2 0.02949889097420224
14 2 0.0007675960155816651
15 2 -0.0194209659268211
16 2 -0.0006369100672805559
17 2 0.01393706868329621
18 2 0.0004725217818908434
19 2 -0.01073097165265472
20 2 -0.0002512994533308932
21 2 0.008953612314518265
22 2 -6.830575601948756e-05
23 2 -0.008629391178014253
24 2 0.0005777889353580755
25 2 0.01358814778153414
26 2 -0.01452672504822081
0 3 -1.72295853608238e-17
1 3 -0.03073321609155717
2 3 -0.003213871607712757
3 3 0.09616298469357942
4 3 0.001867335274159689
5 3 -0.5384140139209599
6 3 1.321341692138799
7 3 -1.745613006876221
8 3 1.41556769565053
9 3 -0.6168301069049683
10 3 -0.001221774102715508
11 3 0.1291898674083681
12 3 0.001102187274157001
13 3 -0.05751315725047198
14 3 -0.0009763179432157928
15 3 0.03303932321908062
16 3 0.0008278879621750197
17 3 -0.02174830004804808
18 3 -0.0006372701752299524
19 3 0.01573244016741435
20 3 0.0003746599376990034
21 3 -0.01247199986634744
22 3 1.387376342441597e-05
23 3 0.01146184859597431
24 3 -0.0006471359783162069
25 3 -0.01723074272359158
26 3 0.01801273790280175
0 4 -2.507779035191114e-17
1 4 0.01636381769139974
2 4 0.003813236217034642
3 4 -0.04360347134161327
4 4 -0.002231066752728332
5 4 0.1140335639527462
6 4 0.001847380075281458
7 4 -0.6168301069049691
8 4 1.498354133800224
9 4 -1.963811573495787
10 4 1.582640013648413
11 4 -0.6861919934059258
12 4 -0.001372217600884927
13 4 0.1426520301805472
14 4 0.001236112075081243
15 4 -0.06321072533899595
16 4 -0.001072885072651817
17 4 0.03626632863011995
18 4 0.0008578379462709369
19 4 -0.02400831190745396
20 4 -0.0005527442773900345
21 4 0.01780060229427076
22 4 8.763120856649754e-05
23 4 -0.01541949695626628
24 4 0.0006922339751861943
25 4 0.02188655834931885
26 4 -0.0222342532980054
0 5 7.393946155674924e-17
1 5 -0.009155184682474834
2 5 -0.004519791757896905
3 5 0.02533079752927097
4 5 0.002664409542369925
5 5 -0.05113580815982275
6 5 -0.002225293966616029
7 5 0.129189867408372
8 5 0.002002510852908393
9 5 -0.686191993405928
10 5 1.656464137263479
11 5 -2.160171551255035
12 5 1.733764822987161
13 5 -0.7491122281113072
14 5 -0.001572540729970376
15 5 0.1549484615528913
16 5 0.001399459522284217
17 5 -0.06850563372490183
18 5 -0.001163786232152156
19 5 0.03943920363736704
20 5 0.0008163872531919912
21 5 -0.02663129774447425
22 5 -0.0002657392470111753
23 5 0.02137241990973726
24 5 -0.0006924443985129356
25 5 -0.02820335253381562
26 5 0.0275973697640028
0 6 -5.556605747943674e-17
1 6 0.004728585465048663
2 6 0.005385851971890389
3 6 -0.01673705709085995
4 6 -0.003200777808467215
5 6 0.02949889097420802
6 6 0.002698358236599438
7 6 -0.05751315725047863
8 6 -0.002454855451867786
9 6 0.1426520301805524
10 6 0.002295326102774715
11 6 -0.7491122281113093
12 6 1.800613141062368
13 6 -2.340122463573195
14 6 1.872852744946519
15 6 -0.8071765556206175
16 6 -0.001850455375930586
17 6 0.1664472587381815
18 6 0.001602954041229391
19 6 -0.07368785180666328
20 6 -0.001218143940930954
21 6 0.04305588324853462
22 6 0.0005748109535152466
23 6 -0.0311227735507337
24 6 0.0006025265991501759
25 6 0.03732548758868852
26 6 -0.03471937719854921
0 7 1.298183614874503e-17
1 7 -0.001524938041803375
2 7 -0.006492369772768443
3 7 0.01199854300406226
4 7 0.003892174872101973
5 7 -0.01942096592682765
6 7 -0.003314603436242458
7 7 0.03303932321909074
8 7 0.003051543041493783
9 7 -0.06321072533900558
10 7 -0.002893998262283842
11 7 0.1549484615528954
12 7 0.002774146434947443
13 7 -0.8071765556206179
14 7 1.933837748128501
15 7 -2.507110492114152
16 7 2.002498007503763
17 7 -0.8614991788248643
18 7 -0.002258369806595016
19 7 0.1775513337676825
20 7 0.001853141694182801
21 7 -0.07937868712654179
22 7 -0.001119651058475921
23 7 0.04902321438158516
24 7 -0.0003237311709360876
25 7 -0.05155179385688155
26 7 0.04464948122300953
0 8 -1.794357607689469e-17
1 8 -0.001195615777392265
2 8 0.007980360479438021
3 8 -0.009143643871336113
4 8 -0.004829244138004536
5 8 0.01393706868330285
6 8 0.004157862240806413
7 8 -0.02174830004805854
8 8 -0.00387769714381485
9 8 0.03626632863013973
10 8 0.003735004591639154
11 8 -0.06850563372491222
12 8 -0.003649015770400231
13 8 0.1664472587381809
14 8 0.003575581468307668
15 8 -0.8614991788248626
16 8 2.058079065281746
17 8 -2.663385596267896
18 8 2.124605986589315
19 8 -0.913086606924176
20 8 -0.002906885682495524
21 8 0.1891190083620548
22 8 0.002117588570359087
23 8 -0.0881049284687115
24 8 -0.0003732146130004506
25 8 0.07623167962808766
26 8 -0.05935738719186042
0 9 4.254136319391301e-17
1 9 0.003945747247667044
2 9 -0.01012973001708093
3 9 0.007378891458021165
4 9 0.006191584686750184
5 9 -0.01073097165266499
6 9 -0.005393996560422854
7 9 0.0157324401674243
8 9 0.005101622962968268
9 9 -0.02400831190746581
10 9 -0.004997892773400817
11 9 0.03943920363738915
12 9 0.004985789497678458
13 9 -0.07368785180667019
14 9 -0.005015990292625612
15 9 0.177551333767674
16 9 0.005044833691919088
17 9 -0.913086606924168
18 9 2.174441240487304
19 9 -2.810185862712143
20 9 2.240848221431282
21 9 -0.9635445451551385
22 9 -0.004068982348715305
23 9 0.2047693281439214
24 9 0.002080139671905959
25 9 -0.1267522208423762
26 9 0.08302092772589613
0 10 -2.263142789480726e-17
1 10 -0.007372754683765705
2 10 0.01360927667781621
3 10 -0.006413856407315725
4 10 -0.008407058756116338
5 10 0.008953612314526335
6 10 0.007416923695623093
7 10 -0.0124719998663601
8 10 -0.007121884164903136
9 10 0.01780060229427682
10 10 0.007106950525873408
11 10 -0.02663129774449184
12 10 -0.007253820591094141
13 10 0.04305588324856057
14 10 0.007512978349190733
15 10 -0.07937868712654424
16 10 -0.007850133854182947
17 10 0.1891190083620471
18 10 0.00821474878731903
19 10 -0.9635445451551344
20 10 2.282801090733864
21 10 -2.946774390012268
22 10 2.353532446447719
23 10 -1.019076544442166
24 10 -0.006603733497594554
25 10 0.266893695004874
26 10 -0.1262339969176866
0 11 6.943039799981556e-18
1 11 0.01315477441817095
2 11 -0.02063044158478166
3 11 0.006429530463178525
4 11 0.01288566323029614
5 11 -0.008629391178010301
6 11 -0.01151967107369987
7 11 0.01146184859598207
8 11 0.0112409861218016
9 11 -0.01541949695628054
10 11 -0.01144233797890437
11 11 0.02137241990973956
12 11 0.0119734345710111
13 11 -0.03112277355077324
14 11 -0.01280430163071539
15 11 0.04902321438163838
16 11 0.01395737053688755
17 11 -0.08810492846872142
18 11 -0.01548473769343271
19 11 0.2047693281439376
20 11 0.01743666699608726
21 11 -1.019076544442186
22 11 2.37819139509687
23 11 -3.060638008058105
24 11 2.470849511471872
25 11 -1.163470469326868
26 11 0.2257121595754976
0 12 3.04943888517386e-17
1 12 -0.03367676508526046
2 12 0.04849493935852102
3 12 -0.01051761183069968
4 12 -0.03062350599788349
5 12 0.01358814778145498
6 12 0.02774552080092497
7 12 -0.01723074272348687
8 12 -0.02752490422380967
9 12 0.0218865583492364
10 12 0.02860398305106161
11 12 -0.0282033525338132
12 12 -0.03073417863204737
13 12 0.03732548758874602
14 12 0.03402529572927666
15 12 -0.05155179385706297
16 12 -0.03886538333809659
17 12 0.07623167962839912
18 12 0.04605356839257348
19 12 -0.126752220842688
20 12 -0.05722157937050217
21 12 0.2668936950051727
22 12 0.07605990808058762
23 12 -1.163470469327164
24 12 2.387347985277066
25 12 -2.790818893495048
26 12 1.876868673478649
