648
0 0 1
1 0 -1.420755590976165
2 0 1.056791267386932
3 0 -0.3262886535797268
4 0 -0.09974885992898741
5 0 0.07350664144658881
6 0 0.05393612885658127
7 0 -0.03450158607803894
8 0 -0.03554268098305937
9 0 0.0207721813117366
10 0 0.02584094895791624
11 0 -0.01429312168011601
12 0 -0.0199274404110439
13 0 0.01072884160521666
14 0 0.01598249156945358
15 0 -0.008583855067244725
16 0 -0.01318395063676177
17 0 0.007225606254786434
18 0 0.01110971549396594
19 0 -0.006349536993146804
20 0 -0.009523076688860072
21 0 0.005796793522112865
22 0 0.008283081088629889
23 0 -0.005482302927523015
24 0 -0.007303142379819675
25 0 0.005364502826052341
26 0 0.006531126411955927
27 0 -0.005434892428208661
28 0 -0.005941150639776442
29 0 0.005723651928198382
30 0 0.005535811855536797
31 0 -0.006338116708383617
32 0 -0.005370458818915119
33 0 0.007651253697475355
34 0 0.005680675987102884
35 0 -0.0124510349005826
0 1 3.042501338475994e-17
1 1 -0.3262886535797228
2 1 0.8664094602702976
3 1 -1.196562735588236
4 1 0.9997928200697566
5 1 -0.446343412692457
6 1 0.0001548944612669367
7 1 0.09671125249595994
8 1 -0.0001207293516232979
9 1 -0.0442019494188756
10 1 9.139190284416028e-05
11 1 0.02596978049586583
12 1 -6.251144491689895e-05
13 1 -0.01740197708064298
14 1 3.177869666335866e-05
15 1 0.01266475982150196
16 1 2.55024598166014e-06
17 1 -0.009766170470437935
18 1 -4.219000048814375e-05
19 1 0.007868360393394572
20 1 8.914417110098379e-05
21 1 -0.006567433486695407
22 1 -0.0001460273777830231
23 1 0.005649542199839977
24 1 0.0002165389794617157
25 1 -0.004994477812503919
26 1 -0.0003063204269129024
27 1 0.004533884043551945
28 1 0.0004247515020829354
29 1 -0.004234173554268916
30 1 -0.0005893555406306722
31 1 0.004098471124753417
32 1 0.000839271964489934
33 1 -0.004220649561939875
34 1 -0.001295260819241149
35 1 0.005490931959648009
0 2 -9.07877440876936e-17
1 2 0.07350664144658181
2 2 -0.0004739355050889815
3 2 -0.4463434126924564
4 2 1.118292683657663
5 2 -1.495663223448614
6 2 1.224548494017178
7 2 -0.5390585118490377
8 2 0.0001563288864959147
9 2 0.1147410385065638
10 2 -0.0001222564901008393
11 2 -0.05189578487766679
12 2 8.880284715702886e-05
13 2 0.03029502519843433
14 2 -5.312874032749345e-05
15 2 -0.02022461521985695
16 2 1.30764212005439e-05
17 2 0.01469446281408735
18 2 3.349159077793708e-05
19 2 -0.0113329801898953
20 2 -8.908933146305325e-05
21 2 0.009148421732789186
22 2 0.0001570131715710304
23 2 -0.007665737895795458
24 2 -0.0002419412742969829
25 2 0.006635952465896602
26 2 0.0003510183727257236
27 2 -0.005922681943928467
28 2 -0.0004961243685881988
29 2 0.005455807958513233
30 2 0.0006994251610259328
31 2 -0.00522256178744008
32 2 -0.00101030921190213
33 2 0.005328812458528015
34 2 0.001580658150263748
35 2 -0.006869186592954445
0 3 -3.214486402778864e-17
1 3 -0.03450158607801673
2 3 0.0005656495112304789
3 3 0.09671125249595203
4 3 -0.0003123154559841706
5 3 -0.5390585118490298
6 3 1.323116202404749
7 3 -1.744883798033097
8 3 1.414018297875146
9 3 -0.6176354384107072
10 3 0.0001571524371900418
11 3 0.1300606942456133
12 3 -0.0001198592194838242
13 3 -0.05843203489924111
14 3 8.000776913107627e-05
15 3 0.03397430310964013
16 3 -3.5013569145787e-05
17 3 -0.02263735926128551
18 3 -1.770540207171103e-05
19 3 0.01644644193540389
20 3 8.120920726786901e-05
21 3 -0.01270701179065392
22 3 -0.0001595337502036016
23 3 0.01029727004594571
24 3 0.0002584301661881354
25 3 -0.008683508421505658
26 3 -0.0003867031298616243
27 3 0.007590654017546084
28 3 0.0005590044144678679
29 3 -0.006877250332205216
30 3 -0.0008026505340733848
31 3 0.006496559340681663
32 3 0.001178368159715932
33 3 -0.006557585399729297
34 3 -0.001872257490752959
35 3 0.008365655212903902
0 4 8.082428399474719e-17
1 4 0.0207721813117066
2 4 -0.0006639366608110335
3 4 -0.04420194941886614
4 4 0.0003707198664547401
5 4 0.114741038506554
6 4 -0.0002895381978947199
7 4 -0.6176354384107063
8 4 1.500239359721613
9 4 -1.962916298757051
10 4 1.580941165761161
11 4 -0.6871670426660327
12 4 0.0001570476696400613
13 4 0.143688961612776
14 4 -0.0001135598107608559
15 4 -0.06427487139972515
16 4 6.41550216423364e-05
17 4 0.03728757912191664
18 4 -5.761706606146056e-06
19 4 -0.02483615440604608
20 4 -6.529251560294215e-05
21 4 0.01807224853347382
22 4 0.0001538857203822019
23 4 -0.01401538878436846
24 4 -0.0002670062536236819
25 4 0.01143024568651246
26 4 0.0004153912340000654
27 4 -0.00973525025186453
28 4 -0.0006169404475216988
29 4 0.008642124945664095
30 4 0.0009050242913873309
31 4 -0.008033801956931737
32 4 -0.001353684817220402
33 4 0.008006206422701664
34 4 0.002189011819450715
35 4 -0.01009272515382362
0 5 -5.639698065310095e-17
1 5 -0.01429312168007676
2 5 0.0007720746368594093
3 5 0.02596978049585578
4 5 -0.0004358919006549124
5 5 -0.05189578487765648
6 5 0.0003450634967270944
7 5 0.1300606942456149
8 5 -0.0002902192923516597
9 5 -0.6871670426660363
10 5 1.658557745087843
11 5 -2.159101312496411
12 5 1.731848900514854
13 5 -0.7502600506393911
14 5 0.0001553162280187197
15 5 0.1561371329695144
16 5 -0.0001020223982397102
17 5 -0.06965702873844482
18 5 3.840308977215446e-05
19 5 0.04037931663415673
20 5 3.991646160497904e-05
21 5 -0.02692844858328909
22 5 -0.0001387972273052063
23 5 0.01966328465250078
24 5 0.0002666930588533976
25 5 -0.01534564085568765
26 5 -0.0004366582175668405
27 5 0.01264188086290985
28 5 0.0006705233832406305
29 5 -0.01093861296774233
30 5 -0.001009027791762998
31 5 0.009969515751046206
32 5 0.001542443900445313
33 5 -0.009783288280454475
34 5 -0.002545433511933631
35 5 0.01216357649210737
0 6 2.305746202181436e-17
1 6 0.01072884160522801
2 6 -0.0008931548851467839
3 6 -0.01740197708065632
4 6 0.0005098038191998845
5 6 0.03029502519845632
6 6 -0.0004089205596886903
7 6 -0.05843203489928501
8 6 0.0003496262016563114
9 6 0.1436889616128303
10 6 -0.0003020443774417658
11 6 -0.7502600506394529
12 6 1.80303200214168
13 6 -2.338880243228446
14 6 1.870621370795908
15 6 -0.8084751317185561
16 6 0.0001507959400272779
17 6 0.167716108704496
18 6 -8.253608707464881e-05
19 6 -0.07472661892073527
20 6 -2.646582412395298e-06
21 6 0.0433499163438519
22 6 0.0001117760771359461
23 6 -0.02899915466474982
24 6 -0.0002550713429740906
25 6 0.02130429845266069
26 6 0.0004484206375476508
27 6 -0.01679514679009319
28 6 -0.0007185230091218991
29 6 0.01406127300738135
30 6 0.00111532587404259
31 6 -0.01250030584171354
32 6 -0.001749468584725583
33 6 0.01203658607445256
34 6 0.002956456054814606
35 6 -0.01472304424646397
0 7 1.426801168462256e-18
1 7 -0.008583855067263672
2 7 0.001030638727491835
3 7 0.0126647598215228
4 7 -0.0005947357348408651
5 7 -0.02022461521988786
6 7 0.0004832538340494485
7 7 0.03397430310970369
8 7 -0.0004197733935085395
9 7 -0.06427487139980288
10 7 0.0003700740378127039
11 7 0.1561371329695978
12 7 -0.0003229371372775963
13 7 -0.8084751317185677
14 7 1.93676400715199
15 7 -2.505740652475214
16 7 1.999786492841565
17 7 -0.8628461064258707
18 7 0.000141495692107563
19 7 0.1786446301918222
20 7 -5.016095119952349e-05
21 7 -0.07960068391283634
22 7 -6.890719168627672e-05
23 7 0.04629263619058601
24 7 0.000228076770973545
25 7 -0.03114263794427209
26 7 -0.0004467535459768079
27 7 0.0231078047589977
28 7 0.0007577799011637378
29 7 -0.01851842616971892
30 7 -0.001222874191636757
31 7 0.01594117991795188
32 7 0.001978915239691535
33 7 -0.01498828897486399
34 7 -0.003439852626886184
35 7 0.01797756974942695
0 8 -5.183368014620007e-18
1 8 0.007225606254838463
2 8 -0.001188792139386348
3 8 -0.009766170470478792
4 8 0.0006935481510756659
5 8 0.01469446281414288
6 8 -0.0005708003550930456
7 8 -0.02263735926138449
8 8 0.000503507607134122
9 8 0.03728757912204882
10 8 -0.0004525103606045615
11 8 -0.06965702873858631
12 8 0.0004050069997770113
13 8 0.1677161087045464
14 8 -0.0003541193037236764
15 8 -0.8628461064259147
16 8 2.0618471970218
17 8 -2.662064224018243
18 8 2.121100308705765
19 8 -0.9141144825382674
20 8 0.0001238303470410754
21 8 0.1891018902152642
22 8 4.293769515149062e-06
23 8 -0.08439660502382709
24 8 -0.0001793384290705239
25 8 0.04932251811799061
26 8 0.0004251242023395021
27 8 -0.03349808564924904
28 8 -0.0007823724560288608
29 8 0.02526863860475869
30 8 0.001328172947873744
31 8 -0.02083676834849896
32 8 -0.002234105996373444
33 8 0.01899614252169202
34 8 0.004018324389225623
35 8 -0.02224128028197724
0 9 1.352197437006349e-17
1 9 -0.006349536993235173
2 9 0.001373210479490852
3 9 0.007868360393456481
4 9 -0.0008100285207033018
5 9 -0.01133298018998216
6 9 0.0006752188164896053
7 9 0.0164464419355427
8 9 -0.0006046719865645844
9 9 -0.02483615440622246
10 9 0.0005535436806684159
11 9 0.04037931663437153
12 9 -0.0005072407384331642
13 9 -0.07472661892083669
14 9 0.0004579457305930194
15 9 0.1786446301919059
16 9 -0.0003994229000586355
17 9 -0.9141144825383
18 9 2.17977447989097
19 9 -2.809545030696114
20 9 2.235841781558343
21 9 -0.9628565925165927
22 9 9.0958867208349e-05
23 9 0.1992657020980683
24 9 9.89323714026173e-05
25 9 -0.08926592169690385
26 9 -0.0003728808694871849
27 9 0.05262058231212116
28 9 0.0007818565806714008
29 9 -0.03632117280446504
30 9 -0.001423444938538841
31 9 0.02820950406255925
32 9 0.002516393598495413
33 9 -0.02467561034242288
34 9 -0.004721904088222298
35 9 0.02801973697024051
0 10 -2.114302802493105e-17
1 10 0.005796793522222369
2 10 -0.0015916155075268
3 10 -0.006567433486772059
4 10 0.0009494277741360554
5 10 0.009148421732897814
6 10 -0.0008016078514801398
7 10 -0.01270701179083442
8 10 0.0007286540532933203
9 10 0.01807224853369313
10 10 -0.0006790892245404511
11 10 -0.02692844858355138
12 10 0.0006362808071638095
13 10 0.04334991634399017
14 10 -0.0005913855446234334
15 10 -0.07960068391293873
16 10 0.0005373468580986028
17 10 0.1891018902152815
18 10 -0.0004665360113137362
19 10 -0.9628565925165533
20 10 2.29165688379523
21 10 -2.94940824583974
22 10 2.344977348398266
23 10 -1.009571287787169
24 10 2.88635093248438e-05
25 10 0.2093596077508151
26 10 0.0002724438805838487
27 10 -0.09445567531908206
28 10 -0.0007378408451679797
29 10 0.05653518202362418
30 10 0.001492800976830186
31 10 -0.0401884384725125
32 10 -0.002822097132990988
33 10 0.03317119527331451
34 10 0.005590846012241818
35 10 -0.03617728898782003
0 11 1.589942557111683e-17
1 11 -0.005482302927650723
2 11 0.001855227047780889
3 11 0.005649542199930249
4 11 -0.001119387825458017
5 11 -0.007665737895924356
6 11 0.0009574052711499235
7 11 0.01029727004617917
8 11 -0.0008833393358474746
9 11 -0.01401538878466871
10 11 0.0008378445911132206
11 11 0.0196632846528173
12 11 -0.0008019539383815421
13 11 -0.02899915466490979
14 11 0.0007657309765067407
15 11 0.04629263619072129
16 11 -0.0007213007397565645
17 11 -0.08439660502379666
18 11 0.0006600717533734422
19 11 0.1992657020979336
20 11 -0.0005706446375154126
21 11 -1.009571287787065
22 11 2.398351903332721
23 11 -3.082514684823287
24 11 2.449260008651882
25 11 -1.054770984878904
26 11 -9.394208363575777e-05
27 11 0.2197449407465857
28 11 0.0006171639683933247
29 11 -0.1004604773387949
30 11 -0.001504060380487217
31 11 0.06188564462885172
32 11 0.003134793812405783
33 11 -0.04683656873454742
34 11 -0.006678302671972584
35 11 0.04830395305072808
0 12 -1.914275185809376e-17
1 12 0.005364502826196682
2 12 -0.002181367205638528
3 12 -0.004994477812623584
4 12 0.001331701314746788
5 12 0.006635952466043648
6 12 -0.001154092330303402
7 12 -0.008683508421779529
8 12 0.00108091629686573
9 12 0.01143024568690151
10 12 -0.00104328846925576
11 12 -0.01534564085613712
12 12 0.001019552913868386
13 12 0.02130429845281012
14 12 -0.0009986651956444986
15 12 -0.03114263794440861
16 12 0.0009720492060927528
17 12 0.0493225181180029
18 12 -0.0009303191073461813
19 12 -0.08926592169666436
20 12 0.0008607340674079847
21 12 0.2093596077505658
22 12 -0.0007438197501690173
23 12 -1.05477098487875
24 12 2.5005475178183
25 12 -3.2093657746602
26 12 2.549294121640749
27 12 -1.09914035159896
28 12 -0.0003575012780770134
29 12 0.2311632267774625
30 12 0.001390295157537104
31 12 -0.108503499223108
32 12 -0.003405310353899725
33 12 0.0712392169885816
34 12 0.008048605478286305
35 12 -0.06761668307951282
0 13 1.504921581899538e-17
1 13 -0.005434892428376332
2 13 0.002598971287664156
3 13 0.004533884043660702
4 13 -0.00160602661979351
5 13 -0.005922681944178559
6 13 0.00141078189910891
7 13 0.007590654017870776
8 13 -0.001341665200306009
9 13 -0.00973525025227911
10 13 0.00131786339252828
11 13 0.01264188086357954
12 13 -0.001314597526362762
13 13 -0.01679514679040249
14 13 0.00131982153293914
15 13 0.02310780475912998
16 13 -0.001324626165548206
17 13 -0.03349808564913167
18 13 0.001319380604888986
19 13 0.05262058231188432
20 13 -0.00129067884628192
21 13 -0.09445567531863469
22 13 0.001217126347309572
23 13 0.2197449407462176
24 13 -0.001061732465894109
25 13 -1.099140351598736
26 13 2.59883248450275
27 13 -3.329935774151208
28 13 2.645585687583983
29 13 -1.143956815869699
30 13 -0.00100453742393864
31 13 0.2455588254175281
32 13 0.003495706278135386
33 13 -0.1226589332790741
34 13 -0.009751454641450431
35 13 0.1015422227051224
0 14 -1.220356070054786e-17
1 14 0.00572365192839413
2 14 -0.003162046409621602
3 14 -0.004234173554411276
4 14 0.001978934439847117
5 14 0.005455807958627322
6 14 -0.001762928027035718
7 14 -0.006877250332991544
8 14 0.001703122010568049
9 14 0.008642124946219175
10 14 -0.001703053134855808
11 14 -0.01093861296833839
12 14 0.001734258512409355
13 14 0.01406127300791811
14 14 -0.001784069643631843
15 14 -0.01851842617023437
16 14 0.00184417094365675
17 14 0.02526863860455444
18 14 -0.001906121626716875
19 14 -0.0363211728038975
20 14 0.001957860278412014
21 14 0.05653518202304874
22 14 -0.001978722808170851
23 14 -0.1004604773381358
24 14 0.001929939371892913
25 14 0.2311632267769431
26 14 -0.001733897432018935
27 14 -1.143956815869413
28 14 2.693806252530857
29 14 -3.442965359918372
30 14 2.738607377280194
31 14 -1.192642833528957
32 14 -0.003002639938668549
33 14 0.2700446059227603
34 14 0.01167441009323998
35 14 -0.1710093558996682
0 15 4.106841491372216e-17
1 15 -0.006338116708567958
2 15 0.003990332953172025
3 15 0.00409847112477243
4 15 -0.002531158818374638
5 15 -0.005222561787560731
6 15 0.002288474712830688
7 15 0.006496559340701355
8 15 -0.002247488273967936
9 15 -0.008033801958868939
10 15 0.002289398050519901
11 15 0.009969515751819891
12 15 -0.002381224210626137
13 15 -0.01250030584150877
14 15 0.002510702725724487
15 15 0.0159411799187902
16 15 -0.002672391521647736
17 15 -0.02083676834866474
18 15 0.002862705384114067
19 15 0.02820950406192542
20 15 -0.003076491048500339
21 15 -0.04018843847199581
22 15 0.003302164592151118
23 15 0.06188564462830907
24 15 -0.003511608879354111
25 15 -0.1085034992224365
26 15 0.003635680553497739
27 15 0.2455588254170923
28 15 -0.003497984965619461
29 15 -1.192642833528822
30 15 2.786492943025912
31 15 -3.542694594847595
32 15 2.829014531257507
33 15 -1.259466903501846
34 15 -0.01268918380185675
35 15 0.3596719049003732
0 16 -2.555600566012765e-17
1 16 0.007651253697508555
2 16 -0.005446835487864054
3 16 -0.004220649561957685
4 16 0.003506231554154058
5 16 0.00532881245779262
6 16 -0.003221321252707613
7 16 -0.006557585400016907
8 16 0.003220128898030516
9 16 0.008006206421317814
10 16 -0.00334570571676121
11 16 -0.009783288285242444
12 16 0.00355877510631059
13 16 0.01203658607294763
14 16 -0.003850352361431841
15 16 -0.01498828897513282
16 16 0.004224189517946225
17 16 0.01899614252335426
18 16 -0.004692120618012489
19 16 -0.02467561034261234
20 16 0.005272954418457754
21 16 0.03317119527260717
22 16 -0.005992134081408342
23 16 -0.04683656873456281
24 16 0.006879478362069292
25 16 0.07123921698857635
26 16 -0.007957431934095961
27 16 -0.1226589332789654
28 16 0.00919109105018274
29 16 0.2700446059229564
30 16 -0.0102722797387691
31 16 -1.259466903502167
32 16 2.881807084042566
33 16 -3.594506931537236
34 16 2.919447156335647
35 16 -1.491230115264259
0 17 1.357086150215375e-17
1 17 -0.01245103489951719
2 17 0.01010395695299084
3 17 0.005490931958828047
4 17 -0.006620557111625581
5 17 -0.006869186592445253
6 17 0.00620032347472086
7 17 0.00836565520983526
8 17 -0.006329290554026124
9 17 -0.01009272515011782
10 17 0.006730440582367951
11 17 0.01216357648272009
12 17 -0.007347842604241431
13 17 -0.01472304424712211
14 17 0.008189108395939337
15 17 0.01797756974783367
16 17 -0.00929828911030162
17 17 -0.02224128028220129
18 17 0.01075655529552362
19 17 0.02801973697488493
20 17 -0.01269763470497832
21 17 -0.03617728899405648
22 17 0.01534234348895774
23 17 0.04830395305646939
24 17 -0.01907057570006005
25 17 -0.06761668308536715
26 17 0.02458047692305867
27 17 0.101542222710731
28 17 -0.03328002853175475
29 17 -0.1710093559048774
30 17 0.04841061070040395
31 17 0.3596719049053729
32 17 -0.0791036176072305
33 17 -1.491230115268884
34 17 3.120079082107073
35 17 -2.70985005174392
