722
0 0 1
1 0 -1.420977817986173
2 0 1.057006852574411
3 0 -0.3262372632638953
4 0 -0.09988129519171046
5 0 0.07344193061844384
6 0 0.05405134735042499
7 0 -0.03442271684629831
8 0 -0.035650773314528
9 0 0.02067755535440289
10 0 0.02594523873737646
11 0 -0.01418050555006025
12 0 -0.02002913800977312
13 0 0.01059530318034269
14 0 0.01608175847079133
15 0 -0.008425585193186843
16 0 -0.01328018180496725
17 0 0.007037610664145644
18 0 0.01120153026206309
19 0 -0.006125130560700805
20 0 -0.009608111750208951
21 0 0.005526750244725228
22 0 0.008357541965551919
23 0 -0.005153349734864143
24 0 -0.007360938469912677
25 0 0.004956442697524822
26 0 0.006562147659554697
27 0 -0.004914521427221655
28 0 -0.005927511441413721
29 0 0.005029935789335967
30 0 0.005442433989093545
31 0 -0.005337477447888087
32 0 -0.005115775434964328
33 0 0.005942383450001208
34 0 0.005004023127391292
35 0 -0.007199119027574521
36 0 -0.005332273277437852
37 0 0.01174019574226098
0 1 -3.646368368744368e-18
1 1 -0.3262372632638881
2 1 0.8663775549465227
3 1 -1.196591884645913
4 1 0.9998092586883538
5 1 -0.4463080209067747
6 1 0.0001436537522976919
7 1 0.09666963992648503
8 1 -0.0001134494247571591
9 1 -0.04415377419892129
10 1 8.803821611324876e-05
11 1 0.0259144573832887
12 1 -6.352760119961797e-05
13 1 -0.01733869444876019
14 1 3.795206089345973e-05
15 1 0.01259244915736606
16 1 -9.921702857020478e-06
17 1 -0.009683434708726518
18 1 -2.183858071361474e-05
19 1 0.007773346294077233
20 1 5.872945577655246e-05
21 1 -0.006457608892621672
22 1 -0.0001024801420498306
23 1 0.005521290401856187
24 1 0.0001554052058235524
25 1 -0.004842301966810645
26 1 -0.0002208177659189783
27 1 0.004348676033820972
28 1 0.0003037991253981061
29 1 -0.003998859224947981
30 1 -0.0004128260978171376
31 1 0.00377440467420479
32 1 0.0005637762413550212
33 1 -0.003685872293936379
34 1 -0.0007922013929787583
35 1 0.003824844729623328
36 1 0.00120807372582046
37 1 -0.005015870246044733
0 2 -1.056530808442305e-17
1 2 0.07344193061843583
2 2 -0.0004321251670551707
3 2 -0.4463080209067751
4 2 1.11827050605511
5 2 -1.495706343419074
6 2 1.224564359297324
7 2 -0.5390076305415662
8 2 0.0001451403560856155
9 2 0.1146819132648738
10 2 -0.00011565694846782
11 2 -0.05182762557323705
12 2 8.731589484806126e-05
13 2 0.03021675084666069
14 2 -5.771591829515767e-05
15 2 -0.02013481242132071
16 2 2.515053379847484e-05
17 2 0.01459129305587909
18 2 1.195615284652277e-05
19 2 -0.0112140173384778
20 2 -5.53460358204748e-05
21 2 0.009010371009341395
22 2 0.0001071801439668952
23 2 -0.007503927539936951
24 2 -0.0001703608535700201
25 2 0.006443341798478964
26 2 0.0002490510715597637
27 2 -0.005687710900695178
28 2 -0.0003496402876681309
29 2 0.005157000266780767
30 2 0.0004827834116182897
31 2 -0.004811684177638244
32 2 -0.0006684083914000348
33 2 0.004654475537112664
34 2 0.0009510302492656525
35 2 -0.004791384443530571
36 2 -0.001467932648670083
37 2 0.006232080447358225
0 3 6.426161612596283e-17
1 3 -0.03442271684628594
2 3 0.0005127754109132005
3 3 0.09666963992648354
4 3 -0.0002835322283877257
5 3 -0.5390076305415641
6 3 1.323094818479162
7 3 -1.744944063354535
8 3 1.414034371334413
9 3 -0.6175651339878763
10 3 0.0001462252980211297
11 3 0.1299793167761119
12 3 -0.0001146697404896631
13 3 -0.05833818544617896
14 3 8.168695337266384e-05
15 3 0.03386616208478612
16 3 -4.524955121777399e-05
17 3 -0.02251256871462127
18 3 3.471511122462747e-06
19 3 0.0163019027439002
20 3 4.574677698895036e-05
21 3 -0.01253853666896402
22 3 -0.0001050253217919641
23 3 0.0100989610349975
24 3 0.0001778980570737262
25 3 -0.008446550105326991
26 3 -0.0002694481631397836
27 3 0.007300710284951035
28 3 0.0003874891492535183
29 3 -0.006507953427194366
30 3 -0.0005450525177500635
31 3 0.005989231229916361
32 3 0.0007664833721570976
33 3 -0.005729303866862996
34 3 -0.001106037787306985
35 3 0.005843485729228341
36 3 0.001730502193509596
37 3 -0.007530983788470348
0 4 -6.493591718502673e-17
1 4 0.0206775553543345
2 4 -0.0005982755722057728
3 4 -0.04415377419889736
4 4 0.0003341255282513945
5 4 0.1146819132648439
6 4 -0.000261453384627856
7 4 -0.6175651339878436
8 4 1.500217161201418
9 4 -1.962998652708453
10 4 1.580957749273569
11 4 -0.6870713059859279
12 4 0.0001467252218568755
13 4 0.1435780539849337
14 4 -0.0001107981704700525
15 4 -0.06414647510833989
16 4 7.093081118099095e-05
17 4 0.03713869754463277
18 4 -2.490166707245747e-05
19 4 -0.02466285929057478
20 4 -2.978234316977114e-05
21 4 0.01786925277506611
22 4 9.625357003828097e-05
23 4 -0.01377528742564479
24 4 -0.0001787595607041128
25 4 0.01114205661678985
26 4 0.0002834334378865133
27 4 -0.009381286987391997
28 4 -0.0004197250506527501
29 4 0.008190212443043384
30 4 0.0006034090400389319
31 4 -0.007413102701857584
32 4 -0.0008639362849545577
33 4 0.006997760883295586
34 4 0.001266801517493233
35 4 -0.007060436757124865
36 4 -0.002012656674547723
37 4 0.009005143119830226
0 5 9.963878495241075e-17
1 5 -0.01418050554998383
2 5 0.0006913545211550016
3 5 0.0259144573832636
4 5 -0.00038992270163673
5 5 -0.05182762557320589
6 5 0.0003087621787755237
7 5 0.1299793167760785
8 5 -0.0002603190668539876
9 5 -0.6870713059859355
10 5 1.658533825261029
11 5 -2.159213114525916
12 5 1.731866158313927
13 5 -0.7501299093294117
14 5 0.0001461855146705982
15 5 0.1559857104189121
16 5 -0.0001032982158642679
17 5 -0.06948052376209994
18 5 5.339478455435168e-05
19 5 0.04017275144768099
20 5 6.460744121563067e-06
21 5 -0.0266851391785153
22 5 -7.998670737335777e-05
23 5 0.01937391033693806
24 5 0.0001722582789368654
25 5 -0.01499647317587577
26 5 -0.0002906406149488991
27 5 0.01221102066183944
28 5 0.0004465217877066724
29 5 -0.01038668537343346
30 5 -0.000658947594860627
31 5 0.009210897582995984
32 5 0.0009634793027554302
33 5 -0.008556095055413156
34 5 -0.001439059815715727
35 5 0.008522751472051846
36 5 0.002326696885465899
37 5 -0.01074140606788436
0 6 -8.9466750924834e-17
1 6 0.01059530318026147
2 6 -0.0007944483984469391
3 6 -0.01733869444873759
4 6 0.0004524516686502
5 6 0.03021675084663508
6 6 -0.0003624579861647521
7 6 -0.05833818544615408
8 6 0.0003099981965695512
9 6 0.1435780539849616
10 6 -0.0002686215306032406
11 6 -0.750129909329435
12 6 1.803005470802851
13 6 -2.339032505848545
14 6 1.870639392537421
15 6 -0.8082970119167719
16 6 0.000143874740394777
17 6 0.1675072997071907
18 6 -9.054720661573533e-05
19 6 -0.07448078850301498
20 6 2.587797318656288e-05
21 6 0.04305856660289271
22 6 5.453048357681072e-05
23 6 -0.02865046711403781
24 6 -0.0001567281460475219
25 6 0.02088096152609959
26 6 0.0002895519657051564
27 6 -0.01626978965496991
28 6 -0.0004667333033533359
29 6 0.01338527458642122
30 6 0.000711309989018679
31 6 -0.01156940713378411
32 6 -0.001066345859404999
33 6 0.01053602616454971
34 6 0.001627328215069217
35 6 -0.01033405057559995
36 6 -0.002684766482633991
37 6 0.01284521607171215
0 7 9.67962828016323e-17
1 7 -0.008425585193236516
2 7 0.0009101635060146676
3 7 0.01259244915740528
4 7 -0.0005234031668927665
5 7 -0.02013481242137065
6 7 0.0004241066830131257
7 7 0.03386616208485831
8 7 -0.0003677754743057491
9 7 -0.06414647510849479
10 7 0.0003243026078940635
11 7 0.1559857104190794
12 7 -0.0002840328607373051
13 7 -0.8082970119169409
14 7 1.936733711514904
15 7 -2.505950227354493
16 7 1.999805283829323
17 7 -0.8625989051078022
18 7 0.0001385930027066211
19 7 0.1783516937297829
20 7 -6.965176554927846e-05
21 7 -0.07925111431718493
22 7 -1.729761393838144e-05
23 7 0.0458712861176719
24 7 0.000129464217891353
25 7 -0.03062740019734534
26 7 -0.0002774652290042588
27 7 0.02246398972183848
28 7 0.0004779094349156102
29 7 -0.01768514294230094
30 7 -0.0007587986007018229
31 7 0.01478986256259121
32 7 0.001172611900226844
33 7 -0.01313691180046154
34 7 -0.001835695388863047
35 7 0.01264272866245977
36 7 0.003100890741008513
37 7 -0.01546044741394492
0 8 -1.117404458322482e-16
1 8 0.0070376106642068
2 8 -0.001041590562738171
3 8 -0.009683434708778197
4 8 0.0006048220507916503
5 8 0.014591293055944
6 8 -0.0004956385528087679
7 8 -0.02251256871471495
8 8 0.0004356312504185008
9 8 0.03713869754483738
10 8 -0.000390580635586788
11 8 -0.06948052376232013
12 8 0.0003495367397998884
13 8 0.1675072997074036
14 8 -0.0003069129519736234
15 8 -0.8625989051078113
16 8 2.061811418601248
17 8 -2.662357752185765
18 8 2.12111972229073
19 8 -0.9137641530861337
20 8 0.0001282833864989497
21 8 0.1886806289092556
22 8 -3.547591394469237e-05
23 8 -0.08388473462376596
24 8 -8.639529545994018e-05
25 8 0.0486913532243911
26 8 0.0002501194944890717
27 8 -0.03270286067010758
28 8 -0.0004758833647979358
29 8 0.02423163273993504
30 8 0.0007979636961394081
31 8 -0.01939655839292243
32 8 -0.001280898787818123
33 8 0.01668214877619669
34 8 0.002067969703360832
35 8 -0.01567572206036094
36 8 -0.003592605685448455
37 8 0.01879677693446031
0 9 1.315616913294016e-16
1 9 -0.006125130560828251
2 9 0.001192637833370213
3 9 0.007773346294165022
4 9 -0.0006993225823586656
5 9 -0.01121401733859183
6 9 0.0005795482553619259
7 9 0.01630190274405089
8 9 -0.0005161529284222182
9 9 -0.02466285929086309
10 9 0.000470239870930382
11 9 0.04017275144801852
12 9 -0.0004294034817524855
13 9 -0.07448078850334817
14 9 0.00038732868952184
15 9 0.1783516937298624
16 9 -0.0003393634966237956
17 9 -0.9137641530862107
18 9 2.179730409207322
19 9 -2.809966427042755
20 9 2.235861348917543
21 9 -0.9623455658980691
22 9 0.0001092434004951153
23 9 0.198639071965424
24 9 2.14675736869872e-05
25 9 -0.08848575003005395
26 9 -0.0002009571331140466
27 9 0.05162781139428069
28 9 0.0004539054841452137
29 9 -0.03501417341006136
30 9 -0.0008226417208973003
31 9 0.02638065878936151
32 9 0.001387462040194039
33 9 -0.02173310873722693
34 9 -0.002327302024954828
35 9 0.01980053869848783
36 9 0.004182786763581096
37 9 -0.02317581974052495
0 10 -1.372612567631702e-16
1 10 0.005526750244903288
2 10 -0.001368492059008129
3 10 -0.006457608892739775
4 10 0.0008103944017797419
5 10 0.009010371009494119
6 10 -0.0006791861830071628
7 10 -0.01253853666917253
8 10 0.0006128384589504148
9 10 0.01786925277544102
10 10 -0.0005670719342393163
11 10 -0.02668513917894963
12 10 0.0005278328920007423
13 10 0.04305856660334366
14 10 -0.0004880038801967998
15 10 -0.07925111431730707
16 10 0.0004423417436131053
17 10 0.1886806289093634
18 10 -0.0003856522064988196
19 10 -0.9623455658980691
20 10 2.291599532860108
21 10 -2.950033797675393
22 10 2.344995868407851
23 10 -1.008796287878027
24 10 7.441584997678923e-05
25 10 0.2083838554156995
26 10 0.0001198212227797835
27 10 -0.09319918113622802
28 10 -0.0004010620955137198
29 10 0.05486102541814546
30 10 0.0008221086084510916
31 10 -0.03782110135771322
32 10 -0.001484265845430729
33 10 0.02934499752549732
34 10 0.002614937489134359
35 10 -0.02565072460253928
36 10 -0.004901979856432989
37 10 0.0291167252025388
0 11 9.671667874348029e-17
1 11 -0.00515334973507715
2 11 0.001576352150228245
3 11 0.005521290401998343
4 11 -0.0009428936969038193
5 11 -0.007503927540120104
6 11 0.000799229640853578
7 11 0.01009896103526339
8 11 -0.0007305903408333382
9 11 -0.0137752874261418
10 11 0.0006864167698286403
11 11 0.01937391033747216
12 11 -0.0006507754478519376
13 11 -0.02865046711459671
14 11 0.0006156734562621169
15 11 0.04587128611782971
16 11 -0.0005752512098713445
17 11 -0.08388473462384691
18 11 0.0005236688903792024
19 11 0.1986390719653365
20 11 -0.000453793909699462
21 11 -1.008796287877918
22 11 2.398271580833983
23 11 -3.08348601959405
24 11 2.449274503838013
25 11 -1.053532125830763
26 11 9.358214169510522e-06
27 11 0.2181268093894365
28 11 0.0002993825938458365
29 11 -0.09827177401189938
30 11 -0.0007775538391075389
31 11 0.0587457679199918
32 11 0.001555032073024704
33 11 -0.04171586272008143
34 11 -0.002927040314867907
35 11 0.03440522353643066
36 11 0.005791301553590688
37 11 -0.03750803488157161
0 12 -9.992345165830629e-17
1 12 0.004956442697759338
2 12 -0.001826711009441148
3 12 -0.004842301966988012
4 12 0.001103902316610104
5 12 0.006443341798685753
6 12 -0.0009465075657690784
7 12 -0.008446550105627199
8 12 0.0008765805848353905
9 12 0.01114205661741963
10 12 -0.0008361100202419103
11 12 -0.01499647317659097
12 12 0.0008070002875435048
13 12 0.0208809615267548
14 12 -0.0007803209200519523
15 12 -0.03062740019748025
16 12 0.0007496109211237921
17 12 0.0486913532245165
18 12 -0.0007084234034826092
19 12 -0.08848575002983262
20 12 0.0006487629812835029
21 12 0.2083838554153858
22 12 -0.0005593829591179422
23 12 -1.053532125830538
24 12 2.500423216355872
25 12 -3.210969523132784
26 12 2.549296912866615
27 12 -1.097009802077315
28 12 -0.000118333775552417
29 12 0.228226555720846
30 12 0.0006550837809288617
31 12 -0.1042072956697326
32 12 -0.0015668557062159
33 12 0.06412347651846964
34 12 0.003246785937395562
35 12 -0.04848900607693468
36 12 -0.006905153894440311
37 12 0.04998484516636977
0 13 7.793187109971475e-17
1 13 -0.004914521427491208
2 13 0.002135801819113791
3 13 0.004348676033999506
4 13 -0.001304364948200096
5 13 -0.005687710901012592
6 13 0.001131569404459596
7 13 0.007300710285291903
8 13 -0.00106189291400164
9 13 -0.009381286988120534
10 13 0.001028278010212247
11 13 0.01221102066285037
12 13 -0.001010114852984707
13 13 -0.01626978965595566
14 13 0.0009975045356750657
15 13 0.02246398972193272
16 13 -0.0009834850111551221
17 13 -0.03270286067010855
18 13 0.0009611712265354098
19 13 0.05162781139402264
20 13 -0.0009219008036925156
21 13 -0.09319918113563336
22 13 0.0008531449188669938
23 13 0.2181268093888885
24 13 -0.000735248826097582
25 13 -1.097009802076987
26 13 2.598611719389857
27 13 -3.332823747421905
28 13 2.645554996536054
29 13 -1.139881082366443
30 13 -0.0003909647942292019
31 13 0.2394361510992389
32 13 0.001451298226124066
33 13 -0.1122610299806186
34 13 -0.003523865796854976
35 13 0.0736382453280104
36 13 0.00830945107187628
37 13 -0.06985553963097434
0 14 -4.793625659428945e-17
1 14 0.005029935789656531
2 14 -0.002530786115610705
3 14 -0.003998859225178598
4 14 0.00156255308936347
5 14 0.00515700026697998
6 14 -0.001371995872774162
7 14 -0.006507953427981578
8 14 0.001304978301835902
9 14 0.008190212444038567
10 14 -0.001283103251490038
11 14 -0.01038668537450552
12 14 0.001282788579969509
13 14 0.01338527458794142
14 14 -0.001293208014019707
15 14 -0.01768514294271688
16 14 0.001307176300340784
17 14 0.02423163273986261
18 14 -0.001317817691369167
19 14 -0.0350141734094086
20 14 0.001316397840722501
21 14 0.05486102541728635
22 14 -0.00128981390910487
23 14 -0.09827177401088656
24 14 0.001216524674285243
25 14 0.2282265557200587
26 14 -0.00105885373762595
27 14 -1.139881082366
28 14 2.693329375600622
29 14 -3.448888930029737
30 14 2.738470566240335
31 14 -1.183419490324757
32 14 -0.0010579646254504
33 14 0.2537482200775361
34 14 0.00361709712617868
35 14 -0.1266247949102249
36 14 -0.01005515790479181
37 14 0.1047576408455818
0 15 5.598456684233326e-17
1 15 -0.005337477448241254
2 15 0.003062440169379294
3 15 0.003774404674351023
4 15 -0.001912513538513601
5 15 -0.004811684177876368
6 15 0.00170045045161435
7 15 0.005989231229900746
8 15 -0.001640031633382915
9 15 -0.007413102704490484
10 15 0.001637920406655625
11 15 0.009210897584506585
12 15 -0.001666917110211342
13 15 -0.01156940713518659
14 15 0.001715467917548737
15 15 0.01478986256320469
16 15 -0.00177682246981802
17 15 -0.01939655839325067
18 15 0.001845176257191416
19 15 0.02638065878852568
20 15 -0.001913243443730351
21 15 -0.03782110135663991
22 15 0.001969427245234787
23 15 0.05874576791875251
24 15 -0.001993021428685255
25 15 -0.1042072956684648
26 15 0.001944607838076098
27 15 0.2394361510983311
28 15 -0.001744849749190499
29 15 -1.183419490324314
30 15 2.785105059817181
31 15 -3.557767535361449
32 15 2.828453203895247
33 15 -1.231112310178572
34 15 -0.003113346251386893
35 15 0.2784734966170402
36 15 0.01202702077109979
37 15 -0.1762123944800736
0 16 -8.468797109348493e-17
1 16 0.005942383450330381
2 16 -0.003843521658267907
3 16 -0.003685872294184962
4 16 0.002429552113125295
5 16 0.004654475536579946
6 16 -0.002188895008214503
7 16 -0.005729303867002962
8 16 0.00214210298366937
9 16 0.006997760883277583
10 16 -0.002174383568569529
11 16 -0.00855609506161059
12 16 0.002253854915934185
13 16 0.01053602616635546
14 16 -0.002368800459040588
15 16 -0.01313691180016718
16 16 0.002514453823510977
17 16 0.01668214877812101
18 16 -0.002688627982525234
19 16 -0.02173310873693595
20 16 0.002889338042519434
21 16 0.02934499752355515
22 16 -0.003112235409025737
23 16 -0.04171586271852674
24 16 0.003346013012101758
25 16 0.06412347651705962
26 16 -0.003562235050048141
27 16 -0.1122610299792756
28 16 0.003690328245538407
29 16 0.2537482200767002
30 16 -0.003549723468481185
31 16 -1.231112310178228
32 16 2.874921730812113
33 16 -3.653458764276481
34 16 2.916116125748156
35 16 -1.297601418311579
36 16 -0.01306773473543664
37 16 0.3702358880405568
0 17 6.023251958136303e-17
1 17 -0.00719911902751514
2 17 0.005216434911499704
3 17 0.003824844729610695
4 17 -0.003341314386843649
5 17 -0.004791384443700705
6 17 0.003053842999035885
7 17 0.005843485725177602
8 17 -0.00303589447262614
9 17 -0.007060436758602299
10 17 0.003135741731219918
11 17 0.008522751467669525
12 17 -0.003314376169048253
13 17 -0.01033405058979313
14 17 0.003561475358609283
15 17 0.01264272865817016
16 17 -0.003878399256212345
17 17 -0.01567572206144616
18 17 0.004273576541213249
19 17 0.01980053870117899
20 17 -0.00476140734223403
21 17 -0.02565072460374179
22 17 0.005362404942866473
23 17 0.03440522353560659
24 17 -0.006103370184626526
25 17 -0.04848900607676066
26 17 0.007015324618754462
27 17 0.07363824532803642
28 17 -0.008121612250351146
29 17 -0.1266247949102662
30 17 0.009386792724530723
31 17 0.2784734966175967
32 17 -0.01049539084079648
33 17 -1.297601418312487
34 17 2.967769855535643
35 17 -3.700327804614888
36 17 3.004120852824466
37 17 -1.533748123329039
0 18 -6.9871980195245e-17
1 18 0.01174019574038996
2 18 -0.009611793354913573
3 18 -0.005015870244477391
4 18 0.006255958494865323
5 18 0.006232080446024442
6 18 -0.005816837737247634
7 18 -0.00753098378987592
8 18 0.005891566756147539
9 18 0.009005143109906456
10 18 -0.006211281828934795
11 18 -0.01074140605786785
12 18 0.006716261110553801
13 18 0.01284521604717421
14 18 -0.007404292148534147
15 18 -0.01546044741874194
16 18 0.008302690595591649
17 18 0.01879677693313399
18 18 -0.009465143401283283
19 18 -0.02317581974482715
20 18 0.01097917774207559
21 18 0.02911672521264316
22 18 -0.01298435714681781
23 18 -0.0375080348944967
24 18 0.01570868319472673
25 18 0.04998484517842235
26 18 -0.01954293370367422
27 18 -0.06985553964233335
28 18 0.02520429850211567
29 18 0.1047576408564362
30 18 -0.03413857532420405
31 18 -0.1762123944900902
32 18 0.04967412041737679
33 18 0.3702358880504071
34 18 -0.08118903589022611
35 18 -1.533748123337818
36 18 3.20774963243632
37 18 -2.785510227067283
