136
0 0 1
1 0 -1.452131183831966
2 0 1.088919217475833
3 0 -0.3210529394476176
4 0 -0.1194884560643343
5 0 0.06673023554809641
6 0 0.07125450855705603
7 0 -0.02586296115416
8 0 -0.05209228298512939
9 0 0.009639939958932914
10 0 0.04231820192235763
11 0 0.000607069869231485
12 0 -0.03681570395898327
13 0 -0.01123655189333451
14 0 0.03383442263122272
15 0 0.03915189114824071
16 0 -0.08080749378906477
0 1 -9.384067406656659e-17
1 1 -0.3210529394476179
2 1 0.8610427958992841
3 1 -1.197183309997439
4 1 1.002870860573374
5 1 -0.445648930744544
6 1 -0.002301725124139888
7 1 0.0960100715084021
8 1 0.001924068747286878
9 1 -0.04362599786895542
10 1 -0.001540358990928469
11 1 0.02583966777176044
12 1 0.001030632319898671
13 1 -0.01873196430164123
14 1 -0.000211944761495716
15 1 0.0222971067167861
16 1 -0.02013939866603336
0 2 1.004408985662789e-16
1 2 0.06673023554809604
2 2 0.006630497640248556
3 2 -0.4456489307445441
4 2 1.114145729552461
5 2 -1.496450297202239
6 2 1.227931132626836
7 2 -0.5382549641177276
8 2 -0.00274037003723312
9 2 0.1140814177759197
10 2 0.002285967848963229
11 2 -0.05179205633538116
12 2 -0.001652788867696333
13 2 0.03210933758715673
14 2 0.0005654909051557728
15 2 -0.03347077147534187
16 2 0.02812041727351898
0 3 -1.217303961840847e-16
1 3 -0.02586296115416046
2 3 -0.008742192503320383
3 3 0.09601007150840241
4 3 0.005230609409288661
5 3 -0.538254964117728
6 3 1.318479906692325
7 3 -1.745707769110166
8 3 1.418121626873937
9 3 -0.6169797292839447
10 3 -0.003419100936060382
11 3 0.1300911110744858
12 3 0.002690992278954556
13 3 -0.06095862635753938
14 3 -0.001308469234587083
15 3 0.05225209897209902
16 3 -0.039397026233175
0 4 5.667795396675661e-17
1 4 0.009639939958931965
2 4 0.01174517567568148
3 4 -0.04362599786895571
4 4 -0.007189992546942864
5 4 0.1140814177759205
6 4 0.006221242333030736
7 4 -0.6169797292839453
8 4 1.494250383714813
9 4 -1.963345391694107
10 4 1.586456202660272
11 4 -0.6876205064483103
12 4 -0.004597452320570539
13 4 0.1474734527457007
14 4 0.002957042728377912
15 4 -0.09051118131448289
16 4 0.05724309288140775
0 5 2.661851528681045e-17
1 5 0.0006070698692309447
2 5 -0.01658232811309454
3 5 0.02583966777176093
4 5 0.01041843630835194
5 5 -0.05179205633538247
6 5 -0.009323999643914655
7 5 0.1300911110744863
8 5 0.009018103263785871
9 5 -0.6876205064483106
10 5 1.649409420240133
11 5 -2.157340144043298
12 5 1.740612597144448
13 5 -0.7568366809499543
14 5 -0.007061043237535025
15 5 0.1972715826500121
16 5 -0.08969492941610635
0 6 -5.092959529631568e-17
1 6 -0.01123655189333498
2 6 0.02629544055146976
3 6 -0.01873196430164058
4 6 -0.01701155181073717
5 6 0.03210933758715755
6 6 0.01582774083147807
7 6 -0.06095862635754053
8 6 -0.01615003243783225
9 6 0.1474734527457025
10 6 0.01723552470679693
11 6 -0.7568366809499576
12 6 1.783995702366195
13 6 -2.323493439177668
14 6 1.890713087460409
15 6 -0.8876220222653275
16 6 0.1644476056300532
0 7 5.468919900209538e-17
1 7 0.03915189114824128
2 7 -0.0643666573029798
3 7 0.02229710671678392
4 7 0.04299529184910521
5 7 -0.03347077147533885
6 7 -0.04179882605620909
7 7 0.0522520989721007
8 7 0.04540592197012627
9 7 -0.09051118131448999
10 7 -0.05325466040146672
11 7 0.1972715826500195
12 7 0.06776709769841473
13 7 -0.8876220222653353
14 7 1.839756629553847
15 7 -2.193018190607644
16 7 1.499418954219843
