1081
0 0 1.000000000000001
1 0 -1.433547513435854
2 0 1.070224386587677
3 0 -0.3249254302637325
4 0 -0.107720069003582
5 0 0.07188651715148515
6 0 0.06066750599393279
7 0 -0.03263796958427403
8 0 -0.04170643107508265
9 0 0.01866274169088427
10 0 0.03168384806110317
11 0 -0.01192661974631743
12 0 -0.02557152893657491
13 0 0.00808719556333406
14 0 0.02149826204414191
15 0 -0.005642460551474209
16 0 -0.01861584941239512
17 0 0.00395267026666489
18 0 0.01648688468285738
19 0 -0.002704537276568971
20 0 -0.01486425263598477
21 0 0.001727829305485129
22 0 0.0135985890177782
23 0 -0.0009217022113706314
24 0 -0.01259489938385592
25 0 0.0002212820844730604
26 0 0.0117904614474318
27 0 0.0004192158459002866
28 0 -0.01114285185030235
29 0 -0.001036148304120657
30 0 0.01062319988871449
31 0 0.001663167037177097
32 0 -0.01021238879491495
33 0 -0.002337643875562185
34 0 0.009899160978661808
35 0 0.003109678575862655
36 0 -0.009679819426173615
37 0 -0.004059471619728179
38 0 0.009559961016210212
39 0 0.005340006878583729
40 0 -0.009560169285032777
41 0 -0.007311623452083629
42 0 0.009732303361520978
43 0 0.01116309714166984
44 0 -0.01021352228810408
45 0 -0.02621436443875773
46 0 0.04063816150179392
0 1 1.778786241272607e-16
1 1 -0.3249254302638021
2 1 0.8651625917968345
3 1 -1.196881010233559
4 1 1.000495443743276
5 1 -0.4459695916902868
6 1 -0.0004038053162524561
7 1 0.09628659779960225
8 1 0.0003557931071068737
9 1 -0.04372764409327463
10 1 -0.0003233905128371504
11 1 0.02544519464764399
12 1 0.0002982757356657978
13 1 -0.01682525520084688
14 1 -0.0002769305183708527
15 1 0.01203301218928321
16 1 0.0002575108928154488
17 1 -0.00907546069609445
18 1 -0.0002388776559594398
19 1 0.007113528176005376
20 1 0.0002202161224699261
21 1 -0.005741711822434564
22 1 -0.0002008572086294858
23 1 0.004743833575317474
24 1 0.0001801763003990221
25 1 -0.003995960445151613
26 1 -0.0001575216743749245
27 1 0.003423113679687424
28 1 0.0001321484234162599
29 1 -0.002978254613618508
30 1 -0.0001031402118615236
31 1 0.002631496812566314
32 1 6.92979199586936e-05
33 1 -0.00236454694889848
34 1 -2.896003931974811e-05
35 1 0.00216835629460622
36 1 -2.031657337313267e-05
37 1 -0.002043752075313563
38 1 8.238068865491075e-05
39 1 0.00200738271476557
40 1 -0.0001638508142041432
41 1 -0.002114402350842876
42 1 0.0002775762778818158
43 1 0.002567886278392385
44 1 -0.0004535799964350362
45 1 -0.005022703930691331
46 1 0.006017231298499874
0 2 -1.550106178638003e-16
1 2 0.07188651715157379
2 2 0.001015433420561469
3 2 -0.445969591690285
4 2 1.117449865946473
5 2 -1.496103401235749
6 2 1.225221861179349
7 2 -0.5385571382226751
8 2 -0.0004211355156783855
9 2 0.1141794643631404
10 2 0.0003836262411103869
11 2 -0.05127283091451783
12 2 -0.0003546804407491599
13 2 0.02960800843353045
14 2 0.000330161421671063
15 2 -0.01946955444806555
16 2 -0.0003078986453156572
17 2 0.01386604081620237
18 2 0.0002865478830373051
19 2 -0.01042430523188644
20 2 -0.000265143896172259
21 2 0.008150535343151709
22 2 0.0002428895579357403
23 2 -0.006566700192564843
24 2 -0.0002190361266254565
25 2 0.005419098090020239
26 2 0.0001927978664342498
27 2 -0.004563016102766852
28 2 -0.0001632725607651488
29 2 0.003911547585608752
30 2 0.0001293468132046636
31 2 -0.003410954727036427
32 2 -8.956093799677376e-05
33 2 0.003028318100613095
34 2 4.189100481225856e-05
35 2 -0.002745780455845032
36 2 1.66381633144035e-05
37 2 0.002559697267838847
38 2 -9.070832509722182e-05
39 2 -0.002486835579762167
40 2 0.0001883564204210035
41 2 0.002590975314447176
42 2 -0.0003251509786751625
43 2 -0.003113522439386805
44 2 0.0005373776100751471
45 2 0.006034151402545331
46 2 -0.007201739932508105
0 3 1.444796699658771e-17
1 3 -0.0326379695843536
2 3 -0.001156619637916084
3 3 0.09628659779960495
4 3 0.0006665778438276344
5 3 -0.5385571382226794
6 3 1.322330249905626
7 3 -1.745456489807448
8 3 1.414696132251308
9 3 -0.6169920658621504
10 3 -0.0004406038545390769
11 3 0.1293447446229504
12 3 0.0004083809469556397
13 3 -0.0576398151720513
14 3 -0.0003811943106508676
15 3 0.03310053017793583
16 3 0.0003565715390844276
17 3 -0.02167508445913468
18 3 -0.0003329776975706186
19 3 0.01538673715871731
20 3 0.0003093059882632507
21 3 -0.01153835002158211
22 3 -0.0002846371183995173
23 3 0.009004395563112937
24 3 0.0002581020013476967
25 3 -0.007245306773749132
26 3 -0.0002287830260717447
27 3 0.005975784088165091
28 3 0.0001956212785970429
29 3 -0.00503394377222603
30 3 -0.0001573052843948356
31 3 0.004323541449182699
32 3 0.0001121118334845164
33 3 -0.003786531458058435
34 3 -5.764919004440628e-05
35 3 0.003390034338088769
36 3 -9.598391584109622e-06
37 3 -0.003122072122867638
38 3 9.515809290040292e-05
39 3 0.002996972925744396
40 3 -0.0002085020952748431
41 3 -0.003085204529993574
42 3 0.0003679371545010944
43 3 0.003664270204606367
44 3 -0.0006160160748304726
45 3 -0.00702903282667583
46 3 0.008353413838246972
0 4 8.91040902073727e-17
1 4 0.01866274169115193
2 4 0.00129626039055904
3 4 -0.04372764409324457
4 4 -0.0007485048966424639
5 4 0.1141794643631059
6 4 0.0006137131408400485
7 4 -0.6169920658621049
8 4 1.499455777820118
9 4 -1.963641366158717
10 4 1.581636926130294
11 4 -0.6863574672511625
12 4 -0.0004628827348434635
13 4 0.1427899379350053
14 4 0.0004333135542901332
15 4 -0.06327952627124067
16 4 -0.0004066181027156743
17 4 0.03618697660960772
18 4 0.0003810722676277392
19 4 -0.02361888479123981
20 4 -0.0003554275561668888
21 4 0.01672365134674775
22 4 0.0003286408310079109
23 4 -0.01251616355986812
24 4 -0.0002997192440798069
25 4 0.009753866148133774
26 4 0.0002676076917868951
27 4 -0.007842710569312881
28 4 -0.000231081967491758
29 4 0.006469749549788189
30 4 0.000188619718274774
31 4 -0.005458627986660048
32 4 -0.0001382152871183788
33 4 0.004706245928157987
34 4 7.708092067841019e-05
35 4 -0.004153534329851754
36 4 -1.117534214983114e-06
37 4 0.003773650364028752
38 4 -9.611471695605912e-05
39 4 -0.003574582956684705
40 4 0.0002256343670436162
41 4 0.003631306638192852
42 4 -0.0004086871953464938
43 4 -0.004257152525375448
44 4 0.0006945158582813395
45 4 0.008073002524299678
46 4 -0.009547662927960299
0 5 -6.091726895720409e-17
1 5 -0.01192661974691837
2 5 -0.001439661101831014
3 5 0.02544519464756089
4 5 0.0008329916887986785
5 5 -0.05127283091442035
6 5 -0.0006844683758559753
7 5 0.1293447446228311
8 5 0.0006083854217224669
9 5 -0.6863574672510868
10 5 1.657754164321252
11 5 -2.160008487235653
12 5 1.732571004181662
13 5 -0.7492487885323321
14 5 -0.0004884393769161089
15 5 0.1550129453757697
16 5 0.0004598837178842304
17 5 -0.06840852035397721
18 5 -0.0004326112060575397
19 5 0.03899199504109212
20 5 0.0004052267350687221
21 5 -0.02538374447562883
22 5 -0.0003765575977845664
23 5 0.01793683537136145
24 5 0.0003454797509111017
25 5 -0.01340414072248476
26 5 -0.0003107904179590366
27 5 0.01043675198291806
28 5 0.0002710857775426714
29 5 -0.008391440059753785
30 5 -0.0002246120949453559
31 5 0.006930902546663908
32 5 0.0001690514195643982
33 5 -0.005867154884542898
34 5 -0.0001011757109296924
35 5 0.005093915110260997
36 5 1.623489111751138e-05
37 5 -0.004557797072392416
38 5 9.323072432477175e-05
39 5 0.004253821848393222
40 5 -0.0002399670947482984
41 5 -0.004258062346983841
42 5 0.0004484929543853019
43 5 0.00492000850042845
44 5 -0.000775464140563634
45 5 -0.009209967258016788
46 5 0.01083207926510674
0 6 1.360143430482703e-17
1 6 0.008087195560568602
2 6 0.00159059994170652
3 6 -0.0168252552013895
4 6 -0.0009222671782685056
5 6 0.02960800843418717
6 6 0.0007595442092710584
7 6 -0.05763981517280767
8 6 -0.0006767674748659326
9 6 0.142789937935942
10 6 0.0006226220310554521
11 6 -0.7492487885334944
12 6 1.802193759924414
13 6 -2.340012159692077
14 6 1.871376782865563
15 6 -0.8072112750762999
16 6 -0.0005178620987486149
17 6 0.1663058393491787
18 6 0.0004890732963880539
19 6 -0.07315156295024461
20 6 -0.0004601732323126852
21 6 0.04158654936391394
22 6 0.0004298511450126744
23 6 -0.02701665759873025
24 6 -0.0003968414917858738
25 6 0.0190606830627053
26 6 0.0003597801683770928
27 6 -0.01422956937839765
28 6 -0.000317064763250944
29 6 0.01107652805415782
30 6 0.0002666830269492852
31 6 -0.008913729489134208
32 6 -0.0002059650416169379
33 6 0.007383033600908613
34 6 0.0001311830728186438
35 6 -0.006289071184360995
36 6 -3.684465645170253e-05
37 6 0.005529955125766922
38 6 -8.567668737658284e-05
39 6 -0.005075805895398066
40 6 0.0002511036926145126
41 6 0.004997752233938126
42 6 -0.0004876959148695056
43 6 -0.005681406716750604
44 6 0.0008605420949361201
45 6 0.0104803160821126
46 6 -0.01224778197829872
0 7 2.01725096479772e-17
1 7 -0.005642460548888604
2 7 -0.001752390495671224
3 7 0.01203301218974548
4 7 0.001018312214413142
5 7 -0.01946955444862306
6 7 -0.0008406287849027818
7 7 0.03310053017857627
8 7 0.0007509312873117249
9 7 -0.06327952627204804
10 7 -0.0006927705470722402
11 7 0.1550129453767851
12 7 0.0006493981726224019
13 7 -0.8072112750759493
14 7 1.935877946075927
15 7 -2.507158534663655
16 7 2.000582021990073
17 7 -0.8612558394232042
18 7 -0.0005519435189864696
19 7 0.1768586602659967
20 7 0.0005217764228003442
21 7 -0.07758911750585014
22 7 -0.0004900612437815117
23 7 0.04401628270455325
24 7 0.0004553782967755033
25 7 -0.02854816965979057
26 7 -0.0004161854711998861
27 7 0.02011829328418328
28 7 0.000370658453850977
29 7 -0.01501206039167154
30 7 -0.0003164927901230884
31 7 0.01169215639662251
32 7 0.0002506167142076543
33 7 -0.00943091110619384
34 7 -0.0001687271815834863
35 7 0.00785443784718203
36 7 6.447122153029278e-05
37 7 -0.006768641242662258
38 7 7.213578747201324e-05
39 7 0.006096172043676329
40 7 -0.0002581236112111703
41 7 -0.005891894730057446
42 7 0.0005261120404228365
43 7 0.006575809315235963
44 7 -0.0009509918225482674
45 7 -0.01192874564459164
46 7 0.01383781201884417
0 8 -7.499860015911367e-17
1 8 0.003952670275562314
2 8 0.001928400356724217
3 8 -0.009075460694407129
4 8 -0.001123160725546816
5 8 0.01386604081417938
6 8 0.000929474378491129
7 8 -0.02167508445677407
8 8 -0.0008325178229737584
9 8 0.03618697660699647
10 8 0.0007702713630983141
11 8 -0.06840852035111041
12 8 -0.0007243416062662437
13 8 0.1663058393442075
14 8 0.0006869476090473347
15 8 -0.8612558394180296
16 8 2.060898825284136
17 8 -2.663857802934447
18 8 2.121943231718357
19 8 -0.9120879041741654
20 8 -0.0005917562233183848
21 8 0.1868041208101985
22 8 0.00055897115392272
23 8 -0.08177742344685211
24 8 -0.000522944506502823
25 8 0.04631350074658947
26 8 0.0004819367423633722
27 8 -0.03000072424817844
28 8 -0.0004338740856202654
29 8 0.02112802103630533
30 8 0.000376119324772135
31 8 -0.01576940729762362
32 8 -0.0003051377070026908
33 8 0.01230431868487472
34 8 0.0002159565719901557
35 8 -0.009971696352437599
36 8 -0.000101212941480441
37 8 0.00839196684599689
38 8 -5.06825272851112e-05
39 8 -0.007395194159727704
40 8 0.0002594949381528823
41 8 0.006997901398224078
42 8 -0.0005630218673992316
43 8 -0.007648514222314151
44 8 0.001047754370494003
45 8 0.01361008126941546
46 8 -0.01565248184252305
0 9 1.102532914945473e-16
1 9 -0.002704537282161903
2 9 -0.002122409127604755
3 9 0.00711352817501277
4 9 0.001239111207238817
5 9 -0.01042430523070614
6 9 -0.001028075500755193
7 9 0.01538673715733979
8 9 0.0009234090429599537
9 9 -0.02361888478977305
10 9 -0.0008569682170831458
11 9 0.03899199503957881
12 9 0.0008085543405343459
13 9 -0.07315156294657928
14 9 -0.0007696273922499514
15 9 0.1768586602623978
16 9 0.0007356860860063056
17 9 -0.9120879041768132
18 9 2.178745567855507
19 9 -2.811850209019962
20 9 2.236740172412813
21 9 -0.9602236575099783
22 9 -0.0006387636262849512
23 9 0.1962400088674247
24 9 0.0006018366943569302
25 9 -0.0857585427696459
26 9 -0.0005594553540994124
27 9 0.04850335256117735
28 9 0.0005092647034813346
29 9 -0.03139335267292309
30 9 -0.0004482470062700788
31 9 0.02210785242023655
32 9 0.0003723307618692207
33 9 -0.01652275073708621
34 9 -0.0002757573799106654
35 9 0.01294319229991786
36 9 0.0001499657358556381
37 9 -0.01058674656757266
38 9 1.855349891840315e-05
39 9 0.009094366950847478
40 9 -0.0002528591242430581
41 9 -0.008399124941314359
42 9 0.0005969976364459263
43 9 0.008962351783675394
44 9 -0.001151452631961869
45 9 -0.01559583275634903
46 9 0.01775455793843752
0 10 -1.841338313481525e-16
1 10 0.001727829309735171
2 10 0.002338952462720489
3 10 -0.005741711821786296
4 10 -0.001368933296051233
5 10 0.008150535342395154
6 10 0.001138845934225209
7 10 -0.01153835002071088
8 10 -0.001025892990917754
9 10 0.01672365134588103
10 10 0.0009551136267094359
11 10 -0.02538374447483448
12 10 -0.0009043036863416273
13 10 0.04158654936081594
14 10 0.0008640833103505848
15 10 -0.07758911750301162
16 10 -0.0008295121529253437
17 10 0.18680412081471
18 10 0.0007974875175005958
19 10 -0.9602236575116307
20 10 2.290522132795602
21 10 -2.95244022042333
22 10 2.345940088640015
23 10 -1.006055098907148
24 10 -0.0006949943907896968
25 10 0.2052418100825727
26 10 0.0006518702269059269
27 10 -0.08956625678814333
28 10 -0.0006001649530671018
29 10 0.05060790253670254
30 10 0.0005364252638572287
31 10 -0.03274553092645441
32 10 -0.0004559551961444556
33 10 0.0230803168875186
34 10 0.0003520679797299963
35 10 -0.01730460253263537
36 10 -0.0002147684308492045
37 10 0.01366435814362885
38 10 2.822298350471906e-05
39 10 -0.01138620187175756
40 10 0.0002346488552964256
41 10 0.01022183202715371
42 10 -0.0006255663108855661
43 10 -0.01060819367576045
44 10 0.00126219665222889
45 10 0.01798343054559882
46 10 -0.02022580096729166
0 11 1.55205788990425e-16
1 11 -0.0009217022076388492
2 11 -0.002583742814173489
3 11 0.004743833576226944
4 11 0.001516122919444678
5 11 -0.006566700193682713
6 11 -0.001264839677247
7 11 0.009004395564443853
8 11 0.00114287205583688
9 11 -0.012516163561574
10 11 -0.001067573013003909
11 11 0.01793683537349113
12 11 0.001014482924657876
13 11 -0.02701665759863826
14 11 -0.0009732823032812689
15 11 0.04401628270529658
16 11 0.0009385440130914825
17 11 -0.08177742345659497
18 11 -0.0009068629732348363
19 11 0.196240008874416
20 11 0.0008757186765337142
21 11 -1.006055098912928
22 11 2.397072839306239
23 11 -3.08663466016013
24 11 2.450296023067594
25 11 -1.049889311587481
26 11 -0.000763324674303888
27 11 0.2138707175045224
28 11 0.0007110303550541953
29 11 -0.09323037421545934
30 11 -0.000645446918347588
31 11 0.05265000279199381
32 11 0.0005611515795877992
33 11 -0.03408227536181857
34 11 -0.0004503571766130747
35 11 0.02408119936170454
36 11 0.000301339633501421
37 11 -0.01817668245028568
38 11 -9.54217703491135e-05
39 11 0.01459165879273057
40 11 -0.0001994568661455777
41 11 -0.01266589904823438
42 11 0.0006445952747409803
43 11 0.01272285230577826
44 11 -0.001379191519652886
45 11 -0.02091062602543973
46 11 0.02317634250400455
0 12 -2.339396054206707e-17
1 12 0.0002212820815071866
2 12 0.002864261937882911
3 12 -0.003995960445972186
4 12 -0.001685263198772039
5 12 0.005419098091016072
6 12 0.001410064873469608
7 12 -0.007245306774939383
8 12 -0.001278160238893193
9 12 0.009753866149750341
10 12 0.001198117413429241
11 12 -0.01340414072458365
12 12 -0.001142906507293333
13 12 0.01906068306208457
14 12 0.001101144239483575
15 12 -0.02854816966014689
16 12 -0.001066859042916847
17 12 0.04631350075745664
18 12 0.001036313851405504
19 12 -0.08575854277697277
20 12 -0.001006745340955594
21 12 0.2052418100882158
22 12 0.0009757483873197155
23 12 -1.049889311586137
24 12 2.499059102943131
25 12 -3.215228603107059
26 12 2.550409192850436
27 12 -1.091973920607686
28 12 -0.0008479495845769732
29 12 0.222179663789661
30 12 0.0007819247883010973
31 12 -0.09678113518946883
32 12 -0.0006950962218082755
33 12 0.0546589264575457
34 12 0.0005783712813321327
35 12 -0.03544392202362619
36 12 -0.0004179309207337273
37 12 0.0251799038951158
38 12 0.0001915860268919536
39 12 -0.01927943716507723
40 12 0.0001389750905549247
41 12 0.01606404215193843
42 12 -0.000647227136928533
43 12 -0.01552139696659331
44 12 0.001499918812123066
45 12 0.02457955427344611
46 12 -0.02675917506641479
0 13 3.085936946802189e-17
1 13 0.0004192158496221706
2 13 -0.003190669880243731
3 13 0.003423113680665341
4 13 0.001882578950425343
5 13 -0.004563016104068071
6 13 -0.001579966840262676
7 13 0.005975784089616464
8 13 0.001436941184811794
9 13 -0.007842710571238858
10 13 -0.001351875108337142
11 13 0.01043675198561484
12 13 0.001294766123497938
13 13 -0.01422956937797513
14 13 -0.001253010524262054
15 13 0.02011829328484547
16 13 0.001220022090023331
17 13 -0.03000072426118113
18 13 -0.00119169875560056
19 13 0.04850335257003807
20 13 0.001165019020908995
21 13 -0.08956625679465544
22 13 -0.00113735378973829
23 13 0.2138707175026422
24 13 0.001106038048791724
25 13 -1.091973920607333
26 13 2.597008195656975
27 13 -3.33886070197776
28 13 2.646770761547045
29 13 -1.132515152745056
30 13 -0.0009552044767166835
31 13 0.2302193477918991
32 13 0.0008680458033307294
33 13 -0.1002558598262598
34 13 -0.0007473397526453398
35 13 0.05668168363073291
36 13 0.0005767241514732512
37 13 -0.03690977421964941
38 13 -0.000329639836132112
39 13 0.02653736996202941
40 13 -4.017510321104595e-05
41 13 -0.02100479682303106
42 13 0.0006219586054281273
43 13 0.01935933244313693
44 13 -0.001618550649634359
45 13 -0.0292992131390249
46 13 0.0311936852983756
0 14 -2.942805362948197e-17
1 14 -0.001036148308140494
2 14 0.003577289682030116
3 14 -0.002978254614719932
4 14 -0.002116842567985426
5 14 0.003911547586881664
6 14 0.001782217278513389
7 14 -0.005033943774215431
8 14 -0.001626516569346797
9 14 0.006469749552008951
10 14 0.001536069495868075
11 14 -0.008391440062640663
12 14 -0.001477375719169001
13 14 0.01107652805382459
14 14 0.001436409445477172
15 14 -0.01501206039290019
16 14 -0.001405882927270325
17 14 0.02112802105189801
18 14 0.001381292847451164
19 14 -0.03139335268302624
20 14 -0.001359348790724615
21 14 0.05060790254389255
22 14 0.001337200190152789
23 14 -0.09323037421214106
24 14 -0.00131195050309802
25 14 0.2221796637879883
26 14 0.001280247148258382
27 14 -1.132515152743595
28 14 2.691344580797052
29 14 -3.458049023056581
30 14 2.73979165640596
31 14 -1.17169283819701
32 14 -0.001095070671249618
33 14 0.2380469558289905
34 14 0.0009739950820994183
35 14 -0.1037125659025428
36 14 -0.0007962048829412168
37 14 0.05881107387451658
38 14 0.0005296805850417263
39 14 -0.03866686440087017
40 14 -0.0001179305426690148
41 14 0.02861209141084401
42 14 -0.0005490818666167738
43 14 -0.02486123974213031
44 14 0.00172271697709466
45 14 0.03556524092576741
46 14 -0.03680581988485942
0 15 4.732802232359752e-17
1 15 0.001663167041031992
2 15 -0.004045181555686754
3 15 0.002631496813581917
4 15 0.002400944144002578
5 15 -0.003410954728360613
6 15 -0.002028081604651327
7 15 0.004323541450361536
8 15 0.001857602025964709
9 15 -0.005458627990353956
10 15 -0.001761295997238669
11 15 0.006930902549989014
12 15 0.001701459790463105
13 15 -0.008913729487952353
14 15 -0.001662378474046396
15 15 0.0116921563984278
16 15 0.001635952727814798
17 15 -0.0157694073171414
18 15 -0.001617238976662975
19 15 0.02210785243212489
20 15 0.001602676980238196
21 15 -0.03274553093429518
22 15 -0.001589216638437229
23 15 0.05265000278658559
24 15 0.001573765415181547
25 15 -0.0967811351855115
26 15 -0.001552714657797056
27 15 0.2302193477878644
28 15 0.001521398532810214
29 15 -1.171692838194355
30 15 2.782408841376959
31 15 -3.573212385516649
32 15 2.829826193247946
33 15 -1.209677066981527
34 15 -0.001284115072435496
35 15 0.2457436890769431
36 15 0.001105379056170523
37 15 -0.1072643489488864
38 15 -0.0008240354168902405
39 15 0.06126906729821224
40 15 0.000370318260804954
41 15 -0.04125998557696069
42 15 0.0003937697709104865
43 15 0.03321222114853477
44 15 -0.001786710030525636
45 15 -0.04422088548491301
46 15 0.04410038797162008
0 16 -3.108141989890662e-17
1 16 -0.002337643879498821
2 16 0.004626911902466006
3 16 -0.002364546950100963
4 16 -0.002754798895628236
5 16 0.003028318101297113
6 16 0.002334949350152006
7 16 -0.003786531459495766
8 16 -0.002146723684117681
9 16 0.004706245928961527
10 16 0.002043881420857815
11 16 -0.005867154892734865
12 16 -0.001983531444696924
13 16 0.007383033599460428
14 16 0.001947902347046392
15 16 -0.009430911108522061
16 16 -0.001927938840263279
17 16 0.01230431871154426
18 16 0.0019182162931713
19 16 -0.01652275075263052
20 16 -0.001914922898306374
21 16 0.0230803168958102
22 16 0.001914867305225398
23 16 -0.03408227535340766
24 16 -0.001914849687017168
25 16 0.05465892645082624
26 16 0.001911117016765812
27 16 -0.1002558598188101
28 16 -0.001898728759444994
29 16 0.2380469558229394
30 16 0.001870652783923136
31 16 -1.209677066978347
32 16 2.870465007338623
33 16 -3.684676713737358
34 16 2.917195043834674
35 16 -1.246655741378747
36 16 -0.001551693038296963
37 16 0.2534593518900826
38 16 0.001266937840445382
39 16 -0.1111839184109895
40 16 -0.0007778243963806984
41 16 0.06471776085124334
42 16 -9.185203799354146e-05
43 16 -0.04690048892982668
44 16 0.001756340153238599
45 16 0.05681235910571365
46 16 -0.05389981401707482
0 17 -3.274643424100851e-17
1 17 0.003109678580044848
2 17 -0.005376133652933522
3 17 0.00216835629581767
4 17 0.003211184686064518
5 17 -0.002745780457642894
6 17 -0.002731411459703049
7 17 0.003390034335664665
8 17 0.002521023245919019
9 17 -0.004153534331449455
10 17 -0.002410610296051455
11 17 0.005093915108705513
12 17 0.002350651222878289
13 17 -0.00628907119536965
14 17 -0.002320786103479011
15 17 0.007854437850431427
16 17 0.002310804074821405
17 17 -0.009971696387640457
18 17 -0.002314758397341676
19 17 0.01294319232352095
20 17 0.002328640366995777
21 17 -0.01730460254581568
22 17 -0.002349243861490417
23 17 0.02408119934922816
24 17 0.002373452076058565
25 17 -0.03544392201328675
26 17 -0.002397620137417517
27 17 0.05668168361936646
28 17 0.002416845578599251
29 17 -0.1037125658922574
30 17 -0.002423902355291785
31 17 0.2457436890700216
32 17 0.002407483162525681
33 17 -1.246655741375287
34 17 2.955690819968856
35 17 -3.79265560383406
36 17 3.002217005953139
37 17 -1.282900088829207
38 17 -0.001954394286317595
39 17 0.2615512547217877
40 17 0.001452224461875662
41 17 -0.1163051996261838
42 17 -0.000481639694165357
43 17 0.07193864316196065
44 17 -0.001512610619929151
45 17 -0.07647039845308259
46 17 0.06763244610308616
0 18 2.75126487376916e-18
1 18 -0.004059471624264933
2 18 0.006388960382343673
3 18 -0.002043752076146538
4 18 -0.003828759063109969
5 18 0.002559697270090247
6 18 0.003268575213109454
7 18 -0.003122072126956096
8 18 -0.003028958516124581
9 18 0.00377365034862091
10 18 0.002909241037742161
11 18 -0.004557797073692598
12 18 -0.002851004832977572
13 18 0.005529955106491517
14 18 0.002830473770776414
15 18 -0.006768641284491859
16 18 -0.002835983217721008
17 18 0.00839196689394754
18 18 0.002861024724242736
19 18 -0.01058674660069511
20 18 -0.002901517299984537
21 18 0.01366435816530686
22 18 0.002954498366560972
23 18 -0.01817668243646015
24 18 -0.003017324891869844
25 18 0.0251799038805783
26 18 0.003086998766440354
27 18 -0.03690977420328706
28 18 -0.003159367877357469
29 18 0.05881107385994162
30 18 0.003227926613249973
31 18 -0.1072643489377655
32 18 -0.00328176150167223
33 18 0.2534593518830667
34 18 0.003301743168632104
35 18 -1.282900088826088
36 18 3.03812826848169
37 18 -3.897160927875497
38 18 3.085275940642175
39 18 -1.318971125028364
40 18 -0.002614345849316157
41 18 0.2711380406775283
42 18 0.001588911078647946
43 18 -0.1262801762993824
44 18 0.0007756042533484104
45 18 0.110475239296895
46 18 -0.08799678440500186
0 19 5.920563769839993e-18
1 19 0.005340006883311122
2 19 -0.007859052376013965
3 19 0.002007382715271747
4 19 0.004725591417151553
5 19 -0.002486835579179344
6 19 -0.004049195494683967
7 19 0.002996972933165959
8 19 0.003767834703932025
9 19 -0.00357458297086022
10 19 -0.003635541681519697
11 19 0.004253821783601272
12 19 0.003581071757685668
13 19 -0.005075805878153961
14 19 -0.003575804881477005
15 19 0.006096172015336034
16 19 0.003606121997131312
17 19 -0.007395194328614777
18 19 -0.003664913631937896
19 19 0.009094366999935441
20 19 0.003748292185032384
21 19 -0.01138620190214679
22 19 -0.003854068676179503
23 19 0.01459165878075937
24 19 0.003980886626247673
25 19 -0.01927943715081422
26 19 -0.004127551660763952
27 19 0.02653736994038253
28 19 0.004292267483103644
29 19 -0.03866686438016647
30 19 -0.004471455932502907
31 19 0.0612690672835646
32 19 0.004657610353336215
33 19 -0.1111839184006543
34 19 -0.004835035933503208
35 19 0.2615512547163928
36 19 0.004970832054556496
37 19 -1.318971125026633
38 19 3.117504553970635
39 19 -3.997650638982819
40 19 3.167024757539116
41 19 -1.356586876128432
42 19 -0.003840752546375901
43 19 0.2873836353504921
44 19 0.001186652879552272
45 19 -0.1796962963825455
46 19 0.1207241310825975
0 20 8.907806548070237e-18
1 20 -0.007311623455645961
2 20 0.01025369236225158
3 20 -0.00211440235069522
4 20 -0.006186299612123431
5 20 0.002590975313429757
6 20 0.005320704660063283
7 20 -0.003085204521847604
8 20 -0.004971673673947617
9 20 0.003631306673694793
10 20 0.004819517694988307
11 20 -0.004258062397390334
12 20 -0.004772205006988038
13 20 0.004997751981472156
14 20 0.004793379573269036
15 20 -0.005891894722240366
16 20 -0.004866459801900783
17 20 0.006997901429763713
18 20 0.004983675059871994
19 20 -0.008399125225270412
20 20 -0.005141914062026373
21 20 0.01022183207137853
22 20 0.005340925620158394
23 20 -0.01266589903353146
24 20 -0.005582458894641677
25 20 0.01606404215941501
26 20 0.005869787883771017
27 20 -0.02100479680705359
28 20 -0.00620731600143151
29 20 0.02861209139107076
30 20 0.006599957608175249
31 20 -0.04125998556346439
32 20 -0.007051764133873059
33 20 0.06471776084446897
34 20 0.007562579475594381
35 20 -0.116305199624983
36 20 -0.008119618241230465
37 20 0.2711380406812282
38 20 0.008675294385409822
39 20 -1.356586876134899
40 20 3.19247770887363
41 20 -4.091298840246666
42 20 3.249274881115686
43 20 -1.404237112907162
44 20 -0.006635019664473639
45 20 0.3702671923446306
46 20 -0.1803466617872761
0 21 -3.617623620054035e-17
1 21 0.01116309714006942
2 21 -0.0151294300962133
3 21 0.002567886276069588
4 21 0.009158164373171135
5 21 -0.003113522437710512
6 21 -0.007905820108220937
7 21 0.003664270196735168
8 21 0.007417730876602787
9 21 -0.004257152487014017
10 21 -0.007224097880066455
11 21 0.00492000864495061
12 21 0.0071906598420385
13 21 -0.005681406826692687
14 21 -0.007265486831926174
15 21 0.006575808637506336
16 21 0.007426250228804485
17 21 -0.007648514417549834
18 21 -0.007664277709451475
19 21 0.00896235164156526
20 21 0.007978730210838685
21 21 -0.01060819418502151
22 21 -0.008374386384970799
23 21 0.01272285223428024
24 21 0.008861041739275839
25 21 -0.01552139700861222
26 21 -0.009453855008974254
27 21 0.01935933248715336
28 21 0.0101744594396501
29 21 -0.02486123975961957
30 21 -0.01105287841361777
31 21 0.03321222116767415
32 21 0.01213038345936705
33 21 -0.04690048895389069
34 21 -0.01346332378887525
35 21 0.07193864319257573
36 21 0.01512708050702115
37 21 -0.1262801763343933
38 21 -0.01721523832608006
39 21 0.2873836353906503
40 21 0.01981075126727873
41 21 -1.40423711294289
42 21 3.255904962059905
43 21 -4.15896686975266
44 21 3.341573364818955
45 21 -1.578708252112601
46 21 0.3172320283693074
0 22 1.030482679083658e-16
1 22 -0.02621436441881693
2 22 0.03473444268110322
3 22 -0.005022703924714545
4 22 -0.02108993217791841
5 22 0.006034151394973835
6 22 0.01826856224661132
7 22 -0.007029032825889836
8 22 -0.01720707050601715
9 22 0.008073002507883072
10 22 0.01683128388800108
11 22 -0.009209967086216686
12 22 -0.0168367470017331
13 22 0.01048031638372547
14 22 0.01710865924312121
15 22 -0.01192874642422944
16 22 -0.01760145844130223
17 22 0.01361008030272108
18 22 0.018302911996229
19 22 -0.01559583220952703
20 22 -0.01922172939740933
21 22 0.01798342971568608
22 22 0.02038397780527405
23 22 -0.02091062636176516
24 22 -0.02183410604356576
25 22 0.0245795544365435
26 22 0.02363972886669692
27 22 -0.02929921337250024
28 22 -0.02590105586340546
29 22 0.03556524119806619
30 22 0.02876766800393433
31 22 -0.0442208857240341
32 22 -0.0324685059355487
33 22 0.056812359321096
34 22 0.0373677374269322
35 22 -0.07647039865160206
36 22 -0.04407561476869155
37 22 0.1104752394939973
38 22 0.05368775380188164
39 22 -0.1796962965832022
40 22 -0.06836259815174847
41 22 0.3702671925422146
42 22 0.09294690985082889
43 22 -1.578708252265602
44 22 3.21337700690612
45 22 -3.703269248338491
46 22 2.459833270784725
