450
0 0 0.9999999999999998
1 0 -1.419890323790652
2 0 1.055961676189
3 0 -0.3265071227587173
4 0 -0.09923603958534248
5 0 0.07378600396817032
6 0 0.05348795370955197
7 0 -0.03484766860079262
8 0 -0.03512129484384619
9 0 0.02119475977413166
10 0 0.02543482334172852
11 0 -0.01480582097095544
12 0 -0.01953379417848434
13 0 0.01135006632928226
14 0 0.01560362243440604
15 0 -0.009338670996730485
16 0 -0.01282686350367036
17 0 0.008149103627273576
18 0 0.01078747094189831
19 0 -0.007493037569269187
20 0 -0.009258204101529685
21 0 0.007240293956133181
22 0 0.008115055364882098
23 0 -0.007362791013229783
24 0 -0.007306157851971478
25 0 0.007954281364953837
26 0 0.006865016335054469
27 0 -0.009447105636647423
28 0 -0.00705773605166735
29 0 0.01522307182611913
0 1 5.640929955527167e-17
1 1 -0.3265071227587165
2 1 0.8665413811777969
3 1 -1.196433382591121
4 1 0.999726071394755
5 1 -0.4465024596976586
6 1 0.000198465574006104
7 1 0.09690079897128935
8 1 -0.0001453807380580245
9 1 -0.04442462816440434
10 1 9.603181825663361e-05
11 1 0.02622965448429911
12 1 -4.353312800468691e-05
13 1 -0.01770466136101202
14 1 -1.665909315082955e-05
15 1 0.0130178875293793
16 1 8.903261031796412e-05
17 1 -0.010180317416762
18 1 -0.0001792334449689108
19 1 0.008358825807299486
20 1 0.0002954730805068183
21 1 -0.007157927135094845
22 1 -0.0004511246523807179
23 1 0.006380867197043292
24 1 0.000670879693984556
25 1 -0.005949527295355177
26 1 -0.001009357151447706
27 1 0.005939895004001987
28 1 0.001633427153057208
29 1 -0.007494603919887086
0 2 -3.204030895504739e-17
1 2 0.07378600396816799
2 2 -0.0006508179234711477
3 2 -0.446502459697658
4 2 1.118385693058095
5 2 -1.495466770375338
6 2 1.224483723069009
7 2 -0.5392937613644659
8 2 0.0001987249623952157
9 2 0.1150187946848628
10 2 -0.0001411352444853482
11 2 -0.05222162503782295
12 2 7.975019606197648e-05
13 2 0.03067658214606059
14 2 -8.825116689066341e-06
15 2 -0.02067219978730737
16 2 -7.73784903569829e-05
17 2 0.0152222701553702
18 2 0.0001861478850805427
19 2 -0.01196138456592955
20 2 -0.000328147207336391
21 2 0.009908687293708423
22 2 0.0005208002928067947
23 2 -0.008611045721791472
24 2 -0.0007962958210787343
25 2 0.007873033729712873
26 2 0.001225699608258431
27 2 -0.007741068621284064
28 2 -0.002025247699936262
29 2 0.009633445000626907
0 3 -2.102407011563609e-17
1 3 -0.034847668600791
2 3 0.0007945427923447144
3 3 0.09690079897128964
4 3 -0.000436808001688303
5 3 -0.5392937613644673
6 3 1.323207530199499
7 3 -1.744600661320149
8 3 1.413952334231478
9 3 -0.6179715215556009
10 3 0.0001966840312578578
11 3 0.1304571709834122
12 3 -0.0001277746926279916
13 3 -0.0588990249019124
14 3 4.746281047256437e-05
15 3 0.03452542022360306
16 3 5.137378500501049e-05
17 3 -0.0232912629063134
18 3 -0.0001778829143389651
19 3 0.01722974574095463
20 3 0.0003455617950578098
21 3 -0.01366018951192687
22 3 -0.0005765759068988346
23 3 0.01148836610865352
24 3 0.0009119587905628087
25 3 -0.01024725646637659
26 3 -0.001442214332194586
27 3 0.009887934775875453
28 3 0.002441644143530742
29 3 -0.01210678516526943
0 4 3.424204194518653e-17
1 4 0.0211947597741299
2 4 -0.0009549911282637375
3 4 -0.04442462816440516
4 4 0.0005338859891031521
5 4 0.1150187946848644
6 4 -0.0004145580566272107
7 4 -0.617971521555602
8 4 1.500336451952753
9 4 -1.962515099006662
10 4 1.580872820848687
11 4 -0.6876431930653037
12 4 0.0001907348854639358
13 4 0.1442533679576162
14 4 -0.0001021410610605099
15 4 -0.0649454019917237
16 4 -8.490186888865647e-06
17 4 0.03808867166208924
18 4 0.0001525102418378198
19 4 -0.02580251668109155
20 4 -0.0003468471513728557
21 4 0.01925627278011685
22 4 0.0006195099627171374
23 4 -0.01550417490150843
24 4 -0.001022568151251845
25 4 0.01339378441206289
26 4 0.001670927170894813
27 4 -0.01262200803256044
28 4 -0.002911662815234032
29 4 0.01515553682858585
0 5 -1.338047217824713e-17
1 5 -0.01480582097095509
2 5 0.00113892214987604
3 5 0.02622965448430222
4 5 -0.0006473058034842846
5 5 -0.0522216250378286
6 5 0.0005132368689025026
7 5 0.1304571709834171
8 5 -0.0004284623157317721
9 5 -0.6876431930653079
10 5 1.658665752515128
11 5 -2.158532551334397
12 5 1.731777663890008
13 5 -0.7509388996664808
14 5 0.0001776778833890466
15 5 0.1569495606354683
16 5 -5.63698865344712e-05
17 5 -0.07063517704273535
18 5 -0.0001047948567199367
19 5 0.04156876057198084
20 5 0.0003270033135609555
21 5 -0.02839762927868685
22 5 -0.000645685192289162
23 5 0.02152486340512936
24 5 0.001127176854359018
25 5 -0.01781625599760296
26 5 -0.001918290618445139
27 5 0.01628303011769089
28 5 0.003461492411151856
29 5 -0.01908714337450474
0 6 -2.490720747388195e-17
1 6 0.0113500663292886
2 6 -0.001354031133837074
3 6 -0.01770466136101834
4 6 0.0007822860555065605
5 6 0.03067658214607187
6 6 -0.0006329695145669028
7 6 -0.05889902490192375
8 6 0.000542593480977539
9 6 0.1442533679576296
10 6 -0.0004645619210270778
11 6 -0.750938899666491
12 6 1.803157135827165
13 6 -2.338063919285909
14 6 1.87054733123033
15 6 -0.8094600002520533
16 6 0.0001513602842163086
17 6 0.1689121793477481
18 6 2.576593703200961e-05
19 6 -0.07619446795864947
20 6 -0.0002765643204013206
21 6 0.04518032179209069
22 6 0.0006460841050434362
23 6 -0.03134042917776059
24 6 -0.001219622118938716
25 6 0.02443759499467933
26 6 0.002187179438049739
27 6 -0.02143469289629404
28 6 -0.004121405286605496
29 6 0.02437178077502799
0 7 5.597451565125733e-17
1 7 -0.009338670996742746
2 7 0.001610359048141431
3 7 0.0130178875293895
4 7 -0.0009457992658726535
5 7 -0.02067219978732342
6 7 0.000780671916789792
7 7 0.03452542022362471
8 7 -0.0006863077587418153
9 7 -0.06494540199174763
10 7 0.0006079782207543033
11 7 0.1569495606354837
12 7 -0.0005253391814278844
13 7 -0.8094600002520606
14 7 1.936915870878508
15 7 -2.504541869178962
16 7 1.999710808385992
17 7 -0.8643161297324146
18 7 9.912460458509163e-05
19 7 0.1804677250370256
20 7 0.000179334155824524
21 7 -0.08189971355090274
22 7 -0.0006038839760316246
23 7 0.04926757132803538
24 7 0.00128562540803523
25 7 -0.0351679630297875
26 7 -0.002474995601329618
27 7 0.02911441727579509
28 7 0.004929890472712977
29 7 -0.03180079239577368
0 8 -5.952867623625579e-17
1 8 0.008149103627288516
2 8 -0.00192215316841769
3 8 -0.0101803174167756
4 8 0.001147848700162863
5 8 0.01522227015538898
6 8 -0.0009663825292841588
7 8 -0.02329126290633935
8 8 0.0008705762535743736
9 8 0.03808867166212718
10 8 -0.0007960700974832627
11 8 -0.07063517704276207
12 8 0.000719143966298906
13 8 0.1689121793477554
14 8 -0.000623226031176616
15 8 -0.8643161297324135
16 8 2.062042863380694
17 8 -2.660241998743204
18 8 2.121026606827074
19 8 -0.9164016804904384
20 8 -7.572978783371888e-06
21 8 0.1920245503503409
22 8 0.0004883284332903683
23 8 -0.08823263229453944
24 8 -0.001295464385107376
25 8 0.05458821771492282
26 8 0.00276688765942724
27 8 -0.04144942262264419
28 8 -0.005936679480927838
29 8 0.04282280992353797
0 9 5.866814423492349e-17
1 9 -0.007493037569289254
2 9 0.002311153905665946
3 9 0.008358825807317342
4 9 -0.001403765150060137
5 9 -0.01196138456595798
6 9 0.001205573543943391
7 9 0.01722974574098481
8 9 -0.001112435672624275
9 9 -0.02580251668112965
10 9 0.001048384504227508
11 9 0.04156876057202696
12 9 -0.0009859136104983486
13 9 -0.07619446795866604
14 9 0.0009059875380060729
15 9 0.1804677250370185
16 9 -0.0007872994836312811
17 9 -0.9164016804904299
18 9 2.180048164690084
19 9 -2.806634559156794
20 9 2.235780072576634
21 9 -0.9666341355642847
22 9 -0.0002415393921525355
23 9 0.2043112132676806
24 9 0.001187020215165584
25 9 -0.09632368215531602
26 9 -0.003017395783570468
27 9 0.06346833818622914
28 9 0.007201392337936941
29 9 -0.06036474911546843
0 10 -6.968294625957209e-17
1 10 0.007240293956157394
2 10 -0.002813408820783693
3 10 -0.00715792713511614
4 10 0.001738974639371709
5 10 0.009908687293743406
6 10 -0.001523950690065031
7 10 -0.01366018951196765
8 10 0.001440298280517018
9 10 0.0192562727801598
10 10 -0.001397730414205022
11 10 -0.02839762927873662
12 10 0.001364638231349652
13 10 0.04518032179212424
14 10 -0.001319843180397605
15 10 -0.08189971355089365
16 10 0.001239486492178373
17 10 0.1920245503503171
18 10 -0.001087328812431978
19 10 -0.9666341355642585
20 10 2.292087347295058
21 10 -2.94441429569436
22 10 2.344956141414813
23 10 -1.016387133527609
24 10 -0.0008240857448354774
25 10 0.2191335152737203
26 10 0.003098812974444556
27 10 -0.1098769726418239
28 10 -0.008769867011360856
29 10 0.091182491208641
0 11 3.016796993607369e-17
1 11 -0.007362791013258276
2 11 0.003495784928821607
3 11 0.006380867197066257
4 11 -0.002200514297687531
5 11 -0.008611045721828149
6 11 0.001969002688944757
7 11 0.01148836610870686
8 11 -0.001906676635726718
9 11 -0.01550417490158486
10 11 0.001904927643840185
11 11 0.02152486340517846
12 11 -0.00192806191042864
13 11 -0.03134042917779896
14 11 0.001954140331176487
15 11 0.04926757132804823
16 11 -0.00195900884384427
17 11 -0.08823263229448963
18 11 0.001904174976305896
19 11 0.2043112132676129
20 11 -0.001716535583266307
21 11 -1.016387133527567
22 11 2.399157640681609
23 11 -3.072959820030751
24 11 2.449371162069539
25 11 -1.068933438987051
26 11 -0.00263859292056226
27 11 0.2429831646214343
28 11 0.01053855975997353
29 11 -0.1543176223473891
0 12 -1.227003502680154e-17
1 12 0.00795428136497783
2 12 -0.004505628846152532
3 12 -0.005949527295388717
4 12 0.002891514910493092
5 12 0.007873033729740124
6 12 -0.002644412407069575
7 12 -0.01024725646640358
8 12 0.002625885813193495
9 12 0.01339378441214888
10 12 -0.002702245972764369
11 12 -0.01781625599769744
12 12 0.002834697375489224
13 12 0.02443759499467845
14 12 -0.003004800204980144
15 12 -0.0351679630297883
16 12 0.003195467382679353
17 12 0.05458821771496858
18 12 -0.003377321695263178
19 12 -0.09632368215524498
20 12 0.00348451460731014
21 12 0.2191335152736523
22 12 -0.00335313924869417
23 12 -1.068933438987022
24 12 2.502533816377037
25 12 -3.187415573680581
26 12 2.549914175923099
27 12 -1.137391970897997
28 12 -0.01147084871886416
29 12 0.3258987555919095
0 13 5.879947101094746e-18
1 13 -0.009447105636650769
2 13 0.006286776637540525
3 13 0.005939895003984335
4 13 -0.004120519248234326
5 13 -0.007741068621353361
6 13 0.003858295516421807
7 13 0.009887934775808516
8 13 -0.00393548477820965
9 13 -0.0126220080325204
10 13 0.004178122213651464
11 13 0.01628303011783578
12 13 -0.004548276394169619
13 13 -0.02143469289638329
14 13 0.005044529616733504
15 13 0.02911441727577183
16 13 -0.005681651133766116
17 13 -0.04144942262267635
18 13 0.006482545941286899
19 13 0.06346833818637355
20 13 -0.007465148175664489
21 13 -0.109876972641811
22 13 0.008595272344139327
23 13 0.2429831646214554
24 13 -0.009587182803859494
25 13 -1.137391970898035
26 13 2.606975022506621
27 13 -3.25650355107001
28 13 2.649227955166916
29 13 -1.355663719756347
0 14 -8.669956833054056e-18
1 14 0.0152230718259823
2 14 -0.01196334968125839
3 14 -0.007494603919742174
4 14 0.008042085254772669
5 14 0.00963344500031783
6 14 -0.007743757893721626
7 14 -0.01210678516507428
8 14 0.008150746006834023
9 14 0.01515553682825117
10 14 -0.008970363553695071
11 14 -0.01908714337407504
12 14 0.01018534034461273
13 14 0.02437178077499166
14 14 -0.01188300052127424
15 14 -0.0318007923961116
16 14 0.01424936930577167
17 14 0.04282280992396605
18 14 -0.01762397595645206
19 14 -0.06036474911602914
20 14 0.02264145164746587
21 14 0.09118249120937862
22 14 -0.03058804137983601
23 14 -0.1543176223480542
24 14 0.04442803398448369
25 14 0.3258987555925162
26 14 -0.0725086749436525
27 14 -1.355663719756871
28 14 2.840897512187956
29 14 -2.469045360862796
