71
0 0 1
1 0 -1.410617149736197
2 0 1.047801153679767
3 0 -0.3304610221307982
4 0 -0.09402870626881235
5 0 0.07967461967030263
6 0 0.04901507962007128
7 0 -0.04366605582511375
8 0 -0.03148800743126412
9 0 0.03533795951189812
10 0 0.02393671536249996
11 0 -0.0463338227296103
0 1 1.356169496754872e-17
1 1 -0.3304610221307981
2 1 0.8685911194107815
3 1 -1.193351724097951
4 1 0.9988831035113145
5 1 -0.4508882083019853
6 1 0.0002189229182495986
7 1 0.1031667154521399
8 1 0.001211583962131939
9 1 -0.05392828980442562
10 1 -0.004371459722172074
11 1 0.04576002800746359
0 2 -4.184385985778073e-17
1 2 0.07967461967030319
2 2 -0.004134837260071223
3 2 -0.4508882083019858
4 2 1.120184116643014
5 2 -1.489020254692809
6 2 1.223687842996095
7 2 -0.5488749560288401
8 2 -0.0008409594370590298
9 2 0.1302519445015771
10 2 0.005664975961449696
11 2 -0.08494387339524194
0 3 8.172808686645169e-17
1 3 -0.0436660558251136
2 3 0.006702752434917316
3 3 0.10316671545214
4 3 -0.004084851636643666
5 3 -0.5488749560288395
6 3 1.325879964468517
7 3 -1.729592293091948
8 3 1.413370351377276
9 3 -0.643575254145198
10 3 -0.006293470006475778
11 3 0.1902162715539717
0 4 -8.326672684688674e-17
1 4 0.03533795951189805
2 4 -0.0116923625422134
3 4 -0.05392828980442579
4 4 0.008342250257725226
5 4 0.1302519445015773
6 4 -0.008171676899357938
7 4 -0.6435752541451982
8 4 1.507360148803982
9 4 -1.913717800786098
10 4 1.582062678486937
11 4 -0.8232268751592019
1 5 -0.04633382272961006
2 5 0.02851377792633375
3 5 0.04576002800746332
4 5 -0.02434899429576204
5 5 -0.08494387339524195
6 5 0.0314125641445317
7 5 0.1902162715539732
8 5 -0.04878568177873177
9 5 -0.8232268751592021
10 5 1.755259673753003
11 5 -1.536348996948105
