578
0 0 1
1 0 -1.42050450958934
2 0 1.056548962591555
3 0 -0.3263490700140174
4 0 -0.09959959142015862
5 0 0.0735832239176194
6 0 0.05380599135875922
7 0 -0.03459557728699345
8 0 -0.03542044658224578
9 0 0.02088579188212117
10 0 0.0257230224624143
11 0 -0.01442942568636676
12 0 -0.01981266365337886
13 0 0.01089191315599744
14 0 0.01587098817089167
15 0 -0.008779077739100928
16 0 -0.01307687300296185
17 0 0.007460206664234918
18 0 0.01100936577035191
19 0 -0.006633492208368411
20 0 -0.009433342758203367
21 0 0.006144442678482361
22 0 0.008210341464066488
23 0 -0.005915424288621789
24 0 -0.00725810004428556
25 0 0.005918812689785768
26 0 0.006532820589969044
27 0 -0.006175862535843986
28 0 -0.006027015205412861
29 0 0.006794166426796643
30 0 0.005792935261151872
31 0 -0.008166299897056884
32 0 -0.006076906085836495
33 0 0.01325457232767592
0 1 4.41520217419962e-17
1 1 -0.3263490700140144
2 1 0.8664465034951042
3 1 -1.196527800407219
4 1 0.9997738817246359
5 1 -0.4463860567770123
6 1 0.0001676007213514603
7 1 0.09676167798579062
8 1 -0.0001285459336432699
9 1 -0.04426068549239767
10 1 9.422595466497351e-05
11 1 0.02603768186601597
12 1 -5.966125783756842e-05
13 1 -0.0174802213471478
14 1 2.206496105478779e-05
15 1 0.01275491200360592
16 1 2.083659954836143e-05
17 1 -0.00987031690440416
18 1 -7.145487825343651e-05
19 1 0.007989350067224342
20 1 0.0001328005067078427
21 1 -0.006709320601537718
22 1 -0.0002090520178197424
23 1 0.00581845457989872
24 1 0.0003065270500430398
25 1 -0.005200504723536709
26 1 -0.0004356830910612021
27 1 0.004795821122544208
28 1 0.0006159971601023746
29 1 -0.004594342504491287
30 1 -0.0008908508387996206
31 1 0.004689983339018457
32 1 0.001393707890622627
33 1 -0.006047198213678602
0 2 2.267423360124158e-17
1 2 0.07358322391761235
2 2 -0.0005229596188011847
3 2 -0.4463860567770104
4 2 1.118318586449649
5 2 -1.495610966563281
6 2 1.224530171524624
7 2 -0.5391205552626488
8 2 0.0001688742897478811
9 2 0.1148136124230313
10 2 -0.0001289668380621457
11 2 -0.05198005005663158
12 2 8.883620947138971e-05
13 2 0.03039256243792331
14 2 -4.502994314310991e-05
15 2 -0.02033751188988113
16 2 -5.291044914091987e-06
17 2 0.01482548642017946
18 2 6.516304288422558e-05
19 2 -0.01148588695462865
20 2 -0.0001384019068273997
21 2 0.00932851743601174
22 2 0.0002303275528483843
23 2 -0.00788097105806127
24 2 -0.0003490035968410833
25 2 0.006899279202296425
26 2 0.000507787440030718
27 2 -0.006257990597692105
28 2 -0.0007315342426518476
29 2 0.005916390416113523
30 2 0.001075470838633061
31 2 -0.005974902510560395
32 2 -0.001708896549743073
33 2 0.00762423528063754
0 3 -3.45243793564886e-17
1 3 -0.03459557728698218
2 3 0.0006282590213653859
3 3 0.09676167798578658
4 3 -0.0003463750871151247
5 3 -0.5391205552626479
6 3 1.323141366248183
7 3 -1.744809821156636
8 3 1.413999689987865
9 3 -0.6177223575942669
10 3 0.0001692121078501544
11 3 0.1301620857382862
12 3 -0.0001244026016057919
13 3 -0.05854996339327989
14 3 7.530476598044924e-05
15 3 0.03411148229236854
16 3 -1.848467081017141e-05
17 3 -0.02279737299152388
18 3 -4.976543069944443e-05
19 3 0.01663413145552477
20 3 0.000134142450393521
21 3 -0.01292917198881252
22 3 -0.0002412326883470798
23 3 0.01056399517388297
24 3 0.0003810565222512532
25 3 -0.009011084190149366
26 3 -0.0005702418426355027
27 3 0.008008769555488874
28 3 0.000839723346691533
29 3 -0.007451421051226487
30 3 -0.001258092604269234
31 3 0.007429727225910081
32 3 0.002034838220423338
33 3 -0.009368439341043061
0 4 1.997717079624431e-17
1 4 0.02088579188210517
2 4 -0.0007424714684840482
3 4 -0.04426068549239406
4 4 0.0004145803625368603
5 4 0.11481361242303
6 4 -0.0003231623765527709
7 4 -0.617722357594266
8 4 1.500265734427626
9 4 -1.962813691895247
10 4 1.58092192593126
11 4 -0.6872873270837473
12 4 0.0001680735846697645
13 4 0.1438295909583674
14 4 -0.0001143616767537922
15 4 -0.06443934187220372
16 4 5.167986364326459e-05
17 4 0.03748049805382966
18 4 2.44345414007242e-05
19 4 -0.02506372629829194
20 4 -0.0001196884420518264
21 4 0.01834313830424654
22 4 0.0002421433658261173
23 4 -0.01434237297449254
24 4 -0.0004041282879429954
25 4 0.01183373067219039
26 4 0.0006261653523195849
27 4 -0.01025198879410566
28 4 -0.000946466564503393
29 4 0.009352204510454936
30 4 0.001449632004864364
31 4 -0.009182693531490666
32 4 -0.002393079565944253
33 4 0.01141996102615704
0 5 5.125595109226885e-18
1 5 -0.01442942568636619
2 5 0.000869636265629546
3 5 0.02603768186602026
4 5 -0.0004917045801499556
5 5 -0.05198005005664206
6 5 0.0003892486128916305
7 5 0.1301620857383018
8 5 -0.000326561042489966
9 5 -0.6872873270837666
10 5 1.658586523510605
11 5 -2.158959563125604
12 5 1.73182885032184
13 5 -0.7504266979988488
14 5 0.0001643475323294009
15 5 0.1563331747020594
16 5 -9.647558735750275e-05
17 5 -0.06988838883833695
18 5 1.301221161975424e-05
19 5 0.04065396312163399
20 5 9.293378959003906e-05
21 5 -0.02725747356458007
22 5 -0.0002311865637515106
23 5 0.02006294495992501
24 5 0.0004168774769214477
25 5 -0.01584165867607176
26 5 -0.0006753157366769505
27 5 0.0132800047209667
28 5 0.001053736664569043
29 5 -0.01181711677309041
30 5 -0.001656661922752858
31 5 0.01138569580694262
32 5 0.002801008527053128
33 5 -0.01393092096387827
0 6 -3.858117962490491e-18
1 6 0.01089191315600048
2 6 -0.00101379460305275
3 6 -0.01748022134715501
4 6 0.000580374563868148
5 6 0.03039256243794031
6 6 -0.0004664096583545292
7 6 -0.05854996339330403
8 6 0.0003988188555174377
9 6 0.1438295909583961
10 6 -0.000343471902160316
11 6 -0.750426697998858
12 6 1.803064458746056
13 6 -2.338683158584121
14 6 1.870600441186539
15 6 -0.8087084493206043
16 6 0.0001561100297949674
17 6 0.1679933091715982
18 6 -6.606200910993899e-05
19 6 -0.07505800165635124
20 6 -5.018763257244438e-05
21 6 0.04374980422085954
22 6 0.0002046005627259953
23 6 -0.02948845422297286
24 6 -0.0004157742198468557
25 6 0.02191582357724249
26 6 0.0007150380617005212
27 6 -0.01758653876291241
28 6 -0.001161120743756819
29 6 0.01515440797381622
30 6 0.001884106592962555
31 6 -0.01425801734752074
32 6 -0.003277271771515226
33 6 0.01710703938779779
0 7 -4.072217870100559e-17
1 7 -0.008779077739119638
2 7 0.001179692736218458
3 7 0.01275491200362396
4 7 -0.0006837685154698532
5 7 -0.02033751188991072
6 7 0.0005576841119708367
7 7 0.03411148229241289
8 7 -0.0004856666677642555
9 7 -0.06443934187225762
10 7 0.0004283410764590151
11 7 0.1563331747020864
12 7 -0.0003724109489273788
13 7 -0.8087084493206277
14 7 1.936801913407989
15 7 -2.505462551964644
16 7 1.999764766724905
17 7 -0.8631789390159644
18 7 0.0001398956332081639
19 7 0.1790456353055864
20 7 -1.425961642524032e-05
21 7 -0.08008858178761134
22 7 -0.0001562500617491308
23 7 0.04689471120769947
24 7 0.00039457457595784
25 7 -0.03190146223440291
26 7 -0.0007397542505466234
27 7 0.02409731069977293
28 7 0.001265505290734661
29 7 -0.01989231886287289
30 7 -0.002135658919390288
31 7 0.01814828806842185
32 7 0.003844692818450823
33 7 -0.02125598421819637
0 8 1.270633960308652e-17
1 8 0.007460206664274762
2 8 -0.001373429090768988
3 8 -0.009870316904435319
4 8 0.0008060344305644654
5 8 0.01482548642022672
6 8 -0.0006670990512072931
7 8 -0.02279737299159105
8 8 0.0005913556614689529
9 8 0.03748049805392199
10 8 -0.0005333928245269739
11 8 -0.06988838883839549
12 8 0.000477934366098134
13 8 0.1679933091716479
14 8 -0.00041620600382703
15 8 -0.8631789390159896
16 8 2.061893372822229
17 8 -2.661662698633944
18 8 2.1210781738177
19 8 -0.9146024515026731
20 8 0.0001090857724447851
21 8 0.1897011396104255
22 8 7.646917460188489e-05
23 8 -0.08514339686056266
24 8 -0.0003429264442234543
25 8 0.05027327340553717
26 8 0.0007393538962926964
27 8 -0.03474988020530792
28 8 -0.001359446715637403
29 8 0.02701988916677357
30 8 0.002412883423876014
31 8 -0.02365382619885827
32 8 -0.004532937042202834
33 8 0.02686998909541836
0 9 7.668725885271808e-17
1 9 -0.006633492208422854
2 9 0.001603342648111975
3 9 0.007989350067265664
4 9 -0.0009528888520625762
5 9 -0.0114858869546935
6 9 0.0008002503753107052
7 9 0.01663413145561053
8 9 -0.0007218464330856127
9 9 -0.02506372629840217
10 9 0.0006652226017627057
11 9 0.0406539631217256
12 9 -0.0006128514105146522
13 9 -0.07505800165642683
14 9 0.0005547075089397573
15 9 0.1790456353056168
16 9 -0.0004819965946910157
17 9 -0.9146024515026689
18 9 2.17983387255188
19 9 -2.808946317614136
20 9 2.235820317411757
21 9 -0.9635995889547575
22 9 5.01011953781461e-05
23 9 0.2002022263633267
24 9 0.0002436639505666314
25 9 -0.0904726980428896
26 9 -0.0006958970489048065
27 9 0.05422887450693859
28 9 0.00142748934964834
29 9 -0.0385951280160348
30 9 -0.002712313048549539
31 9 0.03188390032669687
32 9 0.005381464055456957
33 9 -0.03478887502545583
0 10 -9.187423091385935e-17
1 10 0.006144442678545389
2 10 -0.001881495409828978
3 10 -0.006709320601587004
4 10 0.001132628075706736
5 10 0.009328517436092131
6 10 -0.000965293165222264
7 10 -0.0129291719889256
8 10 0.0008858715478843966
9 10 0.01834313830438002
10 10 -0.0008335582907089672
11 10 -0.02725747356468428
12 10 0.0007882598898106784
13 10 0.04374980422096343
14 10 -0.0007386151156210702
15 10 -0.08008858178764366
16 10 0.0006746471205804115
17 10 0.1897011396103938
18 10 -0.0005844572661611487
19 10 -0.963599588954717
20 10 2.291739042860046
21 10 -2.948475271944807
22 10 2.344959324977436
23 10 -1.010762816688715
24 10 -6.759693805837033e-05
25 10 0.2109172563720818
26 10 0.0005769802882196619
27 10 -0.09656344467693724
28 10 -0.001438210018473984
29 10 0.05955901811327294
30 10 0.003017965698981907
31 10 -0.04511882079065475
32 10 -0.006442197274038092
33 10 0.04655648020489679
0 11 7.967170611318553e-17
1 11 -0.005915424288700127
2 11 0.002226460508541856
3 11 0.005818454579958833
4 11 -0.001358032340644235
5 11 -0.007880971058158973
6 11 0.001174807789781622
7 11 0.01056399517403424
8 11 -0.001096938132420968
9 11 -0.01434237297469025
10 11 0.00105351079059812
11 11 0.02006294496004222
12 11 -0.001021507268007031
13 11 -0.02948845422310348
14 11 0.0009882250023754587
15 11 0.04689471120776113
16 11 -0.0009426180448317104
17 11 -0.08514339686048707
18 11 0.0008713196575391264
19 11 0.2002022263632175
20 11 -0.0007548394558764088
21 11 -1.010762816688644
22 11 2.398477438978512
23 11 -3.080969807727293
24 11 2.449252702744472
25 11 -1.056825538464111
26 11 -0.0003217200855200764
27 11 0.2225786362450682
28 11 0.00132623001751625
29 11 -0.1046068456154203
30 11 -0.003281842755622728
31 11 0.06875221883211872
32 11 0.00777787453820836
33 11 -0.06529578878717575
0 12 -4.097161547380161e-17
1 12 0.005918812689872878
2 12 -0.002669202298402883
3 12 -0.005200504723619694
4 12 0.001650373078199712
5 12 0.006899279202408362
6 12 -0.001449717019798257
7 12 -0.009011084190317481
8 12 0.001377519722429783
9 12 0.01183373067244704
10 12 -0.001350271710295799
11 12 -0.01584165867625506
12 12 0.001341629409747471
13 12 0.0219158235773651
14 12 -0.001337733367796356
15 12 -0.03190146223445281
16 12 0.001326931931741925
17 12 0.05027327340550734
18 12 -0.001295016577560736
19 12 -0.0904726980427093
20 12 0.001220499105632234
21 12 0.2109172563719124
22 12 -0.001066961923665625
23 12 -1.056825538463999
24 12 2.500767756954728
25 12 -3.206577154382794
26 12 2.549318401770624
27 12 -1.103079286384105
28 12 -0.0009480833699201127
29 12 0.2370828733895533
30 12 0.003369322570764637
31 12 -0.1185565520844563
32 12 -0.009436911977220252
33 12 0.0982166912490807
0 13 1.368927393316996e-17
1 13 -0.006175862535941983
2 13 0.003267412415869291
3 13 0.00479582112260601
4 13 -0.00204915201947774
5 13 -0.006257990597899327
6 13 0.001828772259800555
7 13 0.008008769555668189
8 13 -0.001769168086701866
9 13 -0.01025198879434015
10 13 0.001770398217305416
11 13 0.01328000472125122
12 13 -0.001802361086722511
13 13 -0.01758653876320235
14 13 0.001850666133060823
15 13 0.02409731069979958
16 13 -0.001904341052432226
17 13 -0.03474988020515442
18 13 0.00195024579508607
19 13 0.05422887450682476
20 13 -0.001967459276277046
21 13 -0.09656344467665311
22 13 0.001917713828477044
23 13 0.2225786362448205
24 13 -0.001725072175680802
25 13 -1.103079286383965
26 13 2.599303173893693
27 13 -3.324204532901998
28 13 2.645711657112365
29 13 -1.152886844230475
30 13 -0.002887080678421295
31 13 0.2613403265798973
32 13 0.01130975171568443
33 13 -0.1656382909079729
0 14 2.3171646684184e-17
1 14 0.006794166426897125
2 14 -0.004148770615309841
3 14 -0.004594342504565921
4 14 0.002641391291759821
5 14 0.005916390416173227
6 14 -0.002396974678296655
7 14 -0.007451421051789636
8 14 0.002362678605384686
9 14 0.009352204510732364
10 14 -0.002415316121550859
11 14 -0.01181711677306333
12 14 0.00252055959553814
13 14 0.01515440797435322
14 14 -0.002665197541214296
15 14 -0.01989231886324271
16 14 0.002842296934921129
17 14 0.02701988916654379
18 14 -0.003045116438619394
19 14 -0.03859512801571308
20 14 0.003261408037235055
21 14 0.05955901811302564
22 14 -0.003463174873077785
23 14 -0.1046068456150363
24 14 0.003582619126715343
25 14 0.2370828733892743
26 14 -0.003447552787186494
27 14 -1.152886844230346
28 14 2.695165147801319
29 14 -3.428357149006112
30 14 2.739143755907111
31 14 -1.220137543597853
32 14 -0.01229785282654235
33 14 0.3487834771838678
0 15 -3.274317852471333e-17
1 15 -0.008166299897074973
2 15 0.005699626103206108
3 15 0.004689983338916015
4 15 -0.003688956823561153
5 15 -0.005974902510597071
6 15 0.003408656427066667
7 15 0.007429727225501473
8 15 -0.003428161918052209
9 15 -0.009182693532903461
10 15 0.00358506379583507
11 15 0.01138569580644389
12 15 -0.003840109658789475
13 15 -0.01425801734736889
14 15 0.004186189415528611
15 15 0.0181482880690059
16 15 -0.004630167898128824
17 15 -0.02365382619900818
18 15 0.005188061314052535
19 15 0.03188390032662439
20 15 -0.005883401396115063
21 15 -0.04511882079088899
22 15 0.006744493563472495
23 15 0.06875221883224147
24 15 -0.007792698373787321
25 15 -0.1185565520844231
26 15 0.008993560868988731
27 15 0.2613403265800005
28 15 -0.01004631998829953
29 15 -1.220137543598073
30 15 2.793201176471
31 15 -3.485478448721901
32 15 2.832241781454101
33 15 -1.447458803224365
0 16 4.440770818309263e-17
1 16 0.01325457232713136
2 16 -0.01065247666083285
3 16 -0.006047198213273178
4 16 0.007032588326098862
5 16 0.00762423527968526
6 16 -0.006639762464698794
7 16 -0.009368439339738429
8 16 0.006838162734229615
9 16 0.01141996102291495
10 16 -0.00734336100535325
11 16 -0.01393092096352794
12 16 0.008106229526232094
13 16 0.01710703938671183
14 16 -0.009149649201973423
15 16 -0.02125598421758034
16 16 0.01054391359844148
17 16 0.02686998909704336
18 16 -0.01241481207235666
19 16 -0.03478887502796944
20 16 0.01497481399589041
21 16 0.04655648020736542
22 16 -0.01859211494447253
23 16 -0.06529578879004533
24 16 0.02394500338284333
25 16 0.09821669125195048
26 16 -0.03240243949593601
27 16 -0.1656382909105473
28 16 0.0471163398673789
29 16 0.34878347718638
30 16 -0.07696450378421241
31 16 -1.447458803226573
32 16 3.029875212541895
33 16 -2.632022613994972
