 primal error    adjoint error     min h    dofs primal   target error    predicted error 
5.5555e-02    - 6.2743e-01     - 5.0000e-02          20 3.5571e-04      -      8.8577e-04 
5.4310e-02 0.12 6.2901e-01 -0.01 2.5000e-02          24 4.6816e-04  -1.51      1.1293e-04 
5.4243e-02 0.02 6.3027e-01 -0.02 2.5000e-02          26 2.1501e-04   9.72      9.5826e-05 
5.4209e-02 0.01 6.3054e-01 -0.01 1.2500e-02          28 3.5894e-04  -6.92      4.2644e-05 
5.3701e-02 0.14 6.3058e-01 -0.00 1.2500e-02          30 2.5047e-04   5.21      7.0426e-05 
5.3610e-02 0.02 6.3087e-01 -0.00 1.2500e-02          33 3.9854e-04  -4.87      6.3959e-05 
5.3358e-02 0.05 6.3118e-01 -0.01 1.2500e-02          36 1.6138e-04  10.39      4.0864e-05 
5.1102e-02 0.54 6.3129e-01 -0.00 1.2500e-02          39 6.4952e-05  11.37      1.5009e-05 
5.1009e-02 0.04 6.3154e-01 -0.01 1.2500e-02          41 1.0671e-04  -9.93      3.6100e-05 
4.5213e-02 1.71 6.3168e-01 -0.00 1.2500e-02          44 4.7716e-05  11.40      2.2865e-05 
4.5123e-02 0.03 6.3173e-01 -0.00 6.2500e-03          47 9.8659e-05 -11.01      9.6717e-06 
4.3760e-02 0.74 6.3178e-01 -0.00 6.2500e-03          49 6.6376e-05   9.51      2.1992e-05 
4.3756e-02 0.00 6.3185e-01 -0.00 6.2500e-03          51 1.0040e-04 -10.34      1.7933e-05 
4.2772e-02 0.40 6.3191e-01 -0.00 6.2500e-03          54 5.3227e-05  11.10      2.0341e-05 
4.2760e-02 0.01 6.3199e-01 -0.00 6.2500e-03          57 9.3546e-05 -10.43      9.1226e-06 
4.2756e-02 0.00 6.3205e-01 -0.00 6.2500e-03          59 6.3828e-05  11.08      2.2980e-06 
4.2747e-02 0.01 6.3211e-01 -0.00 6.2500e-03          61 8.3392e-05  -8.02      1.7732e-05 
4.2643e-02 0.05 6.3213e-01 -0.00 6.2500e-03          64 5.1106e-05  10.20      5.9188e-06 
4.0874e-02 1.38 6.3214e-01 -0.00 6.2500e-03          66 6.0843e-05  -5.67      1.6747e-05 
4.0798e-02 0.04 6.3244e-01 -0.01 6.2500e-03          69 2.9134e-05  16.57      9.6441e-06 
4.0784e-02 0.01 6.3250e-01 -0.00 6.2500e-03          72 8.5443e-06  28.82      3.9638e-06 
3.9405e-02 1.26 6.3253e-01 -0.00 6.2500e-03          74 2.4968e-05 -39.14      3.3448e-06 
3.9404e-02 0.00 6.3254e-01 -0.00 3.1250e-03          76 1.7140e-05  14.11      4.0451e-06 
3.9381e-02 0.02 6.3254e-01 -0.00 3.1250e-03          78 2.5988e-05 -16.02      4.6011e-06 
