 primal error    adjoint error     min h    dofs primal   target error   predicted error 
5.5555e-02    - 6.0273e-01     - 5.0000e-02          20 4.5352e-03     -      1.5579e-01 
4.5223e-02 1.37 6.0293e-01 -0.00 2.5000e-02          27 4.6575e-03 -0.18      1.5568e-01 
4.2796e-02 0.38 6.0299e-01 -0.00 1.2500e-02          36 4.6797e-03 -0.03      1.5565e-01 
4.1699e-02 0.19 6.0295e-01  0.00 6.2500e-03          47 4.7018e-03 -0.04      1.5568e-01 
4.0620e-02 0.19 6.0405e-01 -0.01 6.2500e-03          62 3.9045e-03  1.34      1.5674e-01 
3.9170e-02 0.27 6.0558e-01 -0.02 3.1250e-03          81 2.7234e-03  2.70      1.5839e-01 
3.9038e-02 0.03 6.0558e-01 -0.00 3.1250e-03         106 2.7248e-03 -0.00      1.5839e-01 
3.8720e-02 0.06 6.0679e-01 -0.02 3.1250e-03         138 1.9871e-03  2.39      1.5978e-01 
3.8584e-02 0.03 6.0695e-01 -0.00 1.5625e-03         180 1.8169e-03  0.67      1.6008e-01 
3.6937e-02 0.33 6.0714e-01 -0.00 1.5625e-03         235 1.3634e-03  2.15      1.6129e-01 
3.6876e-02 0.01 6.0758e-01 -0.01 7.8125e-04         306 1.0760e-03  1.79      1.6173e-01 
3.4795e-02 0.44 6.0758e-01  0.00 7.8125e-04         398 9.5096e-04  0.94      1.6239e-01 
3.4367e-02 0.09 6.0794e-01 -0.00 7.8125e-04         518 6.3483e-04  3.07      1.6314e-01 
3.4340e-02 0.01 6.0805e-01 -0.00 3.9062e-04         674 5.4630e-04  1.14      1.6331e-01 
