0.0050000000000000	0.5000000000000000	0.0000638946370993
0.0150000000000000	0.5000000000000000	-0.0001032326300537
0.0250000000000000	0.5000000000000000	-0.0000957037993712
0.0350000000000000	0.5000000000000000	-0.0000886926192692
0.0450000000000000	0.5000000000000000	-0.0000821635479523
0.0550000000000000	0.5000000000000000	-0.0000760835114857
0.0650000000000000	0.5000000000000000	-0.0000704217319969
0.0750000000000000	0.5000000000000000	-0.0000651495679856
0.0850000000000000	0.5000000000000000	-0.0000602403658910
0.0950000000000000	0.5000000000000000	-0.0000556693221243
0.1050000000000000	0.5000000000000000	-0.0000514133548318
0.1150000000000000	0.5000000000000000	-0.0000474509847053
0.1250000000000000	0.5000000000000000	-0.0000437622242048
0.1350000000000000	0.5000000000000000	-0.0000403284746054
0.1450000000000000	0.5000000000000000	-0.0000371324303200
0.1550000000000000	0.5000000000000000	-0.0000341579899889
0.1650000000000000	0.5000000000000000	-0.0000313901738654
0.1750000000000000	0.5000000000000000	-0.0000288150470580
0.1850000000000000	0.5000000000000000	-0.0000264196482212
0.1950000000000000	0.5000000000000000	-0.0000241919233192
0.2050000000000000	0.5000000000000000	-0.0000221206641085
0.2150000000000000	0.5000000000000000	-0.0000201954510162
0.2250000000000000	0.5000000000000000	-0.0000184066001098
0.2350000000000000	0.5000000000000000	-0.0000167451138795
0.2450000000000000	0.5000000000000000	-0.0000152026355719
0.2550000000000000	0.5000000000000000	-0.0000137714068342
0.2650000000000000	0.5000000000000000	-0.0000124442284453
0.2750000000000000	0.5000000000000000	-0.0000112144239268
0.2850000000000000	0.5000000000000000	-0.0000100758058423
0.2950000000000000	0.5000000000000000	-0.0000090226446060
0.3050000000000000	0.5000000000000000	-0.0000080496396392
0.3150000000000000	0.5000000000000000	-0.0000071518927202
0.3250000000000000	0.5000000000000000	-0.0000063248833890
0.3350000000000000	0.5000000000000000	-0.0000055644462772
0.3450000000000000	0.5000000000000000	-0.0000048667502446
0.3550000000000000	0.5000000000000000	-0.0000042282792118
0.3650000000000000	0.5000000000000000	-0.0000036458145903
0.3750000000000000	0.5000000000000000	-0.0000031164192157
0.3850000000000000	0.5000000000000000	-0.0000026374227024
0.3950000000000000	0.5000000000000000	-0.0000022064081407
0.4050000000000000	0.5000000000000000	-0.0000018212000687
0.4150000000000000	0.5000000000000000	-0.0000014798536554
0.4250000000000000	0.5000000000000000	-0.0000011806450384
0.4350000000000000	0.5000000000000000	-0.0000009220627655
0.4450000000000000	0.5000000000000000	-0.0000007028002967
0.4550000000000000	0.5000000000000000	-0.0000005217495265
0.4650000000000000	0.5000000000000000	-0.0000003779952922
0.4750000000000000	0.5000000000000000	-0.0000002708108418
0.4850000000000000	0.5000000000000000	-0.0000001996542355
0.4950000000000000	0.5000000000000000	-0.0000001641656628
0.5050000000000000	0.5000000000000000	-0.0000001641656628
0.5150000000000000	0.5000000000000000	-0.0000001996542355
0.5250000000000000	0.5000000000000000	-0.0000002708108418
0.5350000000000000	0.5000000000000000	-0.0000003779952922
0.5450000000000000	0.5000000000000000	-0.0000005217495265
0.5550000000000000	0.5000000000000000	-0.0000007028002968
0.5650000000000001	0.5000000000000000	-0.0000009220627655
0.5750000000000000	0.5000000000000000	-0.0000011806450384
0.5850000000000000	0.5000000000000000	-0.0000014798536554
0.5950000000000000	0.5000000000000000	-0.0000018212000687
0.6050000000000000	0.5000000000000000	-0.0000022064081407
0.6150000000000000	0.5000000000000000	-0.0000026374227024
0.6250000000000000	0.5000000000000000	-0.0000031164192157
0.6350000000000000	0.5000000000000000	-0.0000036458145903
0.6450000000000000	0.5000000000000000	-0.0000042282792118
0.6550000000000000	0.5000000000000000	-0.0000048667502446
0.6650000000000000	0.5000000000000000	-0.0000055644462772
0.6750000000000000	0.5000000000000000	-0.0000063248833890
0.6850000000000001	0.5000000000000000	-0.0000071518927202
0.6950000000000001	0.5000000000000000	-0.0000080496396392
0.7050000000000001	0.5000000000000000	-0.0000090226446060
0.7149999999999999	0.5000000000000000	-0.0000100758058423
0.7250000000000000	0.5000000000000000	-0.0000112144239268
0.7350000000000001	0.5000000000000000	-0.0000124442284453
0.7450000000000000	0.5000000000000000	-0.0000137714068342
0.7549999999999999	0.5000000000000000	-0.0000152026355719
0.7650000000000000	0.5000000000000000	-0.0000167451138795
0.7750000000000001	0.5000000000000000	-0.0000184066001098
0.7850000000000000	0.5000000000000000	-0.0000201954510162
0.7949999999999999	0.5000000000000000	-0.0000221206641085
0.8050000000000000	0.5000000000000000	-0.0000241919233192
0.8150000000000002	0.5000000000000000	-0.0000264196482212
0.8250000000000001	0.5000000000000000	-0.0000288150470579
0.8350000000000000	0.5000000000000000	-0.0000313901738654
0.8450000000000000	0.5000000000000000	-0.0000341579899889
0.8550000000000000	0.5000000000000000	-0.0000371324303200
0.8650000000000000	0.5000000000000000	-0.0000403284746054
0.8750000000000000	0.5000000000000000	-0.0000437622242048
0.8850000000000000	0.5000000000000000	-0.0000474509847053
0.8950000000000000	0.5000000000000000	-0.0000514133548319
0.9050000000000000	0.5000000000000000	-0.0000556693221243
0.9150000000000000	0.5000000000000000	-0.0000602403658910
0.9250000000000000	0.5000000000000000	-0.0000651495679856
0.9350000000000001	0.5000000000000000	-0.0000704217319969
0.9450000000000001	0.5000000000000000	-0.0000760835114857
0.9550000000000001	0.5000000000000000	-0.0000821635479522
0.9649999999999999	0.5000000000000000	-0.0000886926192692
0.9750000000000000	0.5000000000000000	-0.0000957037993712
0.9850000000000001	0.5000000000000000	-0.0001032326300537
0.9950000000000000	0.5000000000000000	0.0000638946370992
