0.160566	0.021132	-0.002304
0.189434	0.021132	-0.002302
0.160566	0.078868	-0.002122
0.189434	0.078868	-0.002121
0.160566	0.121132	-0.001990
0.189434	0.121132	-0.001988
0.160566	0.178868	-0.001808
0.189434	0.178868	-0.001807
0.360566	0.021132	0.074110
0.389434	0.021132	0.105168
0.360566	0.078868	0.090931
0.389434	0.078868	0.136585
0.710566	0.021132	0.017621
0.739434	0.021132	0.011021
0.710566	0.078868	0.017621
0.739434	0.078868	0.011021
0.710566	0.121132	0.017621
0.739434	0.121132	0.011021
0.710566	0.178868	0.017621
0.739434	0.178868	0.011021
0.910566	0.021132	0.000000
0.939434	0.021132	0.000000
0.910566	0.078868	0.000000
0.939434	0.078868	0.000000
0.910566	0.121132	0.000000
0.939434	0.121132	0.000000
0.910566	0.178868	0.000000
0.939434	0.178868	0.000000
0.110566	0.221132	0.004482
0.139434	0.221132	0.004483
0.110566	0.278868	0.003414
0.139434	0.278868	0.003416
0.160566	0.221132	0.004484
0.189434	0.221132	0.004485
0.160566	0.278868	0.003417
0.189434	0.278868	0.003418
0.110566	0.321132	0.002633
0.139434	0.321132	0.002634
0.110566	0.378868	0.001566
0.139434	0.378868	0.001567
0.160566	0.321132	0.002635
0.189434	0.321132	0.002636
0.160566	0.378868	0.001568
0.189434	0.378868	0.001569
0.210566	0.221132	0.004438
0.239434	0.221132	0.005057
0.210566	0.278868	0.003371
0.239434	0.278868	0.003990
0.260566	0.221132	0.005510
0.289434	0.221132	0.006129
0.260566	0.278868	0.004443
0.289434	0.278868	0.005061
0.210566	0.321132	0.002589
0.239434	0.321132	0.003208
0.210566	0.378868	0.001522
0.239434	0.378868	0.002141
0.260566	0.321132	0.003661
0.289434	0.321132	0.004280
0.260566	0.378868	0.002594
0.289434	0.378868	0.003212
0.310566	0.221132	0.014599
0.339434	0.221132	0.046908
0.310566	0.278868	0.004822
0.339434	0.278868	0.051762
0.360566	0.221132	0.070560
0.389434	0.221132	0.102869
0.360566	0.278868	0.086125
0.389434	0.278868	0.133066
0.310566	0.321132	-0.002336
0.339434	0.321132	0.055316
0.310566	0.378868	-0.012114
0.339434	0.378868	0.060169
0.760566	0.221132	0.004332
0.789434	0.221132	-0.001216
0.760566	0.278868	0.005154
0.789434	0.278868	-0.000639
0.710566	0.321132	0.016102
0.739434	0.321132	0.010129
0.710566	0.378868	0.017351
0.739434	0.378868	0.011132
0.760566	0.321132	0.005757
0.789434	0.321132	-0.000217
0.760566	0.378868	0.006579
0.789434	0.378868	0.000361
0.960566	0.221132	0.000000
0.989434	0.221132	-0.000000
0.960566	0.278868	0.000000
0.989434	0.278868	-0.000000
0.960566	0.321132	0.000000
0.989434	0.321132	-0.000000
0.960566	0.378868	0.000000
0.989434	0.378868	-0.000000
0.160566	0.421132	-0.001291
0.189434	0.421132	-0.001289
0.160566	0.478868	-0.001291
0.189434	0.478868	-0.001289
0.160566	0.521132	-0.001291
0.189434	0.521132	-0.001289
0.160566	0.578868	-0.001291
0.189434	0.578868	-0.001289
0.210566	0.421132	-0.002153
0.239434	0.421132	-0.000165
0.210566	0.478868	-0.002153
0.239434	0.478868	-0.000165
0.210566	0.521132	-0.002153
0.239434	0.521132	-0.000165
0.210566	0.578868	-0.002153
0.239434	0.578868	-0.000165
0.710566	0.421132	0.017621
0.739434	0.421132	0.011021
0.710566	0.478868	0.017621
0.739434	0.478868	0.011021
0.710566	0.521132	0.017621
0.739434	0.521132	0.011021
0.710566	0.578868	0.017621
0.739434	0.578868	0.011021
0.910566	0.421132	0.000000
0.939434	0.421132	0.000000
0.910566	0.478868	0.000000
0.939434	0.478868	0.000000
0.960566	0.421132	0.000000
0.989434	0.421132	-0.000000
0.960566	0.478868	0.000000
0.989434	0.478868	-0.000000
0.910566	0.521132	0.000000
0.939434	0.521132	0.000000
0.910566	0.578868	0.000000
0.939434	0.578868	0.000000
0.960566	0.521132	0.000000
0.989434	0.521132	-0.000000
0.960566	0.578868	0.000000
0.989434	0.578868	-0.000000
0.010566	0.621132	0.001621
0.039434	0.621132	0.001621
0.010566	0.678868	0.001621
0.039434	0.678868	0.001621
0.060566	0.621132	0.001621
0.089434	0.621132	0.001621
0.060566	0.678868	0.001621
0.089434	0.678868	0.001621
0.010566	0.721132	0.001621
0.039434	0.721132	0.001621
0.010566	0.778868	0.001621
0.039434	0.778868	0.001621
0.060566	0.721132	0.001621
0.089434	0.721132	0.001621
0.060566	0.778868	0.001621
0.089434	0.778868	0.001621
0.110566	0.621132	0.001621
0.139434	0.621132	0.001622
0.110566	0.678868	0.001621
0.139434	0.678868	0.001622
0.160566	0.621132	0.001623
0.189434	0.621132	0.001624
0.160566	0.678868	0.001623
0.189434	0.678868	0.001624
0.110566	0.721132	0.001621
0.139434	0.721132	0.001622
0.110566	0.778868	0.001621
0.139434	0.778868	0.001622
0.160566	0.721132	0.001623
0.189434	0.721132	0.001624
0.160566	0.778868	0.001623
0.189434	0.778868	0.001624
0.210566	0.621132	0.001577
0.239434	0.621132	0.002196
0.210566	0.678868	0.001577
0.239434	0.678868	0.002196
0.260566	0.621132	0.002649
0.289434	0.621132	0.003267
0.260566	0.678868	0.002649
0.289434	0.678868	0.003267
0.210566	0.721132	0.001577
0.239434	0.721132	0.002196
0.210566	0.778868	0.001577
0.239434	0.778868	0.002196
0.260566	0.721132	0.002649
0.289434	0.721132	0.003267
0.260566	0.778868	0.002649
0.289434	0.778868	0.003267
0.760566	0.621132	0.004506
0.789434	0.621132	-0.001094
0.760566	0.678868	0.004506
0.789434	0.678868	-0.001094
0.760566	0.721132	0.004506
0.789434	0.721132	-0.001094
0.760566	0.778868	0.004506
0.789434	0.778868	-0.001094
0.960566	0.621132	0.000000
0.989434	0.621132	-0.000000
0.960566	0.678868	0.000000
0.989434	0.678868	-0.000000
0.960566	0.721132	0.000000
0.989434	0.721132	-0.000000
0.960566	0.778868	0.000000
0.989434	0.778868	-0.000000
0.010566	0.821132	0.000120
0.039434	0.821132	0.000120
0.010566	0.878868	-0.000571
0.039434	0.878868	-0.000571
0.010566	0.921132	-0.001076
0.039434	0.921132	-0.001076
0.010566	0.978868	-0.001767
0.039434	0.978868	-0.001767
0.210566	0.821132	-0.000714
0.239434	0.821132	0.001274
0.210566	0.878868	-0.001405
0.239434	0.878868	0.000583
0.210566	0.921132	-0.001910
0.239434	0.921132	0.000078
0.210566	0.978868	-0.002601
0.239434	0.978868	-0.000613
0.760566	0.821132	0.004306
0.789434	0.821132	-0.001242
0.760566	0.878868	0.005128
0.789434	0.878868	-0.000665
0.710566	0.921132	0.016077
0.739434	0.921132	0.010103
0.710566	0.978868	0.017325
0.739434	0.978868	0.011106
0.760566	0.921132	0.005731
0.789434	0.921132	-0.000242
0.760566	0.978868	0.006553
0.789434	0.978868	0.000335
0.810566	0.821132	0.000095
0.839434	0.821132	0.000058
0.810566	0.878868	0.000095
0.839434	0.878868	0.000058
0.860566	0.821132	0.000032
0.889434	0.821132	-0.000005
0.860566	0.878868	0.000032
0.889434	0.878868	-0.000005
0.810566	0.921132	0.000095
0.839434	0.921132	0.000058
0.810566	0.978868	0.000095
0.839434	0.978868	0.000058
0.860566	0.921132	0.000032
0.889434	0.921132	-0.000005
0.860566	0.978868	0.000032
0.889434	0.978868	-0.000005
0.910566	0.821132	0.000000
0.939434	0.821132	0.000000
0.910566	0.878868	0.000000
0.939434	0.878868	0.000000
0.960566	0.821132	0.000000
0.989434	0.821132	-0.000000
0.960566	0.878868	0.000000
0.989434	0.878868	-0.000000
0.910566	0.921132	0.000000
0.939434	0.921132	0.000000
0.910566	0.978868	0.000000
0.939434	0.978868	0.000000
0.960566	0.921132	0.000000
0.989434	0.921132	-0.000000
0.960566	0.978868	0.000000
0.989434	0.978868	-0.000000
0.405283	0.010566	0.344519
0.419717	0.010566	0.432619
0.405283	0.039434	0.344560
0.419717	0.039434	0.432659
0.430283	0.010566	0.497112
0.444717	0.010566	0.585211
0.430283	0.039434	0.497152
0.444717	0.039434	0.585251
0.405283	0.060566	0.344589
0.419717	0.060566	0.432688
0.405283	0.089434	0.344629
0.419717	0.089434	0.432728
0.430283	0.060566	0.497181
0.444717	0.060566	0.585281
0.430283	0.089434	0.497222
0.444717	0.089434	0.585321
0.455283	0.010566	0.751069
0.469717	0.010566	0.837268
0.455283	0.039434	0.766739
0.469717	0.039434	0.848381
0.405283	0.160566	0.338040
0.419717	0.160566	0.457163
0.405283	0.189434	0.321469
0.419717	0.189434	0.445372
0.455283	0.110566	0.748100
0.469717	0.110566	0.834425
0.455283	0.139434	0.764720
0.469717	0.139434	0.846420
0.505283	0.060566	1.017911
0.519717	0.060566	0.968937
0.505283	0.089434	1.019914
0.519717	0.089434	0.970077
0.555283	0.010566	0.803085
0.569717	0.010566	0.710437
0.555283	0.039434	0.784341
0.569717	0.039434	0.696841
0.580283	0.010566	0.642615
0.594717	0.010566	0.549967
0.580283	0.039434	0.632786
0.594717	0.039434	0.545285
0.580283	0.060566	0.625590
0.594717	0.060566	0.541857
0.580283	0.089434	0.615761
0.594717	0.089434	0.537175
0.580283	0.110566	0.617816
0.594717	0.110566	0.538142
0.580283	0.139434	0.617816
0.594717	0.139434	0.538142
0.580283	0.160566	0.617816
0.594717	0.160566	0.538142
0.580283	0.189434	0.617816
0.594717	0.189434	0.538142
0.680283	0.010566	0.056104
0.694717	0.010566	0.034787
0.680283	0.039434	0.059125
0.694717	0.039434	0.036311
0.655283	0.060566	0.102750
0.669717	0.060566	0.078840
0.655283	0.089434	0.108364
0.669717	0.089434	0.082957
0.680283	0.060566	0.061337
0.694717	0.060566	0.037427
0.680283	0.089434	0.064358
0.694717	0.089434	0.038951
0.605283	0.110566	0.378851
0.619717	0.110566	0.310150
0.605283	0.139434	0.378851
0.619717	0.139434	0.310150
0.630283	0.110566	0.259856
0.644717	0.110566	0.191154
0.630283	0.139434	0.259856
0.644717	0.139434	0.191154
0.605283	0.160566	0.378851
0.619717	0.160566	0.310150
0.605283	0.189434	0.378851
0.619717	0.189434	0.310150
0.630283	0.160566	0.259856
0.644717	0.160566	0.191154
0.630283	0.189434	0.259856
0.644717	0.189434	0.191154
0.655283	0.110566	0.107178
0.669717	0.110566	0.082087
0.655283	0.139434	0.107178
0.669717	0.139434	0.082087
0.680283	0.110566	0.063719
0.694717	0.110566	0.038629
0.680283	0.139434	0.063719
0.694717	0.139434	0.038629
0.655283	0.160566	0.107178
0.669717	0.160566	0.082087
0.655283	0.189434	0.107178
0.669717	0.189434	0.082087
0.680283	0.160566	0.063719
0.694717	0.160566	0.038629
0.680283	0.189434	0.063719
0.694717	0.189434	0.038629
0.405283	0.210566	0.344599
0.419717	0.210566	0.432698
0.405283	0.239434	0.345082
0.419717	0.239434	0.433182
0.430283	0.210566	0.497210
0.444717	0.210566	0.585309
0.430283	0.239434	0.497669
0.444717	0.239434	0.585768
0.405283	0.260566	0.345437
0.419717	0.260566	0.433536
0.405283	0.289434	0.345920
0.419717	0.289434	0.434020
0.430283	0.260566	0.498029
0.444717	0.260566	0.586128
0.430283	0.289434	0.498513
0.444717	0.289434	0.586612
0.455283	0.210566	0.763214
0.469717	0.210566	0.833753
0.455283	0.239434	0.763698
0.469717	0.239434	0.834237
0.480283	0.210566	0.885378
0.494717	0.210566	0.955917
0.480283	0.239434	0.885869
0.494717	0.239434	0.956408
0.455283	0.260566	0.764052
0.469717	0.260566	0.834591
0.455283	0.289434	0.764536
0.469717	0.289434	0.835075
0.480283	0.260566	0.886229
0.494717	0.260566	0.956768
0.480283	0.289434	0.886713
0.494717	0.289434	0.957252
0.405283	0.310566	0.339243
0.419717	0.310566	0.428352
0.405283	0.339434	0.356379
0.419717	0.339434	0.440708
0.430283	0.310566	0.493585
0.444717	0.310566	0.582694
0.430283	0.339434	0.502441
0.444717	0.339434	0.586770
0.430283	0.360566	0.508679
0.444717	0.360566	0.589916
0.430283	0.389434	0.517667
0.444717	0.389434	0.593777
0.455283	0.310566	0.752755
0.469717	0.310566	0.837991
0.455283	0.339434	0.752573
0.469717	0.339434	0.837810
0.455283	0.360566	0.752440
0.469717	0.360566	0.837677
0.455283	0.389434	0.752259
0.469717	0.389434	0.837495
0.505283	0.210566	1.008758
0.519717	0.210566	0.981932
0.505283	0.239434	1.006532
0.519717	0.239434	0.980569
0.530283	0.210566	0.962294
0.544717	0.210566	0.935467
0.530283	0.239434	0.961562
0.544717	0.239434	0.935599
0.530283	0.260566	0.961027
0.544717	0.260566	0.935695
0.530283	0.289434	0.960296
0.544717	0.289434	0.935827
0.555283	0.260566	0.805119
0.569717	0.260566	0.683528
0.555283	0.289434	0.823639
0.569717	0.289434	0.696902
0.505283	0.310566	1.006350
0.519717	0.310566	0.979524
0.505283	0.339434	1.003459
0.519717	0.339434	0.977496
0.530283	0.310566	0.959886
0.544717	0.310566	0.933060
0.530283	0.339434	0.958489
0.544717	0.339434	0.932526
0.530283	0.360566	0.957467
0.544717	0.360566	0.932136
0.530283	0.389434	0.956071
0.544717	0.389434	0.931602
0.630283	0.210566	0.243957
0.644717	0.210566	0.184681
0.630283	0.239434	0.243957
0.644717	0.239434	0.184681
0.630283	0.260566	0.243957
0.644717	0.260566	0.184681
0.630283	0.289434	0.243957
0.644717	0.289434	0.184681
0.630283	0.310566	0.239746
0.644717	0.310566	0.181332
0.630283	0.339434	0.247615
0.644717	0.339434	0.185119
0.605283	0.360566	0.366795
0.619717	0.360566	0.301312
0.605283	0.389434	0.381732
0.619717	0.389434	0.312168
0.630283	0.360566	0.253375
0.644717	0.360566	0.187891
0.630283	0.389434	0.261243
0.644717	0.389434	0.191678
0.655283	0.310566	0.106902
0.669717	0.310566	0.081811
0.655283	0.339434	0.106902
0.669717	0.339434	0.081811
0.680283	0.310566	0.063443
0.694717	0.310566	0.038352
0.680283	0.339434	0.063443
0.694717	0.339434	0.038352
0.655283	0.360566	0.106902
0.669717	0.360566	0.081811
0.655283	0.389434	0.106902
0.669717	0.389434	0.081811
0.680283	0.360566	0.063443
0.694717	0.360566	0.038352
0.680283	0.389434	0.063443
0.694717	0.389434	0.038352
0.405283	0.410566	0.345715
0.419717	0.410566	0.433815
0.405283	0.439434	0.345715
0.419717	0.439434	0.433815
0.430283	0.410566	0.498308
0.444717	0.410566	0.586407
0.430283	0.439434	0.498308
0.444717	0.439434	0.586407
0.405283	0.460566	0.345715
0.419717	0.460566	0.433815
0.405283	0.489434	0.345715
0.419717	0.489434	0.433815
0.430283	0.460566	0.498308
0.444717	0.460566	0.586407
0.430283	0.489434	0.498308
0.444717	0.489434	0.586407
0.455283	0.410566	0.764331
0.469717	0.410566	0.834870
0.455283	0.439434	0.764331
0.469717	0.439434	0.834870
0.480283	0.410566	0.886508
0.494717	0.410566	0.957047
0.480283	0.439434	0.886508
0.494717	0.439434	0.957047
0.455283	0.460566	0.764331
0.469717	0.460566	0.834870
0.455283	0.489434	0.764331
0.469717	0.489434	0.834870
0.480283	0.460566	0.886508
0.494717	0.460566	0.957047
0.480283	0.489434	0.886508
0.494717	0.489434	0.957047
0.405283	0.510566	0.345715
0.419717	0.510566	0.433815
0.405283	0.539434	0.345715
0.419717	0.539434	0.433815
0.430283	0.510566	0.498308
0.444717	0.510566	0.586407
0.430283	0.539434	0.498308
0.444717	0.539434	0.586407
0.405283	0.560566	0.345715
0.419717	0.560566	0.433815
0.405283	0.589434	0.345715
0.419717	0.589434	0.433815
0.430283	0.560566	0.498308
0.444717	0.560566	0.586407
0.430283	0.589434	0.498308
0.444717	0.589434	0.586407
0.455283	0.510566	0.764331
0.469717	0.510566	0.834870
0.455283	0.539434	0.764331
0.469717	0.539434	0.834870
0.480283	0.510566	0.886508
0.494717	0.510566	0.957047
0.480283	0.539434	0.886508
0.494717	0.539434	0.957047
0.455283	0.560566	0.764331
0.469717	0.560566	0.834870
0.455283	0.589434	0.764331
0.469717	0.589434	0.834870
0.480283	0.560566	0.886508
0.494717	0.560566	0.957047
0.480283	0.589434	0.886508
0.494717	0.589434	0.957047
0.505283	0.410566	1.009302
0.519717	0.410566	0.982658
0.505283	0.439434	1.009302
0.519717	0.439434	0.982658
0.530283	0.410566	0.963154
0.544717	0.410566	0.936510
0.530283	0.439434	0.963154
0.544717	0.439434	0.936510
0.505283	0.460566	1.009302
0.519717	0.460566	0.982658
0.505283	0.489434	1.009302
0.519717	0.489434	0.982658
0.530283	0.460566	0.963154
0.544717	0.460566	0.936510
0.530283	0.489434	0.963154
0.544717	0.489434	0.936510
0.555283	0.410566	0.798586
0.569717	0.410566	0.707027
0.555283	0.439434	0.798586
0.569717	0.439434	0.707027
0.580283	0.410566	0.640000
0.594717	0.410566	0.548441
0.580283	0.439434	0.640000
0.594717	0.439434	0.548441
0.555283	0.460566	0.798586
0.569717	0.460566	0.707027
0.555283	0.489434	0.798586
0.569717	0.489434	0.707027
0.580283	0.460566	0.640000
0.594717	0.460566	0.548441
0.580283	0.489434	0.640000
0.594717	0.489434	0.548441
0.505283	0.510566	1.009302
0.519717	0.510566	0.982658
0.505283	0.539434	1.009302
0.519717	0.539434	0.982658
0.530283	0.510566	0.963154
0.544717	0.510566	0.936510
0.530283	0.539434	0.963154
0.544717	0.539434	0.936510
0.505283	0.560566	1.009302
0.519717	0.560566	0.982658
0.505283	0.589434	1.009302
0.519717	0.589434	0.982658
0.530283	0.560566	0.963154
0.544717	0.560566	0.936510
0.530283	0.589434	0.963154
0.544717	0.589434	0.936510
0.555283	0.510566	0.798586
0.569717	0.510566	0.707027
0.555283	0.539434	0.798586
0.569717	0.539434	0.707027
0.580283	0.510566	0.640000
0.594717	0.510566	0.548441
0.580283	0.539434	0.640000
0.594717	0.539434	0.548441
0.555283	0.560566	0.798586
0.569717	0.560566	0.707027
0.555283	0.589434	0.798586
0.569717	0.589434	0.707027
0.580283	0.560566	0.640000
0.594717	0.560566	0.548441
0.580283	0.589434	0.640000
0.594717	0.589434	0.548441
0.605283	0.410566	0.378851
0.619717	0.410566	0.310150
0.605283	0.439434	0.378851
0.619717	0.439434	0.310150
0.630283	0.410566	0.259856
0.644717	0.410566	0.191154
0.630283	0.439434	0.259856
0.644717	0.439434	0.191154
0.605283	0.460566	0.378851
0.619717	0.460566	0.310150
0.605283	0.489434	0.378851
0.619717	0.489434	0.310150
0.630283	0.460566	0.259856
0.644717	0.460566	0.191154
0.630283	0.489434	0.259856
0.644717	0.489434	0.191154
0.655283	0.410566	0.107178
0.669717	0.410566	0.082087
0.655283	0.439434	0.107178
0.669717	0.439434	0.082087
0.680283	0.410566	0.063719
0.694717	0.410566	0.038629
0.680283	0.439434	0.063719
0.694717	0.439434	0.038629
0.655283	0.460566	0.107178
0.669717	0.460566	0.082087
0.655283	0.489434	0.107178
0.669717	0.489434	0.082087
0.680283	0.460566	0.063719
0.694717	0.460566	0.038629
0.680283	0.489434	0.063719
0.694717	0.489434	0.038629
0.605283	0.510566	0.378851
0.619717	0.510566	0.310150
0.605283	0.539434	0.378851
0.619717	0.539434	0.310150
0.630283	0.510566	0.259856
0.644717	0.510566	0.191154
0.630283	0.539434	0.259856
0.644717	0.539434	0.191154
0.605283	0.560566	0.378851
0.619717	0.560566	0.310150
0.605283	0.589434	0.378851
0.619717	0.589434	0.310150
0.630283	0.560566	0.259856
0.644717	0.560566	0.191154
0.630283	0.589434	0.259856
0.644717	0.589434	0.191154
0.655283	0.510566	0.107178
0.669717	0.510566	0.082087
0.655283	0.539434	0.107178
0.669717	0.539434	0.082087
0.680283	0.510566	0.063719
0.694717	0.510566	0.038629
0.680283	0.539434	0.063719
0.694717	0.539434	0.038629
0.655283	0.560566	0.107178
0.669717	0.560566	0.082087
0.655283	0.589434	0.107178
0.669717	0.589434	0.082087
0.680283	0.560566	0.063719
0.694717	0.560566	0.038629
0.680283	0.589434	0.063719
0.694717	0.589434	0.038629
0.405283	0.610566	0.347034
0.419717	0.610566	0.435134
0.405283	0.639434	0.347034
0.419717	0.639434	0.435134
0.430283	0.610566	0.499627
0.444717	0.610566	0.587726
0.430283	0.639434	0.499627
0.444717	0.639434	0.587726
0.405283	0.660566	0.347034
0.419717	0.660566	0.435134
0.405283	0.689434	0.347034
0.419717	0.689434	0.435134
0.430283	0.660566	0.499627
0.444717	0.660566	0.587726
0.430283	0.689434	0.499627
0.444717	0.689434	0.587726
0.455283	0.610566	0.765650
0.469717	0.610566	0.836189
0.455283	0.639434	0.765650
0.469717	0.639434	0.836189
0.480283	0.610566	0.887827
0.494717	0.610566	0.958366
0.480283	0.639434	0.887827
0.494717	0.639434	0.958366
0.455283	0.660566	0.765650
0.469717	0.660566	0.836189
0.455283	0.689434	0.765650
0.469717	0.689434	0.836189
0.480283	0.660566	0.887827
0.494717	0.660566	0.958366
0.480283	0.689434	0.887827
0.494717	0.689434	0.958366
0.405283	0.710566	0.347034
0.419717	0.710566	0.435134
0.405283	0.739434	0.347034
0.419717	0.739434	0.435134
0.430283	0.710566	0.499627
0.444717	0.710566	0.587726
0.430283	0.739434	0.499627
0.444717	0.739434	0.587726
0.405283	0.760566	0.347034
0.419717	0.760566	0.435134
0.405283	0.789434	0.347034
0.419717	0.789434	0.435134
0.430283	0.760566	0.499627
0.444717	0.760566	0.587726
0.430283	0.789434	0.499627
0.444717	0.789434	0.587726
0.455283	0.710566	0.765650
0.469717	0.710566	0.836189
0.455283	0.739434	0.765650
0.469717	0.739434	0.836189
0.480283	0.710566	0.887827
0.494717	0.710566	0.958366
0.480283	0.739434	0.887827
0.494717	0.739434	0.958366
0.455283	0.760566	0.765650
0.469717	0.760566	0.836189
0.455283	0.789434	0.765650
0.469717	0.789434	0.836189
0.480283	0.760566	0.887827
0.494717	0.760566	0.958366
0.480283	0.789434	0.887827
0.494717	0.789434	0.958366
0.505283	0.610566	1.010621
0.519717	0.610566	0.983977
0.505283	0.639434	1.010621
0.519717	0.639434	0.983977
0.530283	0.610566	0.964472
0.544717	0.610566	0.937829
0.530283	0.639434	0.964472
0.544717	0.639434	0.937829
0.505283	0.660566	1.010621
0.519717	0.660566	0.983977
0.505283	0.689434	1.010621
0.519717	0.689434	0.983977
0.530283	0.660566	0.964472
0.544717	0.660566	0.937829
0.530283	0.689434	0.964472
0.544717	0.689434	0.937829
0.555283	0.610566	0.799905
0.569717	0.610566	0.708345
0.555283	0.639434	0.799905
0.569717	0.639434	0.708345
0.580283	0.610566	0.641319
0.594717	0.610566	0.549759
0.580283	0.639434	0.641319
0.594717	0.639434	0.549759
0.555283	0.660566	0.799905
0.569717	0.660566	0.708345
0.555283	0.689434	0.799905
0.569717	0.689434	0.708345
0.580283	0.660566	0.641319
0.594717	0.660566	0.549759
0.580283	0.689434	0.641319
0.594717	0.689434	0.549759
0.505283	0.710566	1.010621
0.519717	0.710566	0.983977
0.505283	0.739434	1.010621
0.519717	0.739434	0.983977
0.530283	0.710566	0.964472
0.544717	0.710566	0.937829
0.530283	0.739434	0.964472
0.544717	0.739434	0.937829
0.505283	0.760566	1.010621
0.519717	0.760566	0.983977
0.505283	0.789434	1.010621
0.519717	0.789434	0.983977
0.530283	0.760566	0.964472
0.544717	0.760566	0.937829
0.530283	0.789434	0.964472
0.544717	0.789434	0.937829
0.555283	0.710566	0.799905
0.569717	0.710566	0.708345
0.555283	0.739434	0.799905
0.569717	0.739434	0.708345
0.580283	0.710566	0.641319
0.594717	0.710566	0.549759
0.580283	0.739434	0.641319
0.594717	0.739434	0.549759
0.555283	0.760566	0.799905
0.569717	0.760566	0.708345
0.555283	0.789434	0.799905
0.569717	0.789434	0.708345
0.580283	0.760566	0.641319
0.594717	0.760566	0.549759
0.580283	0.789434	0.641319
0.594717	0.789434	0.549759
0.605283	0.610566	0.380170
0.619717	0.610566	0.311468
0.605283	0.639434	0.380170
0.619717	0.639434	0.311468
0.630283	0.610566	0.261175
0.644717	0.610566	0.192473
0.630283	0.639434	0.261175
0.644717	0.639434	0.192473
0.605283	0.660566	0.380170
0.619717	0.660566	0.311468
0.605283	0.689434	0.380170
0.619717	0.689434	0.311468
0.630283	0.660566	0.261175
0.644717	0.660566	0.192473
0.630283	0.689434	0.261175
0.644717	0.689434	0.192473
0.655283	0.610566	0.108497
0.669717	0.610566	0.083406
0.655283	0.639434	0.108497
0.669717	0.639434	0.083406
0.680283	0.610566	0.065038
0.694717	0.610566	0.039947
0.680283	0.639434	0.065038
0.694717	0.639434	0.039947
0.655283	0.660566	0.108497
0.669717	0.660566	0.083406
0.655283	0.689434	0.108497
0.669717	0.689434	0.083406
0.680283	0.660566	0.065038
0.694717	0.660566	0.039947
0.680283	0.689434	0.065038
0.694717	0.689434	0.039947
0.605283	0.710566	0.380170
0.619717	0.710566	0.311468
0.605283	0.739434	0.380170
0.619717	0.739434	0.311468
0.630283	0.710566	0.261175
0.644717	0.710566	0.192473
0.630283	0.739434	0.261175
0.644717	0.739434	0.192473
0.605283	0.760566	0.380170
0.619717	0.760566	0.311468
0.605283	0.789434	0.380170
0.619717	0.789434	0.311468
0.630283	0.760566	0.261175
0.644717	0.760566	0.192473
0.630283	0.789434	0.261175
0.644717	0.789434	0.192473
0.655283	0.710566	0.108497
0.669717	0.710566	0.083406
0.655283	0.739434	0.108497
0.669717	0.739434	0.083406
0.680283	0.710566	0.065038
0.694717	0.710566	0.039947
0.680283	0.739434	0.065038
0.694717	0.739434	0.039947
0.655283	0.760566	0.108497
0.669717	0.760566	0.083406
0.655283	0.789434	0.108497
0.669717	0.789434	0.083406
0.680283	0.760566	0.065038
0.694717	0.760566	0.039947
0.680283	0.789434	0.065038
0.694717	0.789434	0.039947
0.355283	0.810566	0.093670
0.369717	0.810566	0.138616
0.355283	0.839434	0.093670
0.369717	0.839434	0.138616
0.380283	0.810566	0.171518
0.394717	0.810566	0.216464
0.380283	0.839434	0.171518
0.394717	0.839434	0.216464
0.355283	0.860566	0.093670
0.369717	0.860566	0.138616
0.355283	0.889434	0.093670
0.369717	0.889434	0.138616
0.380283	0.860566	0.171518
0.394717	0.860566	0.216464
0.380283	0.889434	0.171518
0.394717	0.889434	0.216464
0.405283	0.810566	0.347008
0.419717	0.810566	0.435108
0.405283	0.839434	0.347008
0.419717	0.839434	0.435108
0.430283	0.810566	0.499601
0.444717	0.810566	0.587700
0.430283	0.839434	0.499601
0.444717	0.839434	0.587700
0.405283	0.860566	0.347008
0.419717	0.860566	0.435108
0.405283	0.889434	0.347008
0.419717	0.889434	0.435108
0.430283	0.860566	0.499601
0.444717	0.860566	0.587700
0.430283	0.889434	0.499601
0.444717	0.889434	0.587700
0.455283	0.810566	0.765624
0.469717	0.810566	0.836163
0.455283	0.839434	0.765624
0.469717	0.839434	0.836163
0.480283	0.810566	0.887801
0.494717	0.810566	0.958340
0.480283	0.839434	0.887801
0.494717	0.839434	0.958340
0.455283	0.860566	0.765624
0.469717	0.860566	0.836163
0.455283	0.889434	0.765624
0.469717	0.889434	0.836163
0.480283	0.860566	0.887801
0.494717	0.860566	0.958340
0.480283	0.889434	0.887801
0.494717	0.889434	0.958340
0.405283	0.910566	0.345414
0.419717	0.910566	0.433513
0.405283	0.939434	0.345414
0.419717	0.939434	0.433513
0.430283	0.910566	0.498006
0.444717	0.910566	0.586105
0.430283	0.939434	0.498006
0.444717	0.939434	0.586105
0.405283	0.960566	0.345414
0.419717	0.960566	0.433513
0.405283	0.989434	0.345414
0.419717	0.989434	0.433513
0.430283	0.960566	0.498006
0.444717	0.960566	0.586105
0.430283	0.989434	0.498006
0.444717	0.989434	0.586105
0.455283	0.910566	0.764029
0.469717	0.910566	0.834568
0.455283	0.939434	0.764029
0.469717	0.939434	0.834568
0.480283	0.910566	0.886206
0.494717	0.910566	0.956745
0.480283	0.939434	0.886206
0.494717	0.939434	0.956745
0.455283	0.960566	0.764029
0.469717	0.960566	0.834568
0.455283	0.989434	0.764029
0.469717	0.989434	0.834568
0.480283	0.960566	0.886206
0.494717	0.960566	0.956745
0.480283	0.989434	0.886206
0.494717	0.989434	0.956745
0.505283	0.810566	1.010595
0.519717	0.810566	0.983951
0.505283	0.839434	1.010595
0.519717	0.839434	0.983951
0.530283	0.810566	0.964446
0.544717	0.810566	0.937803
0.530283	0.839434	0.964446
0.544717	0.839434	0.937803
0.505283	0.860566	1.010595
0.519717	0.860566	0.983951
0.505283	0.889434	1.010595
0.519717	0.889434	0.983951
0.530283	0.860566	0.964446
0.544717	0.860566	0.937803
0.530283	0.889434	0.964446
0.544717	0.889434	0.937803
0.555283	0.810566	0.799879
0.569717	0.810566	0.708320
0.555283	0.839434	0.799879
0.569717	0.839434	0.708320
0.580283	0.810566	0.641293
0.594717	0.810566	0.549733
0.580283	0.839434	0.641293
0.594717	0.839434	0.549733
0.555283	0.860566	0.799879
0.569717	0.860566	0.708320
0.555283	0.889434	0.799879
0.569717	0.889434	0.708320
0.580283	0.860566	0.641293
0.594717	0.860566	0.549733
0.580283	0.889434	0.641293
0.594717	0.889434	0.549733
0.505283	0.910566	1.009000
0.519717	0.910566	0.982356
0.505283	0.939434	1.009000
0.519717	0.939434	0.982356
0.530283	0.910566	0.962852
0.544717	0.910566	0.936208
0.530283	0.939434	0.962852
0.544717	0.939434	0.936208
0.505283	0.960566	1.009000
0.519717	0.960566	0.982356
0.505283	0.989434	1.009000
0.519717	0.989434	0.982356
0.530283	0.960566	0.962852
0.544717	0.960566	0.936208
0.530283	0.989434	0.962852
0.544717	0.989434	0.936208
0.555283	0.910566	0.798284
0.569717	0.910566	0.706725
0.555283	0.939434	0.798284
0.569717	0.939434	0.706725
0.580283	0.910566	0.639698
0.594717	0.910566	0.548139
0.580283	0.939434	0.639698
0.594717	0.939434	0.548139
0.555283	0.960566	0.798284
0.569717	0.960566	0.706725
0.555283	0.989434	0.798284
0.569717	0.989434	0.706725
0.580283	0.960566	0.639698
0.594717	0.960566	0.548139
0.580283	0.989434	0.639698
0.594717	0.989434	0.548139
0.605283	0.810566	0.380144
0.619717	0.810566	0.311442
0.605283	0.839434	0.380144
0.619717	0.839434	0.311442
0.630283	0.810566	0.261149
0.644717	0.810566	0.192447
0.630283	0.839434	0.261149
0.644717	0.839434	0.192447
0.605283	0.860566	0.380144
0.619717	0.860566	0.311442
0.605283	0.889434	0.380144
0.619717	0.889434	0.311442
0.630283	0.860566	0.261149
0.644717	0.860566	0.192447
0.630283	0.889434	0.261149
0.644717	0.889434	0.192447
0.655283	0.810566	0.108471
0.669717	0.810566	0.083380
0.655283	0.839434	0.108471
0.669717	0.839434	0.083380
0.680283	0.810566	0.065012
0.694717	0.810566	0.039921
0.680283	0.839434	0.065012
0.694717	0.839434	0.039921
0.655283	0.860566	0.108471
0.669717	0.860566	0.083380
0.655283	0.889434	0.108471
0.669717	0.889434	0.083380
0.680283	0.860566	0.065012
0.694717	0.860566	0.039921
0.680283	0.889434	0.065012
0.694717	0.889434	0.039921
0.605283	0.910566	0.378550
0.619717	0.910566	0.309848
0.605283	0.939434	0.378550
0.619717	0.939434	0.309848
0.630283	0.910566	0.259554
0.644717	0.910566	0.190852
0.630283	0.939434	0.259554
0.644717	0.939434	0.190852
0.605283	0.960566	0.378550
0.619717	0.960566	0.309848
0.605283	0.989434	0.378550
0.619717	0.989434	0.309848
0.630283	0.960566	0.259554
0.644717	0.960566	0.190852
0.630283	0.989434	0.259554
0.644717	0.989434	0.190852
0.655283	0.910566	0.106876
0.669717	0.910566	0.081785
0.655283	0.939434	0.106876
0.669717	0.939434	0.081785
0.680283	0.910566	0.063417
0.694717	0.910566	0.038327
0.680283	0.939434	0.063417
0.694717	0.939434	0.038327
0.655283	0.960566	0.106876
0.669717	0.960566	0.081785
0.655283	0.989434	0.106876
0.669717	0.989434	0.081785
0.680283	0.960566	0.063417
0.694717	0.960566	0.038327
0.680283	0.989434	0.063417
0.694717	0.989434	0.038327
0.005283	0.010566	-0.002268
0.019717	0.010566	-0.002268
0.005283	0.039434	-0.002268
0.019717	0.039434	-0.002268
0.030283	0.010566	-0.002268
0.044717	0.010566	-0.002268
0.030283	0.039434	-0.002268
0.044717	0.039434	-0.002268
0.005283	0.060566	-0.002268
0.019717	0.060566	-0.002268
0.005283	0.089434	-0.002268
0.019717	0.089434	-0.002268
0.030283	0.060566	-0.002268
0.044717	0.060566	-0.002268
0.030283	0.089434	-0.002268
0.044717	0.089434	-0.002268
0.055283	0.010566	-0.002268
0.069717	0.010566	-0.002268
0.055283	0.039434	-0.002268
0.069717	0.039434	-0.002268
0.080283	0.010566	-0.002268
0.094717	0.010566	-0.002268
0.080283	0.039434	-0.002268
0.094717	0.039434	-0.002268
0.055283	0.060566	-0.002268
0.069717	0.060566	-0.002268
0.055283	0.089434	-0.002268
0.069717	0.089434	-0.002268
0.080283	0.060566	-0.002268
0.094717	0.060566	-0.002268
0.080283	0.089434	-0.002268
0.094717	0.089434	-0.002268
0.005283	0.110566	-0.001850
0.019717	0.110566	-0.001850
0.005283	0.139434	-0.001850
0.019717	0.139434	-0.001850
0.030283	0.110566	-0.001850
0.044717	0.110566	-0.001850
0.030283	0.139434	-0.001850
0.044717	0.139434	-0.001850
0.005283	0.160566	-0.001850
0.019717	0.160566	-0.001850
0.005283	0.189434	-0.001850
0.019717	0.189434	-0.001850
0.030283	0.160566	-0.001850
0.044717	0.160566	-0.001850
0.030283	0.189434	-0.001850
0.044717	0.189434	-0.001850
0.055283	0.110566	-0.001850
0.069717	0.110566	-0.001850
0.055283	0.139434	-0.001850
0.069717	0.139434	-0.001850
0.080283	0.110566	-0.001850
0.094717	0.110566	-0.001850
0.080283	0.139434	-0.001850
0.094717	0.139434	-0.001850
0.055283	0.160566	-0.001850
0.069717	0.160566	-0.001850
0.055283	0.189434	-0.001850
0.069717	0.189434	-0.001850
0.080283	0.160566	-0.001850
0.094717	0.160566	-0.001850
0.080283	0.189434	-0.001850
0.094717	0.189434	-0.001850
0.105283	0.010566	-0.002268
0.119717	0.010566	-0.002268
0.105283	0.039434	-0.002268
0.119717	0.039434	-0.002268
0.130283	0.010566	-0.002268
0.144717	0.010566	-0.002268
0.130283	0.039434	-0.002268
0.144717	0.039434	-0.002268
0.105283	0.060566	-0.002268
0.119717	0.060566	-0.002268
0.105283	0.089434	-0.002268
0.119717	0.089434	-0.002268
0.130283	0.060566	-0.002268
0.144717	0.060566	-0.002268
0.130283	0.089434	-0.002268
0.144717	0.089434	-0.002268
0.105283	0.110566	-0.001850
0.119717	0.110566	-0.001849
0.105283	0.139434	-0.001850
0.119717	0.139434	-0.001849
0.130283	0.110566	-0.001849
0.144717	0.110566	-0.001849
0.130283	0.139434	-0.001849
0.144717	0.139434	-0.001849
0.105283	0.160566	-0.001850
0.119717	0.160566	-0.001849
0.105283	0.189434	-0.001850
0.119717	0.189434	-0.001849
0.130283	0.160566	-0.001849
0.144717	0.160566	-0.001849
0.130283	0.189434	-0.001849
0.144717	0.189434	-0.001849
0.205283	0.010566	-0.002214
0.219717	0.010566	-0.002054
0.205283	0.039434	-0.002214
0.219717	0.039434	-0.002054
0.230283	0.010566	-0.001936
0.244717	0.010566	-0.001776
0.230283	0.039434	-0.001936
0.244717	0.039434	-0.001776
0.205283	0.060566	-0.002214
0.219717	0.060566	-0.002054
0.205283	0.089434	-0.002214
0.219717	0.089434	-0.002054
0.230283	0.060566	-0.001936
0.244717	0.060566	-0.001776
0.230283	0.089434	-0.001936
0.244717	0.089434	-0.001776
0.255283	0.010566	-0.000861
0.269717	0.010566	0.000965
0.255283	0.039434	-0.000861
0.269717	0.039434	0.000965
0.280283	0.010566	0.002301
0.294717	0.010566	0.004127
0.280283	0.039434	0.002301
0.294717	0.039434	0.004127
0.255283	0.060566	-0.000861
0.269717	0.060566	0.000965
0.255283	0.089434	-0.000861
0.269717	0.089434	0.000965
0.280283	0.060566	0.002301
0.294717	0.060566	0.004127
0.280283	0.089434	0.002301
0.294717	0.089434	0.004127
0.205283	0.110566	-0.002116
0.219717	0.110566	-0.001956
0.205283	0.139434	-0.001887
0.219717	0.139434	-0.001727
0.230283	0.110566	-0.001839
0.244717	0.110566	-0.001679
0.230283	0.139434	-0.001609
0.244717	0.139434	-0.001449
0.205283	0.160566	-0.001697
0.219717	0.160566	-0.001537
0.205283	0.189434	-0.001468
0.219717	0.189434	-0.001308
0.230283	0.160566	-0.001420
0.244717	0.160566	-0.001259
0.230283	0.189434	-0.001190
0.244717	0.189434	-0.001030
0.255283	0.110566	-0.000773
0.269717	0.110566	0.001053
0.255283	0.139434	-0.000531
0.269717	0.139434	0.001295
0.280283	0.110566	0.002390
0.294717	0.110566	0.004215
0.280283	0.139434	0.002632
0.294717	0.139434	0.004457
0.255283	0.160566	-0.000354
0.269717	0.160566	0.001472
0.255283	0.189434	-0.000112
0.269717	0.189434	0.001714
0.280283	0.160566	0.002809
0.294717	0.160566	0.004634
0.280283	0.189434	0.003051
0.294717	0.189434	0.004876
0.305283	0.010566	0.012811
0.319717	0.010566	0.024880
0.305283	0.039434	0.012811
0.319717	0.039434	0.024880
0.330283	0.010566	0.033715
0.344717	0.010566	0.045783
0.330283	0.039434	0.033715
0.344717	0.039434	0.045783
0.305283	0.060566	0.012811
0.319717	0.060566	0.024880
0.305283	0.089434	0.012811
0.319717	0.089434	0.024880
0.330283	0.060566	0.033715
0.344717	0.060566	0.045783
0.330283	0.089434	0.033715
0.344717	0.089434	0.045783
0.305283	0.110566	0.012899
0.319717	0.110566	0.024968
0.305283	0.139434	0.013141
0.319717	0.139434	0.025210
0.330283	0.110566	0.033803
0.344717	0.110566	0.045871
0.330283	0.139434	0.034045
0.344717	0.139434	0.046113
0.305283	0.160566	0.013319
0.319717	0.160566	0.025387
0.305283	0.189434	0.013560
0.319717	0.189434	0.025629
0.330283	0.160566	0.034222
0.344717	0.160566	0.046290
0.330283	0.189434	0.034464
0.344717	0.189434	0.046532
0.355283	0.110566	0.091768
0.369717	0.110566	0.136713
0.355283	0.139434	0.092010
0.369717	0.139434	0.136955
0.380283	0.110566	0.169615
0.394717	0.110566	0.214561
0.380283	0.139434	0.169857
0.394717	0.139434	0.214803
0.355283	0.160566	0.092187
0.369717	0.160566	0.137132
0.355283	0.189434	0.092429
0.369717	0.189434	0.137374
0.380283	0.160566	0.170035
0.394717	0.160566	0.214980
0.380283	0.189434	0.170276
0.394717	0.189434	0.215222
0.755283	0.010566	0.001940
0.769717	0.010566	0.001362
0.755283	0.039434	0.001940
0.769717	0.039434	0.001362
0.780283	0.010566	0.000939
0.794717	0.010566	0.000361
0.780283	0.039434	0.000939
0.794717	0.039434	0.000361
0.755283	0.060566	0.001940
0.769717	0.060566	0.001362
0.755283	0.089434	0.001940
0.769717	0.089434	0.001362
0.780283	0.060566	0.000939
0.794717	0.060566	0.000361
0.780283	0.089434	0.000939
0.794717	0.089434	0.000361
0.755283	0.110566	0.001940
0.769717	0.110566	0.001362
0.755283	0.139434	0.001940
0.769717	0.139434	0.001362
0.780283	0.110566	0.000939
0.794717	0.110566	0.000361
0.780283	0.139434	0.000939
0.794717	0.139434	0.000361
0.755283	0.160566	0.001940
0.769717	0.160566	0.001362
0.755283	0.189434	0.001940
0.769717	0.189434	0.001362
0.780283	0.160566	0.000939
0.794717	0.160566	0.000361
0.780283	0.189434	0.000939
0.794717	0.189434	0.000361
0.805283	0.010566	0.000121
0.819717	0.010566	0.000082
0.805283	0.039434	0.000121
0.819717	0.039434	0.000082
0.830283	0.010566	0.000054
0.844717	0.010566	0.000015
0.830283	0.039434	0.000054
0.844717	0.039434	0.000015
0.805283	0.060566	0.000121
0.819717	0.060566	0.000082
0.805283	0.089434	0.000121
0.819717	0.089434	0.000082
0.830283	0.060566	0.000054
0.844717	0.060566	0.000015
0.830283	0.089434	0.000054
0.844717	0.089434	0.000015
0.855283	0.010566	0.000005
0.869717	0.010566	0.000003
0.855283	0.039434	0.000005
0.869717	0.039434	0.000003
0.880283	0.010566	0.000002
0.894717	0.010566	0.000000
0.880283	0.039434	0.000002
0.894717	0.039434	0.000000
0.855283	0.060566	0.000005
0.869717	0.060566	0.000003
0.855283	0.089434	0.000005
0.869717	0.089434	0.000003
0.880283	0.060566	0.000002
0.894717	0.060566	0.000000
0.880283	0.089434	0.000002
0.894717	0.089434	0.000000
0.805283	0.110566	0.000121
0.819717	0.110566	0.000082
0.805283	0.139434	0.000121
0.819717	0.139434	0.000082
0.830283	0.110566	0.000054
0.844717	0.110566	0.000015
0.830283	0.139434	0.000054
0.844717	0.139434	0.000015
0.805283	0.160566	0.000121
0.819717	0.160566	0.000082
0.805283	0.189434	0.000121
0.819717	0.189434	0.000082
0.830283	0.160566	0.000054
0.844717	0.160566	0.000015
0.830283	0.189434	0.000054
0.844717	0.189434	0.000015
0.855283	0.110566	0.000005
0.869717	0.110566	0.000003
0.855283	0.139434	0.000005
0.869717	0.139434	0.000003
0.880283	0.110566	0.000002
0.894717	0.110566	0.000000
0.880283	0.139434	0.000002
0.894717	0.139434	0.000000
0.855283	0.160566	0.000005
0.869717	0.160566	0.000003
0.855283	0.189434	0.000005
0.869717	0.189434	0.000003
0.880283	0.160566	0.000002
0.894717	0.160566	0.000000
0.880283	0.189434	0.000002
0.894717	0.189434	0.000000
0.955283	0.010566	0.000000
0.969717	0.010566	0.000000
0.955283	0.039434	0.000000
0.969717	0.039434	0.000000
0.980283	0.010566	0.000000
0.994717	0.010566	0.000000
0.980283	0.039434	0.000000
0.994717	0.039434	0.000000
0.955283	0.060566	0.000000
0.969717	0.060566	0.000000
0.955283	0.089434	0.000000
0.969717	0.089434	0.000000
0.980283	0.060566	0.000000
0.994717	0.060566	0.000000
0.980283	0.089434	0.000000
0.994717	0.089434	0.000000
0.955283	0.110566	0.000000
0.969717	0.110566	0.000000
0.955283	0.139434	0.000000
0.969717	0.139434	0.000000
0.980283	0.110566	0.000000
0.994717	0.110566	0.000000
0.980283	0.139434	0.000000
0.994717	0.139434	0.000000
0.955283	0.160566	0.000000
0.969717	0.160566	0.000000
0.955283	0.189434	0.000000
0.969717	0.189434	0.000000
0.980283	0.160566	0.000000
0.994717	0.160566	0.000000
0.980283	0.189434	0.000000
0.994717	0.189434	0.000000
0.005283	0.210566	0.004256
0.019717	0.210566	0.004256
0.005283	0.239434	0.004256
0.019717	0.239434	0.004256
0.030283	0.210566	0.004256
0.044717	0.210566	0.004256
0.030283	0.239434	0.004256
0.044717	0.239434	0.004256
0.005283	0.260566	0.004256
0.019717	0.260566	0.004256
0.005283	0.289434	0.004256
0.019717	0.289434	0.004256
0.030283	0.260566	0.004256
0.044717	0.260566	0.004256
0.030283	0.289434	0.004256
0.044717	0.289434	0.004256
0.055283	0.210566	0.004256
0.069717	0.210566	0.004256
0.055283	0.239434	0.004256
0.069717	0.239434	0.004256
0.080283	0.210566	0.004256
0.094717	0.210566	0.004256
0.080283	0.239434	0.004256
0.094717	0.239434	0.004256
0.055283	0.260566	0.004256
0.069717	0.260566	0.004256
0.055283	0.289434	0.004256
0.069717	0.289434	0.004256
0.080283	0.260566	0.004256
0.094717	0.260566	0.004256
0.080283	0.289434	0.004256
0.094717	0.289434	0.004256
0.005283	0.310566	0.001791
0.019717	0.310566	0.001791
0.005283	0.339434	0.001791
0.019717	0.339434	0.001791
0.030283	0.310566	0.001791
0.044717	0.310566	0.001791
0.030283	0.339434	0.001791
0.044717	0.339434	0.001791
0.005283	0.360566	0.001791
0.019717	0.360566	0.001791
0.005283	0.389434	0.001791
0.019717	0.389434	0.001791
0.030283	0.360566	0.001791
0.044717	0.360566	0.001791
0.030283	0.389434	0.001791
0.044717	0.389434	0.001791
0.055283	0.310566	0.001791
0.069717	0.310566	0.001791
0.055283	0.339434	0.001791
0.069717	0.339434	0.001791
0.080283	0.310566	0.001791
0.094717	0.310566	0.001791
0.080283	0.339434	0.001791
0.094717	0.339434	0.001791
0.055283	0.360566	0.001791
0.069717	0.360566	0.001791
0.055283	0.389434	0.001791
0.069717	0.389434	0.001791
0.080283	0.360566	0.001791
0.094717	0.360566	0.001791
0.080283	0.389434	0.001791
0.094717	0.389434	0.001791
0.355283	0.310566	0.089458
0.369717	0.310566	0.134403
0.355283	0.339434	0.089781
0.369717	0.339434	0.134727
0.380283	0.310566	0.167305
0.394717	0.310566	0.212251
0.380283	0.339434	0.167629
0.394717	0.339434	0.212574
0.355283	0.360566	0.090018
0.369717	0.360566	0.134963
0.355283	0.389434	0.090341
0.369717	0.389434	0.135287
0.380283	0.360566	0.167866
0.394717	0.360566	0.212811
0.380283	0.389434	0.168189
0.394717	0.389434	0.213135
0.705283	0.210566	0.018442
0.719717	0.210566	0.013410
0.705283	0.239434	0.018442
0.719717	0.239434	0.013410
0.730283	0.210566	0.009727
0.744717	0.210566	0.004695
0.730283	0.239434	0.009727
0.744717	0.239434	0.004695
0.705283	0.260566	0.018442
0.719717	0.260566	0.013410
0.705283	0.289434	0.018442
0.719717	0.289434	0.013410
0.730283	0.260566	0.009727
0.744717	0.260566	0.004695
0.730283	0.289434	0.009727
0.744717	0.289434	0.004695
0.805283	0.210566	0.000121
0.819717	0.210566	0.000082
0.805283	0.239434	0.000121
0.819717	0.239434	0.000082
0.830283	0.210566	0.000054
0.844717	0.210566	0.000015
0.830283	0.239434	0.000054
0.844717	0.239434	0.000015
0.805283	0.260566	0.000121
0.819717	0.260566	0.000082
0.805283	0.289434	0.000121
0.819717	0.289434	0.000082
0.830283	0.260566	0.000054
0.844717	0.260566	0.000015
0.830283	0.289434	0.000054
0.844717	0.289434	0.000015
0.855283	0.210566	0.000005
0.869717	0.210566	0.000003
0.855283	0.239434	0.000005
0.869717	0.239434	0.000003
0.880283	0.210566	0.000002
0.894717	0.210566	0.000000
0.880283	0.239434	0.000002
0.894717	0.239434	0.000000
0.855283	0.260566	0.000005
0.869717	0.260566	0.000003
0.855283	0.289434	0.000005
0.869717	0.289434	0.000003
0.880283	0.260566	0.000002
0.894717	0.260566	0.000000
0.880283	0.289434	0.000002
0.894717	0.289434	0.000000
0.805283	0.310566	0.000121
0.819717	0.310566	0.000082
0.805283	0.339434	0.000121
0.819717	0.339434	0.000082
0.830283	0.310566	0.000054
0.844717	0.310566	0.000015
0.830283	0.339434	0.000054
0.844717	0.339434	0.000015
0.805283	0.360566	0.000121
0.819717	0.360566	0.000082
0.805283	0.389434	0.000121
0.819717	0.389434	0.000082
0.830283	0.360566	0.000054
0.844717	0.360566	0.000015
0.830283	0.389434	0.000054
0.844717	0.389434	0.000015
0.855283	0.310566	0.000005
0.869717	0.310566	0.000003
0.855283	0.339434	0.000005
0.869717	0.339434	0.000003
0.880283	0.310566	0.000002
0.894717	0.310566	0.000000
0.880283	0.339434	0.000002
0.894717	0.339434	0.000000
0.855283	0.360566	0.000005
0.869717	0.360566	0.000003
0.855283	0.389434	0.000005
0.869717	0.389434	0.000003
0.880283	0.360566	0.000002
0.894717	0.360566	0.000000
0.880283	0.389434	0.000002
0.894717	0.389434	0.000000
0.905283	0.210566	0.000000
0.919717	0.210566	0.000000
0.905283	0.239434	0.000000
0.919717	0.239434	0.000000
0.930283	0.210566	0.000000
0.944717	0.210566	0.000000
0.930283	0.239434	0.000000
0.944717	0.239434	0.000000
0.905283	0.260566	0.000000
0.919717	0.260566	0.000000
0.905283	0.289434	0.000000
0.919717	0.289434	0.000000
0.930283	0.260566	0.000000
0.944717	0.260566	0.000000
0.930283	0.289434	0.000000
0.944717	0.289434	0.000000
0.905283	0.310566	0.000000
0.919717	0.310566	0.000000
0.905283	0.339434	0.000000
0.919717	0.339434	0.000000
0.930283	0.310566	0.000000
0.944717	0.310566	0.000000
0.930283	0.339434	0.000000
0.944717	0.339434	0.000000
0.905283	0.360566	0.000000
0.919717	0.360566	0.000000
0.905283	0.389434	0.000000
0.919717	0.389434	0.000000
0.930283	0.360566	0.000000
0.944717	0.360566	0.000000
0.930283	0.389434	0.000000
0.944717	0.389434	0.000000
0.005283	0.410566	-0.001294
0.019717	0.410566	-0.001294
0.005283	0.439434	-0.001294
0.019717	0.439434	-0.001294
0.030283	0.410566	-0.001294
0.044717	0.410566	-0.001294
0.030283	0.439434	-0.001294
0.044717	0.439434	-0.001294
0.005283	0.460566	-0.001294
0.019717	0.460566	-0.001294
0.005283	0.489434	-0.001294
0.019717	0.489434	-0.001294
0.030283	0.460566	-0.001294
0.044717	0.460566	-0.001294
0.030283	0.489434	-0.001294
0.044717	0.489434	-0.001294
0.055283	0.410566	-0.001294
0.069717	0.410566	-0.001294
0.055283	0.439434	-0.001294
0.069717	0.439434	-0.001294
0.080283	0.410566	-0.001294
0.094717	0.410566	-0.001294
0.080283	0.439434	-0.001294
0.094717	0.439434	-0.001294
0.055283	0.460566	-0.001294
0.069717	0.460566	-0.001294
0.055283	0.489434	-0.001294
0.069717	0.489434	-0.001294
0.080283	0.460566	-0.001294
0.094717	0.460566	-0.001294
0.080283	0.489434	-0.001294
0.094717	0.489434	-0.001294
0.005283	0.510566	-0.001294
0.019717	0.510566	-0.001294
0.005283	0.539434	-0.001294
0.019717	0.539434	-0.001294
0.030283	0.510566	-0.001294
0.044717	0.510566	-0.001294
0.030283	0.539434	-0.001294
0.044717	0.539434	-0.001294
0.005283	0.560566	-0.001294
0.019717	0.560566	-0.001294
0.005283	0.589434	-0.001294
0.019717	0.589434	-0.001294
0.030283	0.560566	-0.001294
0.044717	0.560566	-0.001294
0.030283	0.589434	-0.001294
0.044717	0.589434	-0.001294
0.055283	0.510566	-0.001294
0.069717	0.510566	-0.001294
0.055283	0.539434	-0.001294
0.069717	0.539434	-0.001294
0.080283	0.510566	-0.001294
0.094717	0.510566	-0.001294
0.080283	0.539434	-0.001294
0.094717	0.539434	-0.001294
0.055283	0.560566	-0.001294
0.069717	0.560566	-0.001294
0.055283	0.589434	-0.001294
0.069717	0.589434	-0.001294
0.080283	0.560566	-0.001294
0.094717	0.560566	-0.001294
0.080283	0.589434	-0.001294
0.094717	0.589434	-0.001294
0.105283	0.410566	-0.001294
0.119717	0.410566	-0.001294
0.105283	0.439434	-0.001294
0.119717	0.439434	-0.001294
0.130283	0.410566	-0.001294
0.144717	0.410566	-0.001293
0.130283	0.439434	-0.001294
0.144717	0.439434	-0.001293
0.105283	0.460566	-0.001294
0.119717	0.460566	-0.001294
0.105283	0.489434	-0.001294
0.119717	0.489434	-0.001294
0.130283	0.460566	-0.001294
0.144717	0.460566	-0.001293
0.130283	0.489434	-0.001294
0.144717	0.489434	-0.001293
0.105283	0.510566	-0.001294
0.119717	0.510566	-0.001294
0.105283	0.539434	-0.001294
0.119717	0.539434	-0.001294
0.130283	0.510566	-0.001294
0.144717	0.510566	-0.001293
0.130283	0.539434	-0.001294
0.144717	0.539434	-0.001293
0.105283	0.560566	-0.001294
0.119717	0.560566	-0.001294
0.105283	0.589434	-0.001294
0.119717	0.589434	-0.001294
0.130283	0.560566	-0.001294
0.144717	0.560566	-0.001293
0.130283	0.589434	-0.001294
0.144717	0.589434	-0.001293
0.255283	0.410566	-0.000163
0.269717	0.410566	0.001663
0.255283	0.439434	-0.000163
0.269717	0.439434	0.001663
0.280283	0.410566	0.002999
0.294717	0.410566	0.004825
0.280283	0.439434	0.002999
0.294717	0.439434	0.004825
0.255283	0.460566	-0.000163
0.269717	0.460566	0.001663
0.255283	0.489434	-0.000163
0.269717	0.489434	0.001663
0.280283	0.460566	0.002999
0.294717	0.460566	0.004825
0.280283	0.489434	0.002999
0.294717	0.489434	0.004825
0.255283	0.510566	-0.000163
0.269717	0.510566	0.001663
0.255283	0.539434	-0.000163
0.269717	0.539434	0.001663
0.280283	0.510566	0.002999
0.294717	0.510566	0.004825
0.280283	0.539434	0.002999
0.294717	0.539434	0.004825
0.255283	0.560566	-0.000163
0.269717	0.560566	0.001663
0.255283	0.589434	-0.000163
0.269717	0.589434	0.001663
0.280283	0.560566	0.002999
0.294717	0.560566	0.004825
0.280283	0.589434	0.002999
0.294717	0.589434	0.004825
0.305283	0.410566	0.013509
0.319717	0.410566	0.025578
0.305283	0.439434	0.013509
0.319717	0.439434	0.025578
0.330283	0.410566	0.034413
0.344717	0.410566	0.046481
0.330283	0.439434	0.034413
0.344717	0.439434	0.046481
0.305283	0.460566	0.013509
0.319717	0.460566	0.025578
0.305283	0.489434	0.013509
0.319717	0.489434	0.025578
0.330283	0.460566	0.034413
0.344717	0.460566	0.046481
0.330283	0.489434	0.034413
0.344717	0.489434	0.046481
0.355283	0.410566	0.092378
0.369717	0.410566	0.137323
0.355283	0.439434	0.092378
0.369717	0.439434	0.137323
0.380283	0.410566	0.170225
0.394717	0.410566	0.215171
0.380283	0.439434	0.170225
0.394717	0.439434	0.215171
0.355283	0.460566	0.092378
0.369717	0.460566	0.137323
0.355283	0.489434	0.092378
0.369717	0.489434	0.137323
0.380283	0.460566	0.170225
0.394717	0.460566	0.215171
0.380283	0.489434	0.170225
0.394717	0.489434	0.215171
0.305283	0.510566	0.013509
0.319717	0.510566	0.025578
0.305283	0.539434	0.013509
0.319717	0.539434	0.025578
0.330283	0.510566	0.034413
0.344717	0.510566	0.046481
0.330283	0.539434	0.034413
0.344717	0.539434	0.046481
0.305283	0.560566	0.013509
0.319717	0.560566	0.025578
0.305283	0.589434	0.013509
0.319717	0.589434	0.025578
0.330283	0.560566	0.034413
0.344717	0.560566	0.046481
0.330283	0.589434	0.034413
0.344717	0.589434	0.046481
0.355283	0.510566	0.092378
0.369717	0.510566	0.137323
0.355283	0.539434	0.092378
0.369717	0.539434	0.137323
0.380283	0.510566	0.170225
0.394717	0.510566	0.215171
0.380283	0.539434	0.170225
0.394717	0.539434	0.215171
0.355283	0.560566	0.092378
0.369717	0.560566	0.137323
0.355283	0.589434	0.092378
0.369717	0.589434	0.137323
0.380283	0.560566	0.170225
0.394717	0.560566	0.215171
0.380283	0.589434	0.170225
0.394717	0.589434	0.215171
0.755283	0.410566	0.001940
0.769717	0.410566	0.001362
0.755283	0.439434	0.001940
0.769717	0.439434	0.001362
0.780283	0.410566	0.000939
0.794717	0.410566	0.000361
0.780283	0.439434	0.000939
0.794717	0.439434	0.000361
0.755283	0.460566	0.001940
0.769717	0.460566	0.001362
0.755283	0.489434	0.001940
0.769717	0.489434	0.001362
0.780283	0.460566	0.000939
0.794717	0.460566	0.000361
0.780283	0.489434	0.000939
0.794717	0.489434	0.000361
0.755283	0.510566	0.001940
0.769717	0.510566	0.001362
0.755283	0.539434	0.001940
0.769717	0.539434	0.001362
0.780283	0.510566	0.000939
0.794717	0.510566	0.000361
0.780283	0.539434	0.000939
0.794717	0.539434	0.000361
0.755283	0.560566	0.001940
0.769717	0.560566	0.001362
0.755283	0.589434	0.001940
0.769717	0.589434	0.001362
0.780283	0.560566	0.000939
0.794717	0.560566	0.000361
0.780283	0.589434	0.000939
0.794717	0.589434	0.000361
0.805283	0.410566	0.000121
0.819717	0.410566	0.000082
0.805283	0.439434	0.000121
0.819717	0.439434	0.000082
0.830283	0.410566	0.000054
0.844717	0.410566	0.000015
0.830283	0.439434	0.000054
0.844717	0.439434	0.000015
0.805283	0.460566	0.000121
0.819717	0.460566	0.000082
0.805283	0.489434	0.000121
0.819717	0.489434	0.000082
0.830283	0.460566	0.000054
0.844717	0.460566	0.000015
0.830283	0.489434	0.000054
0.844717	0.489434	0.000015
0.855283	0.410566	0.000005
0.869717	0.410566	0.000003
0.855283	0.439434	0.000005
0.869717	0.439434	0.000003
0.880283	0.410566	0.000002
0.894717	0.410566	0.000000
0.880283	0.439434	0.000002
0.894717	0.439434	0.000000
0.855283	0.460566	0.000005
0.869717	0.460566	0.000003
0.855283	0.489434	0.000005
0.869717	0.489434	0.000003
0.880283	0.460566	0.000002
0.894717	0.460566	0.000000
0.880283	0.489434	0.000002
0.894717	0.489434	0.000000
0.805283	0.510566	0.000121
0.819717	0.510566	0.000082
0.805283	0.539434	0.000121
0.819717	0.539434	0.000082
0.830283	0.510566	0.000054
0.844717	0.510566	0.000015
0.830283	0.539434	0.000054
0.844717	0.539434	0.000015
0.805283	0.560566	0.000121
0.819717	0.560566	0.000082
0.805283	0.589434	0.000121
0.819717	0.589434	0.000082
0.830283	0.560566	0.000054
0.844717	0.560566	0.000015
0.830283	0.589434	0.000054
0.844717	0.589434	0.000015
0.855283	0.510566	0.000005
0.869717	0.510566	0.000003
0.855283	0.539434	0.000005
0.869717	0.539434	0.000003
0.880283	0.510566	0.000002
0.894717	0.510566	0.000000
0.880283	0.539434	0.000002
0.894717	0.539434	0.000000
0.855283	0.560566	0.000005
0.869717	0.560566	0.000003
0.855283	0.589434	0.000005
0.869717	0.589434	0.000003
0.880283	0.560566	0.000002
0.894717	0.560566	0.000000
0.880283	0.589434	0.000002
0.894717	0.589434	0.000000
0.305283	0.610566	0.014828
0.319717	0.610566	0.026897
0.305283	0.639434	0.014828
0.319717	0.639434	0.026897
0.330283	0.610566	0.035731
0.344717	0.610566	0.047800
0.330283	0.639434	0.035731
0.344717	0.639434	0.047800
0.305283	0.660566	0.014828
0.319717	0.660566	0.026897
0.305283	0.689434	0.014828
0.319717	0.689434	0.026897
0.330283	0.660566	0.035731
0.344717	0.660566	0.047800
0.330283	0.689434	0.035731
0.344717	0.689434	0.047800
0.355283	0.610566	0.093696
0.369717	0.610566	0.138642
0.355283	0.639434	0.093696
0.369717	0.639434	0.138642
0.380283	0.610566	0.171544
0.394717	0.610566	0.216490
0.380283	0.639434	0.171544
0.394717	0.639434	0.216490
0.355283	0.660566	0.093696
0.369717	0.660566	0.138642
0.355283	0.689434	0.093696
0.369717	0.689434	0.138642
0.380283	0.660566	0.171544
0.394717	0.660566	0.216490
0.380283	0.689434	0.171544
0.394717	0.689434	0.216490
0.305283	0.710566	0.014828
0.319717	0.710566	0.026897
0.305283	0.739434	0.014828
0.319717	0.739434	0.026897
0.330283	0.710566	0.035731
0.344717	0.710566	0.047800
0.330283	0.739434	0.035731
0.344717	0.739434	0.047800
0.305283	0.760566	0.014828
0.319717	0.760566	0.026897
0.305283	0.789434	0.014828
0.319717	0.789434	0.026897
0.330283	0.760566	0.035731
0.344717	0.760566	0.047800
0.330283	0.789434	0.035731
0.344717	0.789434	0.047800
0.355283	0.710566	0.093696
0.369717	0.710566	0.138642
0.355283	0.739434	0.093696
0.369717	0.739434	0.138642
0.380283	0.710566	0.171544
0.394717	0.710566	0.216490
0.380283	0.739434	0.171544
0.394717	0.739434	0.216490
0.355283	0.760566	0.093696
0.369717	0.760566	0.138642
0.355283	0.789434	0.093696
0.369717	0.789434	0.138642
0.380283	0.760566	0.171544
0.394717	0.760566	0.216490
0.380283	0.789434	0.171544
0.394717	0.789434	0.216490
0.705283	0.610566	0.018442
0.719717	0.610566	0.013410
0.705283	0.639434	0.018442
0.719717	0.639434	0.013410
0.730283	0.610566	0.009727
0.744717	0.610566	0.004695
0.730283	0.639434	0.009727
0.744717	0.639434	0.004695
0.705283	0.660566	0.018442
0.719717	0.660566	0.013410
0.705283	0.689434	0.018442
0.719717	0.689434	0.013410
0.730283	0.660566	0.009727
0.744717	0.660566	0.004695
0.730283	0.689434	0.009727
0.744717	0.689434	0.004695
0.705283	0.710566	0.018442
0.719717	0.710566	0.013410
0.705283	0.739434	0.018442
0.719717	0.739434	0.013410
0.730283	0.710566	0.009727
0.744717	0.710566	0.004695
0.730283	0.739434	0.009727
0.744717	0.739434	0.004695
0.705283	0.760566	0.018442
0.719717	0.760566	0.013410
0.705283	0.789434	0.018442
0.719717	0.789434	0.013410
0.730283	0.760566	0.009727
0.744717	0.760566	0.004695
0.730283	0.789434	0.009727
0.744717	0.789434	0.004695
0.805283	0.610566	0.000121
0.819717	0.610566	0.000082
0.805283	0.639434	0.000121
0.819717	0.639434	0.000082
0.830283	0.610566	0.000054
0.844717	0.610566	0.000015
0.830283	0.639434	0.000054
0.844717	0.639434	0.000015
0.805283	0.660566	0.000121
0.819717	0.660566	0.000082
0.805283	0.689434	0.000121
0.819717	0.689434	0.000082
0.830283	0.660566	0.000054
0.844717	0.660566	0.000015
0.830283	0.689434	0.000054
0.844717	0.689434	0.000015
0.855283	0.610566	0.000005
0.869717	0.610566	0.000003
0.855283	0.639434	0.000005
0.869717	0.639434	0.000003
0.880283	0.610566	0.000002
0.894717	0.610566	0.000000
0.880283	0.639434	0.000002
0.894717	0.639434	0.000000
0.855283	0.660566	0.000005
0.869717	0.660566	0.000003
0.855283	0.689434	0.000005
0.869717	0.689434	0.000003
0.880283	0.660566	0.000002
0.894717	0.660566	0.000000
0.880283	0.689434	0.000002
0.894717	0.689434	0.000000
0.805283	0.710566	0.000121
0.819717	0.710566	0.000082
0.805283	0.739434	0.000121
0.819717	0.739434	0.000082
0.830283	0.710566	0.000054
0.844717	0.710566	0.000015
0.830283	0.739434	0.000054
0.844717	0.739434	0.000015
0.805283	0.760566	0.000121
0.819717	0.760566	0.000082
0.805283	0.789434	0.000121
0.819717	0.789434	0.000082
0.830283	0.760566	0.000054
0.844717	0.760566	0.000015
0.830283	0.789434	0.000054
0.844717	0.789434	0.000015
0.855283	0.710566	0.000005
0.869717	0.710566	0.000003
0.855283	0.739434	0.000005
0.869717	0.739434	0.000003
0.880283	0.710566	0.000002
0.894717	0.710566	0.000000
0.880283	0.739434	0.000002
0.894717	0.739434	0.000000
0.855283	0.760566	0.000005
0.869717	0.760566	0.000003
0.855283	0.789434	0.000005
0.869717	0.789434	0.000003
0.880283	0.760566	0.000002
0.894717	0.760566	0.000000
0.880283	0.789434	0.000002
0.894717	0.789434	0.000000
0.905283	0.610566	0.000000
0.919717	0.610566	0.000000
0.905283	0.639434	0.000000
0.919717	0.639434	0.000000
0.930283	0.610566	0.000000
0.944717	0.610566	0.000000
0.930283	0.639434	0.000000
0.944717	0.639434	0.000000
0.905283	0.660566	0.000000
0.919717	0.660566	0.000000
0.905283	0.689434	0.000000
0.919717	0.689434	0.000000
0.930283	0.660566	0.000000
0.944717	0.660566	0.000000
0.930283	0.689434	0.000000
0.944717	0.689434	0.000000
0.905283	0.710566	0.000000
0.919717	0.710566	0.000000
0.905283	0.739434	0.000000
0.919717	0.739434	0.000000
0.930283	0.710566	0.000000
0.944717	0.710566	0.000000
0.930283	0.739434	0.000000
0.944717	0.739434	0.000000
0.905283	0.760566	0.000000
0.919717	0.760566	0.000000
0.905283	0.789434	0.000000
0.919717	0.789434	0.000000
0.930283	0.760566	0.000000
0.944717	0.760566	0.000000
0.930283	0.789434	0.000000
0.944717	0.789434	0.000000
0.055283	0.810566	-0.000026
0.069717	0.810566	-0.000026
0.055283	0.839434	-0.000026
0.069717	0.839434	-0.000026
0.080283	0.810566	-0.000026
0.094717	0.810566	-0.000026
0.080283	0.839434	-0.000026
0.094717	0.839434	-0.000026
0.055283	0.860566	-0.000026
0.069717	0.860566	-0.000026
0.055283	0.889434	-0.000026
0.069717	0.889434	-0.000026
0.080283	0.860566	-0.000026
0.094717	0.860566	-0.000026
0.080283	0.889434	-0.000026
0.094717	0.889434	-0.000026
0.055283	0.910566	-0.001621
0.069717	0.910566	-0.001621
0.055283	0.939434	-0.001621
0.069717	0.939434	-0.001621
0.080283	0.910566	-0.001621
0.094717	0.910566	-0.001621
0.080283	0.939434	-0.001621
0.094717	0.939434	-0.001621
0.055283	0.960566	-0.001621
0.069717	0.960566	-0.001621
0.055283	0.989434	-0.001621
0.069717	0.989434	-0.001621
0.080283	0.960566	-0.001621
0.094717	0.960566	-0.001621
0.080283	0.989434	-0.001621
0.094717	0.989434	-0.001621
0.105283	0.810566	-0.000026
0.119717	0.810566	-0.000026
0.105283	0.839434	-0.000026
0.119717	0.839434	-0.000026
0.130283	0.810566	-0.000025
0.144717	0.810566	-0.000025
0.130283	0.839434	-0.000025
0.144717	0.839434	-0.000025
0.105283	0.860566	-0.000026
0.119717	0.860566	-0.000026
0.105283	0.889434	-0.000026
0.119717	0.889434	-0.000026
0.130283	0.860566	-0.000025
0.144717	0.860566	-0.000025
0.130283	0.889434	-0.000025
0.144717	0.889434	-0.000025
0.155283	0.810566	-0.000023
0.169717	0.810566	-0.000015
0.155283	0.839434	-0.000023
0.169717	0.839434	-0.000015
0.180283	0.810566	-0.000009
0.194717	0.810566	-0.000001
0.180283	0.839434	-0.000009
0.194717	0.839434	-0.000001
0.155283	0.860566	-0.000023
0.169717	0.860566	-0.000015
0.155283	0.889434	-0.000023
0.169717	0.889434	-0.000015
0.180283	0.860566	-0.000009
0.194717	0.860566	-0.000001
0.180283	0.889434	-0.000009
0.194717	0.889434	-0.000001
0.105283	0.910566	-0.001621
0.119717	0.910566	-0.001620
0.105283	0.939434	-0.001621
0.119717	0.939434	-0.001620
0.130283	0.910566	-0.001620
0.144717	0.910566	-0.001620
0.130283	0.939434	-0.001620
0.144717	0.939434	-0.001620
0.105283	0.960566	-0.001621
0.119717	0.960566	-0.001620
0.105283	0.989434	-0.001621
0.119717	0.989434	-0.001620
0.130283	0.960566	-0.001620
0.144717	0.960566	-0.001620
0.130283	0.989434	-0.001620
0.144717	0.989434	-0.001620
0.155283	0.910566	-0.001618
0.169717	0.910566	-0.001610
0.155283	0.939434	-0.001618
0.169717	0.939434	-0.001610
0.180283	0.910566	-0.001604
0.194717	0.910566	-0.001596
0.180283	0.939434	-0.001604
0.194717	0.939434	-0.001596
0.155283	0.960566	-0.001618
0.169717	0.960566	-0.001610
0.155283	0.989434	-0.001618
0.169717	0.989434	-0.001610
0.180283	0.960566	-0.001604
0.194717	0.960566	-0.001596
0.180283	0.989434	-0.001604
0.194717	0.989434	-0.001596
0.255283	0.810566	0.001130
0.269717	0.810566	0.002956
0.255283	0.839434	0.001130
0.269717	0.839434	0.002956
0.280283	0.810566	0.004292
0.294717	0.810566	0.006118
0.280283	0.839434	0.004292
0.294717	0.839434	0.006118
0.255283	0.860566	0.001130
0.269717	0.860566	0.002956
0.255283	0.889434	0.001130
0.269717	0.889434	0.002956
0.280283	0.860566	0.004292
0.294717	0.860566	0.006118
0.280283	0.889434	0.004292
0.294717	0.889434	0.006118
0.255283	0.910566	-0.000465
0.269717	0.910566	0.001361
0.255283	0.939434	-0.000465
0.269717	0.939434	0.001361
0.280283	0.910566	0.002698
0.294717	0.910566	0.004523
0.280283	0.939434	0.002698
0.294717	0.939434	0.004523
0.255283	0.960566	-0.000465
0.269717	0.960566	0.001361
0.255283	0.989434	-0.000465
0.269717	0.989434	0.001361
0.280283	0.960566	0.002698
0.294717	0.960566	0.004523
0.280283	0.989434	0.002698
0.294717	0.989434	0.004523
0.305283	0.810566	0.014802
0.319717	0.810566	0.026871
0.305283	0.839434	0.014802
0.319717	0.839434	0.026871
0.330283	0.810566	0.035706
0.344717	0.810566	0.047774
0.330283	0.839434	0.035706
0.344717	0.839434	0.047774
0.305283	0.860566	0.014802
0.319717	0.860566	0.026871
0.305283	0.889434	0.014802
0.319717	0.889434	0.026871
0.330283	0.860566	0.035706
0.344717	0.860566	0.047774
0.330283	0.889434	0.035706
0.344717	0.889434	0.047774
0.305283	0.910566	0.013207
0.319717	0.910566	0.025276
0.305283	0.939434	0.013207
0.319717	0.939434	0.025276
0.330283	0.910566	0.034111
0.344717	0.910566	0.046179
0.330283	0.939434	0.034111
0.344717	0.939434	0.046179
0.305283	0.960566	0.013207
0.319717	0.960566	0.025276
0.305283	0.989434	0.013207
0.319717	0.989434	0.025276
0.330283	0.960566	0.034111
0.344717	0.960566	0.046179
0.330283	0.989434	0.034111
0.344717	0.989434	0.046179
0.355283	0.910566	0.092076
0.369717	0.910566	0.137021
0.355283	0.939434	0.092076
0.369717	0.939434	0.137021
0.380283	0.910566	0.169923
0.394717	0.910566	0.214869
0.380283	0.939434	0.169923
0.394717	0.939434	0.214869
0.355283	0.960566	0.092076
0.369717	0.960566	0.137021
0.355283	0.989434	0.092076
0.369717	0.989434	0.137021
0.380283	0.960566	0.169923
0.394717	0.960566	0.214869
0.380283	0.989434	0.169923
0.394717	0.989434	0.214869
0.705283	0.810566	0.018416
0.719717	0.810566	0.013384
0.705283	0.839434	0.018416
0.719717	0.839434	0.013384
0.730283	0.810566	0.009701
0.744717	0.810566	0.004669
0.730283	0.839434	0.009701
0.744717	0.839434	0.004669
0.705283	0.860566	0.018416
0.719717	0.860566	0.013384
0.705283	0.889434	0.018416
0.719717	0.889434	0.013384
0.730283	0.860566	0.009701
0.744717	0.860566	0.004669
0.730283	0.889434	0.009701
0.744717	0.889434	0.004669
0.477642	0.005283	0.936812
0.484858	0.005283	0.956408
0.477642	0.019717	0.936812
0.484858	0.019717	0.956408
0.490142	0.005283	0.970753
0.497358	0.005283	0.990350
0.490142	0.019717	0.970753
0.497358	0.019717	0.990350
0.477642	0.030283	0.936812
0.484858	0.030283	0.956408
0.477642	0.044717	0.936812
0.484858	0.044717	0.956408
0.490142	0.030283	0.970753
0.497358	0.030283	0.990350
0.490142	0.044717	0.970753
0.497358	0.044717	0.990350
0.452642	0.055283	0.769878
0.459858	0.055283	0.808988
0.452642	0.069717	0.769878
0.459858	0.069717	0.808988
0.465142	0.055283	0.837619
0.472358	0.055283	0.876729
0.465142	0.069717	0.837619
0.472358	0.069717	0.876729
0.452642	0.080283	0.769878
0.459858	0.080283	0.808988
0.452642	0.094717	0.769878
0.459858	0.094717	0.808988
0.465142	0.080283	0.837619
0.472358	0.080283	0.876729
0.465142	0.094717	0.837619
0.472358	0.094717	0.876729
0.477642	0.055283	0.935179
0.484858	0.055283	0.954776
0.477642	0.069717	0.935179
0.484858	0.069717	0.954776
0.490142	0.055283	0.969121
0.497358	0.055283	0.988718
0.490142	0.069717	0.969121
0.497358	0.069717	0.988718
0.477642	0.080283	0.935179
0.484858	0.080283	0.954776
0.477642	0.094717	0.935179
0.484858	0.094717	0.954776
0.490142	0.080283	0.969121
0.497358	0.080283	0.988718
0.490142	0.094717	0.969121
0.497358	0.094717	0.988718
0.402642	0.105283	0.354869
0.409858	0.105283	0.397010
0.402642	0.119717	0.354869
0.409858	0.119717	0.397010
0.415142	0.105283	0.427860
0.422358	0.105283	0.470001
0.415142	0.119717	0.427860
0.422358	0.119717	0.470001
0.402642	0.130283	0.354869
0.409858	0.130283	0.397010
0.402642	0.144717	0.354869
0.409858	0.144717	0.397010
0.415142	0.130283	0.427860
0.422358	0.130283	0.470001
0.415142	0.144717	0.427860
0.422358	0.144717	0.470001
0.427642	0.105283	0.556261
0.434858	0.105283	0.602653
0.427642	0.119717	0.556261
0.434858	0.119717	0.602653
0.440142	0.105283	0.636614
0.447358	0.105283	0.683006
0.440142	0.119717	0.636614
0.447358	0.119717	0.683006
0.427642	0.130283	0.556261
0.434858	0.130283	0.602653
0.427642	0.144717	0.556261
0.434858	0.144717	0.602653
0.440142	0.130283	0.636614
0.447358	0.130283	0.683006
0.440142	0.144717	0.636614
0.447358	0.144717	0.683006
0.427642	0.155283	0.557986
0.434858	0.155283	0.604378
0.427642	0.169717	0.557986
0.434858	0.169717	0.604378
0.440142	0.155283	0.638339
0.447358	0.155283	0.684730
0.440142	0.169717	0.638339
0.447358	0.169717	0.684730
0.427642	0.180283	0.557986
0.434858	0.180283	0.604378
0.427642	0.194717	0.557986
0.434858	0.194717	0.604378
0.440142	0.180283	0.638339
0.447358	0.180283	0.684730
0.440142	0.194717	0.638339
0.447358	0.194717	0.684730
0.477642	0.105283	0.934446
0.484858	0.105283	0.954042
0.477642	0.119717	0.934446
0.484858	0.119717	0.954042
0.490142	0.105283	0.968388
0.497358	0.105283	0.987984
0.490142	0.119717	0.968388
0.497358	0.119717	0.987984
0.477642	0.130283	0.934446
0.484858	0.130283	0.954042
0.477642	0.144717	0.934446
0.484858	0.144717	0.954042
0.490142	0.130283	0.968388
0.497358	0.130283	0.987984
0.490142	0.144717	0.968388
0.497358	0.144717	0.987984
0.452642	0.155283	0.769144
0.459858	0.155283	0.808254
0.452642	0.169717	0.769144
0.459858	0.169717	0.808254
0.465142	0.155283	0.836885
0.472358	0.155283	0.875996
0.465142	0.169717	0.836885
0.472358	0.169717	0.875996
0.452642	0.180283	0.769144
0.459858	0.180283	0.808254
0.452642	0.194717	0.769144
0.459858	0.194717	0.808254
0.465142	0.180283	0.836885
0.472358	0.180283	0.875996
0.465142	0.194717	0.836885
0.472358	0.194717	0.875996
0.477642	0.155283	0.934446
0.484858	0.155283	0.954042
0.477642	0.169717	0.934446
0.484858	0.169717	0.954042
0.490142	0.155283	0.968388
0.497358	0.155283	0.987984
0.490142	0.169717	0.968388
0.497358	0.169717	0.987984
0.477642	0.180283	0.934446
0.484858	0.180283	0.954042
0.477642	0.194717	0.934446
0.484858	0.194717	0.954042
0.490142	0.180283	0.968388
0.497358	0.180283	0.987984
0.490142	0.194717	0.968388
0.497358	0.194717	0.987984
0.502642	0.005283	1.003197
0.509858	0.005283	0.996457
0.502642	0.019717	1.003197
0.509858	0.019717	0.996457
0.515142	0.005283	0.991524
0.522358	0.005283	0.984784
0.515142	0.019717	0.991524
0.522358	0.019717	0.984784
0.502642	0.030283	1.003197
0.509858	0.030283	0.996457
0.502642	0.044717	1.003197
0.509858	0.044717	0.996457
0.515142	0.030283	0.991524
0.522358	0.030283	0.984784
0.515142	0.044717	0.991524
0.522358	0.044717	0.984784
0.527642	0.005283	0.947436
0.534858	0.005283	0.916755
0.527642	0.019717	0.947436
0.534858	0.019717	0.916755
0.540142	0.005283	0.894294
0.547358	0.005283	0.863613
0.540142	0.019717	0.894294
0.547358	0.019717	0.863613
0.527642	0.030283	0.947436
0.534858	0.030283	0.916755
0.527642	0.044717	0.947436
0.534858	0.044717	0.916755
0.540142	0.030283	0.894294
0.547358	0.030283	0.863613
0.540142	0.044717	0.894294
0.547358	0.044717	0.863613
0.527642	0.055283	0.945093
0.534858	0.055283	0.914411
0.527642	0.069717	0.945093
0.534858	0.069717	0.914411
0.540142	0.055283	0.891951
0.547358	0.055283	0.861269
0.540142	0.069717	0.891951
0.547358	0.069717	0.861269
0.527642	0.080283	0.945093
0.534858	0.080283	0.914411
0.527642	0.094717	0.945093
0.534858	0.094717	0.914411
0.540142	0.080283	0.891951
0.547358	0.080283	0.861269
0.540142	0.094717	0.891951
0.547358	0.094717	0.861269
0.552642	0.055283	0.786809
0.559858	0.055283	0.742433
0.552642	0.069717	0.786809
0.559858	0.069717	0.742433
0.565142	0.055283	0.709948
0.572358	0.055283	0.665571
0.565142	0.069717	0.709948
0.572358	0.069717	0.665571
0.552642	0.080283	0.786809
0.559858	0.080283	0.742433
0.552642	0.094717	0.786809
0.559858	0.094717	0.742433
0.565142	0.080283	0.709948
0.572358	0.080283	0.665571
0.565142	0.094717	0.709948
0.572358	0.094717	0.665571
0.502642	0.105283	1.000831
0.509858	0.105283	0.994091
0.502642	0.119717	1.000831
0.509858	0.119717	0.994091
0.515142	0.105283	0.989158
0.522358	0.105283	0.982418
0.515142	0.119717	0.989158
0.522358	0.119717	0.982418
0.502642	0.130283	1.000831
0.509858	0.130283	0.994091
0.502642	0.144717	1.000831
0.509858	0.144717	0.994091
0.515142	0.130283	0.989158
0.522358	0.130283	0.982418
0.515142	0.144717	0.989158
0.522358	0.144717	0.982418
0.527642	0.105283	0.945071
0.534858	0.105283	0.914389
0.527642	0.119717	0.945071
0.534858	0.119717	0.914389
0.540142	0.105283	0.891929
0.547358	0.105283	0.861247
0.540142	0.119717	0.891929
0.547358	0.119717	0.861247
0.527642	0.130283	0.945071
0.534858	0.130283	0.914389
0.527642	0.144717	0.945071
0.534858	0.144717	0.914389
0.540142	0.130283	0.891929
0.547358	0.130283	0.861247
0.540142	0.144717	0.891929
0.547358	0.144717	0.861247
0.502642	0.155283	1.000831
0.509858	0.155283	0.994091
0.502642	0.169717	1.000831
0.509858	0.169717	0.994091
0.515142	0.155283	0.989158
0.522358	0.155283	0.982418
0.515142	0.169717	0.989158
0.522358	0.169717	0.982418
0.502642	0.180283	1.000831
0.509858	0.180283	0.994091
0.502642	0.194717	1.000831
0.509858	0.194717	0.994091
0.515142	0.180283	0.989158
0.522358	0.180283	0.982418
0.515142	0.194717	0.989158
0.522358	0.194717	0.982418
0.527642	0.155283	0.945071
0.534858	0.155283	0.914389
0.527642	0.169717	0.945071
0.534858	0.169717	0.914389
0.540142	0.155283	0.891929
0.547358	0.155283	0.861247
0.540142	0.169717	0.891929
0.547358	0.169717	0.861247
0.527642	0.180283	0.945071
0.534858	0.180283	0.914389
0.527642	0.194717	0.945071
0.534858	0.194717	0.914389
0.540142	0.180283	0.891929
0.547358	0.180283	0.861247
0.540142	0.194717	0.891929
0.547358	0.194717	0.861247
0.552642	0.105283	0.786787
0.559858	0.105283	0.742411
0.552642	0.119717	0.786787
0.559858	0.119717	0.742411
0.565142	0.105283	0.709925
0.572358	0.105283	0.665549
0.565142	0.119717	0.709925
0.572358	0.119717	0.665549
0.552642	0.130283	0.786787
0.559858	0.130283	0.742411
0.552642	0.144717	0.786787
0.559858	0.144717	0.742411
0.565142	0.130283	0.709925
0.572358	0.130283	0.665549
0.565142	0.144717	0.709925
0.572358	0.144717	0.665549
0.552642	0.155283	0.786787
0.559858	0.155283	0.742411
0.552642	0.169717	0.786787
0.559858	0.169717	0.742411
0.565142	0.155283	0.709925
0.572358	0.155283	0.665549
0.565142	0.169717	0.709925
0.572358	0.169717	0.665549
0.552642	0.180283	0.786787
0.559858	0.180283	0.742411
0.552642	0.194717	0.786787
0.559858	0.194717	0.742411
0.565142	0.180283	0.709925
0.572358	0.180283	0.665549
0.565142	0.194717	0.709925
0.572358	0.194717	0.665549
0.602642	0.005283	0.372731
0.609858	0.005283	0.335535
0.602642	0.019717	0.372731
0.609858	0.019717	0.335535
0.615142	0.005283	0.308306
0.622358	0.005283	0.271110
0.615142	0.019717	0.308306
0.622358	0.019717	0.271110
0.602642	0.030283	0.372731
0.609858	0.030283	0.335535
0.602642	0.044717	0.372731
0.609858	0.044717	0.335535
0.615142	0.030283	0.308306
0.622358	0.030283	0.271110
0.615142	0.044717	0.308306
0.622358	0.044717	0.271110
0.627642	0.005283	0.211864
0.634858	0.005283	0.186490
0.627642	0.019717	0.211864
0.634858	0.019717	0.186490
0.640142	0.005283	0.167914
0.647358	0.005283	0.142540
0.640142	0.019717	0.167914
0.647358	0.019717	0.142540
0.627642	0.030283	0.211864
0.634858	0.030283	0.186490
0.627642	0.044717	0.211864
0.634858	0.044717	0.186490
0.640142	0.030283	0.167914
0.647358	0.030283	0.142540
0.640142	0.044717	0.167914
0.647358	0.044717	0.142540
0.602642	0.055283	0.372216
0.609858	0.055283	0.335020
0.602642	0.069717	0.372216
0.609858	0.069717	0.335020
0.615142	0.055283	0.307791
0.622358	0.055283	0.270596
0.615142	0.069717	0.307791
0.622358	0.069717	0.270596
0.602642	0.080283	0.372216
0.609858	0.080283	0.335020
0.602642	0.094717	0.372216
0.609858	0.094717	0.335020
0.615142	0.080283	0.307791
0.622358	0.080283	0.270596
0.615142	0.094717	0.307791
0.622358	0.094717	0.270596
0.627642	0.055283	0.211349
0.634858	0.055283	0.185975
0.627642	0.069717	0.211349
0.634858	0.069717	0.185975
0.640142	0.055283	0.167399
0.647358	0.055283	0.142025
0.640142	0.069717	0.167399
0.647358	0.069717	0.142025
0.627642	0.080283	0.211349
0.634858	0.080283	0.185975
0.627642	0.094717	0.211349
0.634858	0.094717	0.185975
0.640142	0.080283	0.167399
0.647358	0.080283	0.142025
0.640142	0.094717	0.167399
0.647358	0.094717	0.142025
0.652642	0.005283	0.105502
0.659858	0.005283	0.090780
0.652642	0.019717	0.105502
0.659858	0.019717	0.090780
0.665142	0.005283	0.080002
0.672358	0.005283	0.065280
0.665142	0.019717	0.080002
0.672358	0.019717	0.065280
0.652642	0.030283	0.105502
0.659858	0.030283	0.090780
0.652642	0.044717	0.105502
0.659858	0.044717	0.090780
0.665142	0.030283	0.080002
0.672358	0.030283	0.065280
0.665142	0.044717	0.080002
0.672358	0.044717	0.065280
0.402642	0.355283	0.353323
0.409858	0.355283	0.395464
0.402642	0.369717	0.353323
0.409858	0.369717	0.395464
0.415142	0.355283	0.426314
0.422358	0.355283	0.468455
0.415142	0.369717	0.426314
0.422358	0.369717	0.468455
0.402642	0.380283	0.353323
0.409858	0.380283	0.395464
0.402642	0.394717	0.353323
0.409858	0.394717	0.395464
0.415142	0.380283	0.426314
0.422358	0.380283	0.468455
0.415142	0.394717	0.426314
0.422358	0.394717	0.468455
0.477642	0.305283	0.935148
0.484858	0.305283	0.954744
0.477642	0.319717	0.935148
0.484858	0.319717	0.954744
0.490142	0.305283	0.969089
0.497358	0.305283	0.988686
0.490142	0.319717	0.969089
0.497358	0.319717	0.988686
0.477642	0.330283	0.935148
0.484858	0.330283	0.954744
0.477642	0.344717	0.935148
0.484858	0.344717	0.954744
0.490142	0.330283	0.969089
0.497358	0.330283	0.988686
0.490142	0.344717	0.969089
0.497358	0.344717	0.988686
0.477642	0.355283	0.934728
0.484858	0.355283	0.954325
0.477642	0.369717	0.934728
0.484858	0.369717	0.954325
0.490142	0.355283	0.968670
0.497358	0.355283	0.988266
0.490142	0.369717	0.968670
0.497358	0.369717	0.988266
0.477642	0.380283	0.934728
0.484858	0.380283	0.954325
0.477642	0.394717	0.934728
0.484858	0.394717	0.954325
0.490142	0.380283	0.968670
0.497358	0.380283	0.988266
0.490142	0.394717	0.968670
0.497358	0.394717	0.988266
0.502642	0.255283	1.005198
0.509858	0.255283	0.998459
0.502642	0.269717	1.005198
0.509858	0.269717	0.998459
0.515142	0.255283	0.993525
0.522358	0.255283	0.986786
0.515142	0.269717	0.993525
0.522358	0.269717	0.986786
0.502642	0.280283	1.005198
0.509858	0.280283	0.998459
0.502642	0.294717	1.005198
0.509858	0.294717	0.998459
0.515142	0.280283	0.993525
0.522358	0.280283	0.986786
0.515142	0.294717	0.993525
0.522358	0.294717	0.986786
0.552642	0.205283	0.787601
0.559858	0.205283	0.743225
0.552642	0.219717	0.787601
0.559858	0.219717	0.743225
0.565142	0.205283	0.710739
0.572358	0.205283	0.666363
0.565142	0.219717	0.710739
0.572358	0.219717	0.666363
0.552642	0.230283	0.787601
0.559858	0.230283	0.743225
0.552642	0.244717	0.787601
0.559858	0.244717	0.743225
0.565142	0.230283	0.710739
0.572358	0.230283	0.666363
0.565142	0.244717	0.710739
0.572358	0.244717	0.666363
0.577642	0.205283	0.578209
0.584858	0.205283	0.532756
0.577642	0.219717	0.578209
0.584858	0.219717	0.532756
0.590142	0.205283	0.499482
0.597358	0.205283	0.454029
0.590142	0.219717	0.499482
0.597358	0.219717	0.454029
0.577642	0.230283	0.578209
0.584858	0.230283	0.532756
0.577642	0.244717	0.578209
0.584858	0.244717	0.532756
0.590142	0.230283	0.499482
0.597358	0.230283	0.454029
0.590142	0.244717	0.499482
0.597358	0.244717	0.454029
0.577642	0.255283	0.578209
0.584858	0.255283	0.532756
0.577642	0.269717	0.578209
0.584858	0.269717	0.532756
0.590142	0.255283	0.499482
0.597358	0.255283	0.454029
0.590142	0.269717	0.499482
0.597358	0.269717	0.454029
0.577642	0.280283	0.578209
0.584858	0.280283	0.532756
0.577642	0.294717	0.578209
0.584858	0.294717	0.532756
0.590142	0.280283	0.499482
0.597358	0.280283	0.454029
0.590142	0.294717	0.499482
0.597358	0.294717	0.454029
0.502642	0.355283	1.001114
0.509858	0.355283	0.994374
0.502642	0.369717	1.001114
0.509858	0.369717	0.994374
0.515142	0.355283	0.989441
0.522358	0.355283	0.982701
0.515142	0.369717	0.989441
0.522358	0.369717	0.982701
0.502642	0.380283	1.001114
0.509858	0.380283	0.994374
0.502642	0.394717	1.001114
0.509858	0.394717	0.994374
0.515142	0.380283	0.989441
0.522358	0.380283	0.982701
0.515142	0.394717	0.989441
0.522358	0.394717	0.982701
0.552642	0.305283	0.785053
0.559858	0.305283	0.740676
0.552642	0.319717	0.785053
0.559858	0.319717	0.740676
0.565142	0.305283	0.708191
0.572358	0.305283	0.663815
0.565142	0.319717	0.708191
0.572358	0.319717	0.663815
0.552642	0.330283	0.785053
0.559858	0.330283	0.740676
0.552642	0.344717	0.785053
0.559858	0.344717	0.740676
0.565142	0.330283	0.708191
0.572358	0.330283	0.663815
0.565142	0.344717	0.708191
0.572358	0.344717	0.663815
0.577642	0.305283	0.575660
0.584858	0.305283	0.530207
0.577642	0.319717	0.575660
0.584858	0.319717	0.530207
0.590142	0.305283	0.496934
0.597358	0.305283	0.451481
0.590142	0.319717	0.496934
0.597358	0.319717	0.451481
0.577642	0.330283	0.575660
0.584858	0.330283	0.530207
0.577642	0.344717	0.575660
0.584858	0.344717	0.530207
0.590142	0.330283	0.496934
0.597358	0.330283	0.451481
0.590142	0.344717	0.496934
0.597358	0.344717	0.451481
0.552642	0.355283	0.785345
0.559858	0.355283	0.740968
0.552642	0.369717	0.785345
0.559858	0.369717	0.740968
0.565142	0.355283	0.708483
0.572358	0.355283	0.664107
0.565142	0.369717	0.708483
0.572358	0.369717	0.664107
0.552642	0.380283	0.785345
0.559858	0.380283	0.740968
0.552642	0.394717	0.785345
0.559858	0.394717	0.740968
0.565142	0.380283	0.708483
0.572358	0.380283	0.664107
0.565142	0.394717	0.708483
0.572358	0.394717	0.664107
0.577642	0.355283	0.575952
0.584858	0.355283	0.530500
0.577642	0.369717	0.575952
0.584858	0.369717	0.530500
0.590142	0.355283	0.497226
0.597358	0.355283	0.451773
0.590142	0.369717	0.497226
0.597358	0.369717	0.451773
0.577642	0.380283	0.575952
0.584858	0.380283	0.530500
0.577642	0.394717	0.575952
0.584858	0.394717	0.530500
0.590142	0.380283	0.497226
0.597358	0.380283	0.451773
0.590142	0.394717	0.497226
0.597358	0.394717	0.451773
0.602642	0.205283	0.374173
0.609858	0.205283	0.336978
0.602642	0.219717	0.374173
0.609858	0.219717	0.336978
0.615142	0.205283	0.309749
0.622358	0.205283	0.272553
0.615142	0.219717	0.309749
0.622358	0.219717	0.272553
0.602642	0.230283	0.374173
0.609858	0.230283	0.336978
0.602642	0.244717	0.374173
0.609858	0.244717	0.336978
0.615142	0.230283	0.309749
0.622358	0.230283	0.272553
0.615142	0.244717	0.309749
0.622358	0.244717	0.272553
0.602642	0.255283	0.374173
0.609858	0.255283	0.336978
0.602642	0.269717	0.374173
0.609858	0.269717	0.336978
0.615142	0.255283	0.309749
0.622358	0.255283	0.272553
0.615142	0.269717	0.309749
0.622358	0.269717	0.272553
0.602642	0.280283	0.374173
0.609858	0.280283	0.336978
0.602642	0.294717	0.374173
0.609858	0.294717	0.336978
0.615142	0.280283	0.309749
0.622358	0.280283	0.272553
0.615142	0.294717	0.309749
0.622358	0.294717	0.272553
0.652642	0.205283	0.107259
0.659858	0.205283	0.092537
0.652642	0.219717	0.107259
0.659858	0.219717	0.092537
0.665142	0.205283	0.081759
0.672358	0.205283	0.067037
0.665142	0.219717	0.081759
0.672358	0.219717	0.067037
0.652642	0.230283	0.107259
0.659858	0.230283	0.092537
0.652642	0.244717	0.107259
0.659858	0.244717	0.092537
0.665142	0.230283	0.081759
0.672358	0.230283	0.067037
0.665142	0.244717	0.081759
0.672358	0.244717	0.067037
0.677642	0.205283	0.047240
0.684858	0.205283	0.039895
0.677642	0.219717	0.047240
0.684858	0.219717	0.039895
0.690142	0.205283	0.034518
0.697358	0.205283	0.027173
0.690142	0.219717	0.034518
0.697358	0.219717	0.027173
0.677642	0.230283	0.047240
0.684858	0.230283	0.039895
0.677642	0.244717	0.047240
0.684858	0.244717	0.039895
0.690142	0.230283	0.034518
0.697358	0.230283	0.027173
0.690142	0.244717	0.034518
0.697358	0.244717	0.027173
0.652642	0.255283	0.107259
0.659858	0.255283	0.092537
0.652642	0.269717	0.107259
0.659858	0.269717	0.092537
0.665142	0.255283	0.081759
0.672358	0.255283	0.067037
0.665142	0.269717	0.081759
0.672358	0.269717	0.067037
0.652642	0.280283	0.107259
0.659858	0.280283	0.092537
0.652642	0.294717	0.107259
0.659858	0.294717	0.092537
0.665142	0.280283	0.081759
0.672358	0.280283	0.067037
0.665142	0.294717	0.081759
0.672358	0.294717	0.067037
0.677642	0.255283	0.047240
0.684858	0.255283	0.039895
0.677642	0.269717	0.047240
0.684858	0.269717	0.039895
0.690142	0.255283	0.034518
0.697358	0.255283	0.027173
0.690142	0.269717	0.034518
0.697358	0.269717	0.027173
0.677642	0.280283	0.047240
0.684858	0.280283	0.039895
0.677642	0.294717	0.047240
0.684858	0.294717	0.039895
0.690142	0.280283	0.034518
0.697358	0.280283	0.027173
0.690142	0.294717	0.034518
0.697358	0.294717	0.027173
0.602642	0.305283	0.371625
0.609858	0.305283	0.334430
0.602642	0.319717	0.371625
0.609858	0.319717	0.334430
0.615142	0.305283	0.307201
0.622358	0.305283	0.270005
0.615142	0.319717	0.307201
0.622358	0.319717	0.270005
0.602642	0.330283	0.371625
0.609858	0.330283	0.334430
0.602642	0.344717	0.371625
0.609858	0.344717	0.334430
0.615142	0.330283	0.307201
0.622358	0.330283	0.270005
0.615142	0.344717	0.307201
0.622358	0.344717	0.270005
