0.010566	0.021132	0.004411
0.039434	0.021132	0.004411
0.010566	0.078868	0.004411
0.039434	0.078868	0.004411
0.060566	0.021132	0.004411
0.089434	0.021132	0.004411
0.060566	0.078868	0.004411
0.089434	0.078868	0.004411
0.010566	0.121132	0.004411
0.039434	0.121132	0.004411
0.010566	0.178868	0.004411
0.039434	0.178868	0.004411
0.060566	0.121132	0.004411
0.089434	0.121132	0.004411
0.060566	0.178868	0.004411
0.089434	0.178868	0.004411
0.110566	0.021132	0.004410
0.139434	0.021132	0.004412
0.110566	0.078868	0.004410
0.139434	0.078868	0.004412
0.160566	0.021132	0.004412
0.189434	0.021132	0.004414
0.160566	0.078868	0.004412
0.189434	0.078868	0.004414
0.110566	0.121132	0.004410
0.139434	0.121132	0.004412
0.110566	0.178868	0.004410
0.139434	0.178868	0.004412
0.160566	0.121132	0.004412
0.189434	0.121132	0.004414
0.160566	0.178868	0.004412
0.189434	0.178868	0.004414
0.210566	0.021132	0.004367
0.239434	0.021132	0.004986
0.210566	0.078868	0.004367
0.239434	0.078868	0.004986
0.260566	0.021132	0.005438
0.289434	0.021132	0.006057
0.260566	0.078868	0.005438
0.289434	0.078868	0.006057
0.210566	0.121132	0.004367
0.239434	0.121132	0.004986
0.210566	0.178868	0.004367
0.239434	0.178868	0.004986
0.260566	0.121132	0.005438
0.289434	0.121132	0.006057
0.260566	0.178868	0.005438
0.289434	0.178868	0.006057
0.310566	0.021132	0.012679
0.339434	0.021132	0.048120
0.310566	0.078868	0.012679
0.339434	0.078868	0.048120
0.360566	0.021132	0.074065
0.389434	0.021132	0.109507
0.360566	0.078868	0.074065
0.389434	0.078868	0.109507
0.310566	0.121132	0.012679
0.339434	0.121132	0.048120
0.310566	0.178868	0.012679
0.339434	0.178868	0.048120
0.360566	0.121132	0.074065
0.389434	0.121132	0.109507
0.360566	0.178868	0.074065
0.389434	0.178868	0.109507
0.710566	0.021132	0.017061
0.739434	0.021132	0.010894
0.710566	0.078868	0.017061
0.739434	0.078868	0.010894
0.760566	0.021132	0.006380
0.789434	0.021132	0.000213
0.760566	0.078868	0.006380
0.789434	0.078868	0.000213
0.710566	0.121132	0.017061
0.739434	0.121132	0.010894
0.710566	0.178868	0.017061
0.739434	0.178868	0.010894
0.760566	0.121132	0.006380
0.789434	0.121132	0.000213
0.760566	0.178868	0.006380
0.789434	0.178868	0.000213
0.810566	0.021132	0.000095
0.839434	0.021132	0.000058
0.810566	0.078868	0.000095
0.839434	0.078868	0.000058
0.860566	0.021132	0.000032
0.889434	0.021132	-0.000005
0.860566	0.078868	0.000032
0.889434	0.078868	-0.000005
0.810566	0.121132	0.000095
0.839434	0.121132	0.000058
0.810566	0.178868	0.000095
0.839434	0.178868	0.000058
0.860566	0.121132	0.000032
0.889434	0.121132	-0.000005
0.860566	0.178868	0.000032
0.889434	0.178868	-0.000005
0.910566	0.021132	0.000000
0.939434	0.021132	0.000000
0.910566	0.078868	0.000000
0.939434	0.078868	0.000000
0.960566	0.021132	0.000000
0.989434	0.021132	-0.000000
0.960566	0.078868	0.000000
0.989434	0.078868	-0.000000
0.910566	0.121132	0.000000
0.939434	0.121132	0.000000
0.910566	0.178868	0.000000
0.939434	0.178868	0.000000
0.960566	0.121132	0.000000
0.989434	0.121132	-0.000000
0.960566	0.178868	0.000000
0.989434	0.178868	-0.000000
0.010566	0.221132	0.004411
0.039434	0.221132	0.004411
0.010566	0.278868	0.004411
0.039434	0.278868	0.004411
0.060566	0.221132	0.004411
0.089434	0.221132	0.004411
0.060566	0.278868	0.004411
0.089434	0.278868	0.004411
0.010566	0.321132	0.004411
0.039434	0.321132	0.004411
0.010566	0.378868	0.004411
0.039434	0.378868	0.004411
0.060566	0.321132	0.004411
0.089434	0.321132	0.004411
0.060566	0.378868	0.004411
0.089434	0.378868	0.004411
0.110566	0.221132	0.004410
0.139434	0.221132	0.004412
0.110566	0.278868	0.004410
0.139434	0.278868	0.004412
0.160566	0.221132	0.004412
0.189434	0.221132	0.004414
0.160566	0.278868	0.004412
0.189434	0.278868	0.004414
0.110566	0.321132	0.004410
0.139434	0.321132	0.004412
0.110566	0.378868	0.004410
0.139434	0.378868	0.004412
0.160566	0.321132	0.004412
0.189434	0.321132	0.004414
0.160566	0.378868	0.004412
0.189434	0.378868	0.004414
0.210566	0.221132	0.004367
0.239434	0.221132	0.004986
0.210566	0.278868	0.004367
0.239434	0.278868	0.004986
0.260566	0.221132	0.005438
0.289434	0.221132	0.006057
0.260566	0.278868	0.005438
0.289434	0.278868	0.006057
0.210566	0.321132	0.004367
0.239434	0.321132	0.004986
0.210566	0.378868	0.004367
0.239434	0.378868	0.004986
0.260566	0.321132	0.005438
0.289434	0.321132	0.006057
0.260566	0.378868	0.005438
0.289434	0.378868	0.006057
0.310566	0.221132	0.012679
0.339434	0.221132	0.048120
0.310566	0.278868	0.012679
0.339434	0.278868	0.048120
0.360566	0.221132	0.074065
0.389434	0.221132	0.109507
0.360566	0.278868	0.074065
0.389434	0.278868	0.109507
0.310566	0.321132	0.012679
0.339434	0.321132	0.048120
0.310566	0.378868	0.012679
0.339434	0.378868	0.048120
0.360566	0.321132	0.074065
0.389434	0.321132	0.109507
0.360566	0.378868	0.074065
0.389434	0.378868	0.109507
0.710566	0.221132	0.017061
0.739434	0.221132	0.010894
0.710566	0.278868	0.017061
0.739434	0.278868	0.010894
0.760566	0.221132	0.006380
0.789434	0.221132	0.000213
0.760566	0.278868	0.006380
0.789434	0.278868	0.000213
0.710566	0.321132	0.017061
0.739434	0.321132	0.010894
0.710566	0.378868	0.017061
0.739434	0.378868	0.010894
0.760566	0.321132	0.006380
0.789434	0.321132	0.000213
0.760566	0.378868	0.006380
0.789434	0.378868	0.000213
0.810566	0.221132	0.000095
0.839434	0.221132	0.000058
0.810566	0.278868	0.000095
0.839434	0.278868	0.000058
0.860566	0.221132	0.000032
0.889434	0.221132	-0.000005
0.860566	0.278868	0.000032
0.889434	0.278868	-0.000005
0.810566	0.321132	0.000095
0.839434	0.321132	0.000058
0.810566	0.378868	0.000095
0.839434	0.378868	0.000058
0.860566	0.321132	0.000032
0.889434	0.321132	-0.000005
0.860566	0.378868	0.000032
0.889434	0.378868	-0.000005
0.910566	0.221132	0.000000
0.939434	0.221132	0.000000
0.910566	0.278868	0.000000
0.939434	0.278868	0.000000
0.960566	0.221132	0.000000
0.989434	0.221132	-0.000000
0.960566	0.278868	0.000000
0.989434	0.278868	-0.000000
0.910566	0.321132	0.000000
0.939434	0.321132	0.000000
0.910566	0.378868	0.000000
0.939434	0.378868	0.000000
0.960566	0.321132	0.000000
0.989434	0.321132	-0.000000
0.960566	0.378868	0.000000
0.989434	0.378868	-0.000000
0.010566	0.421132	0.004411
0.039434	0.421132	0.004411
0.010566	0.478868	0.004411
0.039434	0.478868	0.004411
0.060566	0.421132	0.004411
0.089434	0.421132	0.004411
0.060566	0.478868	0.004411
0.089434	0.478868	0.004411
0.010566	0.521132	0.004411
0.039434	0.521132	0.004411
0.010566	0.578868	0.004411
0.039434	0.578868	0.004411
0.060566	0.521132	0.004411
0.089434	0.521132	0.004411
0.060566	0.578868	0.004411
0.089434	0.578868	0.004411
0.110566	0.421132	0.004410
0.139434	0.421132	0.004412
0.110566	0.478868	0.004410
0.139434	0.478868	0.004412
0.160566	0.421132	0.004412
0.189434	0.421132	0.004414
0.160566	0.478868	0.004412
0.189434	0.478868	0.004414
0.110566	0.521132	0.004410
0.139434	0.521132	0.004412
0.110566	0.578868	0.004410
0.139434	0.578868	0.004412
0.160566	0.521132	0.004412
0.189434	0.521132	0.004414
0.160566	0.578868	0.004412
0.189434	0.578868	0.004414
0.210566	0.421132	0.004367
0.239434	0.421132	0.004986
0.210566	0.478868	0.004367
0.239434	0.478868	0.004986
0.260566	0.421132	0.005438
0.289434	0.421132	0.006057
0.260566	0.478868	0.005438
0.289434	0.478868	0.006057
0.210566	0.521132	0.004367
0.239434	0.521132	0.004986
0.210566	0.578868	0.004367
0.239434	0.578868	0.004986
0.260566	0.521132	0.005438
0.289434	0.521132	0.006057
0.260566	0.578868	0.005438
0.289434	0.578868	0.006057
0.310566	0.421132	0.012679
0.339434	0.421132	0.048120
0.310566	0.478868	0.012679
0.339434	0.478868	0.048120
0.360566	0.421132	0.074065
0.389434	0.421132	0.109507
0.360566	0.478868	0.074065
0.389434	0.478868	0.109507
0.310566	0.521132	0.012679
0.339434	0.521132	0.048120
0.310566	0.578868	0.012679
0.339434	0.578868	0.048120
0.360566	0.521132	0.074065
0.389434	0.521132	0.109507
0.360566	0.578868	0.074065
0.389434	0.578868	0.109507
0.710566	0.421132	0.017061
0.739434	0.421132	0.010894
0.710566	0.478868	0.017061
0.739434	0.478868	0.010894
0.760566	0.421132	0.006380
0.789434	0.421132	0.000213
0.760566	0.478868	0.006380
0.789434	0.478868	0.000213
0.710566	0.521132	0.017061
0.739434	0.521132	0.010894
0.710566	0.578868	0.017061
0.739434	0.578868	0.010894
0.760566	0.521132	0.006380
0.789434	0.521132	0.000213
0.760566	0.578868	0.006380
0.789434	0.578868	0.000213
0.810566	0.421132	0.000095
0.839434	0.421132	0.000058
0.810566	0.478868	0.000095
0.839434	0.478868	0.000058
0.860566	0.421132	0.000032
0.889434	0.421132	-0.000005
0.860566	0.478868	0.000032
0.889434	0.478868	-0.000005
0.810566	0.521132	0.000095
0.839434	0.521132	0.000058
0.810566	0.578868	0.000095
0.839434	0.578868	0.000058
0.860566	0.521132	0.000032
0.889434	0.521132	-0.000005
0.860566	0.578868	0.000032
0.889434	0.578868	-0.000005
0.910566	0.421132	0.000000
0.939434	0.421132	0.000000
0.910566	0.478868	0.000000
0.939434	0.478868	0.000000
0.960566	0.421132	0.000000
0.989434	0.421132	-0.000000
0.960566	0.478868	0.000000
0.989434	0.478868	-0.000000
0.910566	0.521132	0.000000
0.939434	0.521132	0.000000
0.910566	0.578868	0.000000
0.939434	0.578868	0.000000
0.960566	0.521132	0.000000
0.989434	0.521132	-0.000000
0.960566	0.578868	0.000000
0.989434	0.578868	-0.000000
0.010566	0.621132	0.004411
0.039434	0.621132	0.004411
0.010566	0.678868	0.004411
0.039434	0.678868	0.004411
0.060566	0.621132	0.004411
0.089434	0.621132	0.004411
0.060566	0.678868	0.004411
0.089434	0.678868	0.004411
0.010566	0.721132	0.004411
0.039434	0.721132	0.004411
0.010566	0.778868	0.004411
0.039434	0.778868	0.004411
0.060566	0.721132	0.004411
0.089434	0.721132	0.004411
0.060566	0.778868	0.004411
0.089434	0.778868	0.004411
0.110566	0.621132	0.004410
0.139434	0.621132	0.004412
0.110566	0.678868	0.004410
0.139434	0.678868	0.004412
0.160566	0.621132	0.004412
0.189434	0.621132	0.004414
0.160566	0.678868	0.004412
0.189434	0.678868	0.004414
0.110566	0.721132	0.004410
0.139434	0.721132	0.004412
0.110566	0.778868	0.004410
0.139434	0.778868	0.004412
0.160566	0.721132	0.004412
0.189434	0.721132	0.004414
0.160566	0.778868	0.004412
0.189434	0.778868	0.004414
0.210566	0.621132	0.004367
0.239434	0.621132	0.004986
0.210566	0.678868	0.004367
0.239434	0.678868	0.004986
0.260566	0.621132	0.005438
0.289434	0.621132	0.006057
0.260566	0.678868	0.005438
0.289434	0.678868	0.006057
0.210566	0.721132	0.004367
0.239434	0.721132	0.004986
0.210566	0.778868	0.004367
0.239434	0.778868	0.004986
0.260566	0.721132	0.005438
0.289434	0.721132	0.006057
0.260566	0.778868	0.005438
0.289434	0.778868	0.006057
0.310566	0.621132	0.012679
0.339434	0.621132	0.048120
0.310566	0.678868	0.012679
0.339434	0.678868	0.048120
0.360566	0.621132	0.074065
0.389434	0.621132	0.109507
0.360566	0.678868	0.074065
0.389434	0.678868	0.109507
0.310566	0.721132	0.012679
0.339434	0.721132	0.048120
0.310566	0.778868	0.012679
0.339434	0.778868	0.048120
0.360566	0.721132	0.074065
0.389434	0.721132	0.109507
0.360566	0.778868	0.074065
0.389434	0.778868	0.109507
0.710566	0.621132	0.017061
0.739434	0.621132	0.010894
0.710566	0.678868	0.017061
0.739434	0.678868	0.010894
0.760566	0.621132	0.006380
0.789434	0.621132	0.000213
0.760566	0.678868	0.006380
0.789434	0.678868	0.000213
0.710566	0.721132	0.017061
0.739434	0.721132	0.010894
0.710566	0.778868	0.017061
0.739434	0.778868	0.010894
0.760566	0.721132	0.006380
0.789434	0.721132	0.000213
0.760566	0.778868	0.006380
0.789434	0.778868	0.000213
0.810566	0.621132	0.000095
0.839434	0.621132	0.000058
0.810566	0.678868	0.000095
0.839434	0.678868	0.000058
0.860566	0.621132	0.000032
0.889434	0.621132	-0.000005
0.860566	0.678868	0.000032
0.889434	0.678868	-0.000005
0.810566	0.721132	0.000095
0.839434	0.721132	0.000058
0.810566	0.778868	0.000095
0.839434	0.778868	0.000058
0.860566	0.721132	0.000032
0.889434	0.721132	-0.000005
0.860566	0.778868	0.000032
0.889434	0.778868	-0.000005
0.910566	0.621132	0.000000
0.939434	0.621132	0.000000
0.910566	0.678868	0.000000
0.939434	0.678868	0.000000
0.960566	0.621132	0.000000
0.989434	0.621132	-0.000000
0.960566	0.678868	0.000000
0.989434	0.678868	-0.000000
0.910566	0.721132	0.000000
0.939434	0.721132	0.000000
0.910566	0.778868	0.000000
0.939434	0.778868	0.000000
0.960566	0.721132	0.000000
0.989434	0.721132	-0.000000
0.960566	0.778868	0.000000
0.989434	0.778868	-0.000000
0.010566	0.821132	0.003927
0.039434	0.821132	0.003927
0.010566	0.878868	0.004119
0.039434	0.878868	0.004119
0.060566	0.821132	0.003927
0.089434	0.821132	0.003927
0.060566	0.878868	0.004119
0.089434	0.878868	0.004119
0.010566	0.921132	0.004259
0.039434	0.921132	0.004259
0.010566	0.978868	0.004451
0.039434	0.978868	0.004451
0.060566	0.921132	0.004259
0.089434	0.921132	0.004259
0.060566	0.978868	0.004451
0.089434	0.978868	0.004451
0.110566	0.821132	0.003927
0.139434	0.821132	0.003928
0.110566	0.878868	0.004118
0.139434	0.878868	0.004120
0.160566	0.821132	0.003929
0.189434	0.821132	0.003930
0.160566	0.878868	0.004121
0.189434	0.878868	0.004122
0.110566	0.921132	0.004259
0.139434	0.921132	0.004260
0.110566	0.978868	0.004451
0.139434	0.978868	0.004452
0.160566	0.921132	0.004261
0.189434	0.921132	0.004262
0.160566	0.978868	0.004453
0.189434	0.978868	0.004454
0.210566	0.821132	0.003883
0.239434	0.821132	0.004502
0.210566	0.878868	0.004075
0.239434	0.878868	0.004694
0.260566	0.821132	0.004955
0.289434	0.821132	0.005573
0.260566	0.878868	0.005147
0.289434	0.878868	0.005765
0.210566	0.921132	0.004215
0.239434	0.921132	0.004834
0.210566	0.978868	0.004407
0.239434	0.978868	0.005026
0.260566	0.921132	0.005287
0.289434	0.921132	0.005906
0.260566	0.978868	0.005479
0.289434	0.978868	0.006098
0.310566	0.821132	-0.009742
0.339434	0.821132	0.062493
0.310566	0.878868	-0.000848
0.339434	0.878868	0.056791
0.310566	0.921132	0.005664
0.339434	0.921132	0.052617
0.310566	0.978868	0.014558
0.339434	0.978868	0.046915
0.360566	0.921132	0.086989
0.389434	0.921132	0.133942
0.360566	0.978868	0.070602
0.389434	0.978868	0.102959
0.710566	0.821132	0.017061
0.739434	0.821132	0.010894
0.710566	0.878868	0.017061
0.739434	0.878868	0.010894
0.760566	0.821132	0.006380
0.789434	0.821132	0.000213
0.760566	0.878868	0.006380
0.789434	0.878868	0.000213
0.710566	0.921132	0.017061
0.739434	0.921132	0.010894
0.710566	0.978868	0.017061
0.739434	0.978868	0.010894
0.760566	0.921132	0.006380
0.789434	0.921132	0.000213
0.760566	0.978868	0.006380
0.789434	0.978868	0.000213
0.810566	0.821132	0.000095
0.839434	0.821132	0.000058
0.810566	0.878868	0.000095
0.839434	0.878868	0.000058
0.860566	0.821132	0.000032
0.889434	0.821132	-0.000005
0.860566	0.878868	0.000032
0.889434	0.878868	-0.000005
0.810566	0.921132	0.000095
0.839434	0.921132	0.000058
0.810566	0.978868	0.000095
0.839434	0.978868	0.000058
0.860566	0.921132	0.000032
0.889434	0.921132	-0.000005
0.860566	0.978868	0.000032
0.889434	0.978868	-0.000005
0.910566	0.821132	0.000000
0.939434	0.821132	0.000000
0.910566	0.878868	0.000000
0.939434	0.878868	0.000000
0.960566	0.821132	0.000000
0.989434	0.821132	-0.000000
0.960566	0.878868	0.000000
0.989434	0.878868	-0.000000
0.910566	0.921132	0.000000
0.939434	0.921132	0.000000
0.910566	0.978868	0.000000
0.939434	0.978868	0.000000
0.960566	0.921132	0.000000
0.989434	0.921132	-0.000000
0.960566	0.978868	0.000000
0.989434	0.978868	-0.000000
0.405283	0.010566	0.345414
0.419717	0.010566	0.433513
0.405283	0.039434	0.345414
0.419717	0.039434	0.433513
0.430283	0.010566	0.498006
0.444717	0.010566	0.586105
0.430283	0.039434	0.498006
0.444717	0.039434	0.586105
0.405283	0.060566	0.345414
0.419717	0.060566	0.433513
0.405283	0.089434	0.345414
0.419717	0.089434	0.433513
0.430283	0.060566	0.498006
0.444717	0.060566	0.586105
0.430283	0.089434	0.498006
0.444717	0.089434	0.586105
0.455283	0.010566	0.764029
0.469717	0.010566	0.834568
0.455283	0.039434	0.764029
0.469717	0.039434	0.834568
0.480283	0.010566	0.886206
0.494717	0.010566	0.956745
0.480283	0.039434	0.886206
0.494717	0.039434	0.956745
0.455283	0.060566	0.764029
0.469717	0.060566	0.834568
0.455283	0.089434	0.764029
0.469717	0.089434	0.834568
0.480283	0.060566	0.886206
0.494717	0.060566	0.956745
0.480283	0.089434	0.886206
0.494717	0.089434	0.956745
0.405283	0.110566	0.345414
0.419717	0.110566	0.433513
0.405283	0.139434	0.345414
0.419717	0.139434	0.433513
0.430283	0.110566	0.498006
0.444717	0.110566	0.586105
0.430283	0.139434	0.498006
0.444717	0.139434	0.586105
0.405283	0.160566	0.345414
0.419717	0.160566	0.433513
0.405283	0.189434	0.345414
0.419717	0.189434	0.433513
0.430283	0.160566	0.498006
0.444717	0.160566	0.586105
0.430283	0.189434	0.498006
0.444717	0.189434	0.586105
0.455283	0.110566	0.764029
0.469717	0.110566	0.834568
0.455283	0.139434	0.764029
0.469717	0.139434	0.834568
0.480283	0.110566	0.886206
0.494717	0.110566	0.956745
0.480283	0.139434	0.886206
0.494717	0.139434	0.956745
0.455283	0.160566	0.764029
0.469717	0.160566	0.834568
0.455283	0.189434	0.764029
0.469717	0.189434	0.834568
0.480283	0.160566	0.886206
0.494717	0.160566	0.956745
0.480283	0.189434	0.886206
0.494717	0.189434	0.956745
0.505283	0.010566	1.009000
0.519717	0.010566	0.982356
0.505283	0.039434	1.009000
0.519717	0.039434	0.982356
0.530283	0.010566	0.962852
0.544717	0.010566	0.936208
0.530283	0.039434	0.962852
0.544717	0.039434	0.936208
0.505283	0.060566	1.009000
0.519717	0.060566	0.982356
0.505283	0.089434	1.009000
0.519717	0.089434	0.982356
0.530283	0.060566	0.962852
0.544717	0.060566	0.936208
0.530283	0.089434	0.962852
0.544717	0.089434	0.936208
0.555283	0.010566	0.798284
0.569717	0.010566	0.706725
0.555283	0.039434	0.798284
0.569717	0.039434	0.706725
0.580283	0.010566	0.639698
0.594717	0.010566	0.548139
0.580283	0.039434	0.639698
0.594717	0.039434	0.548139
0.555283	0.060566	0.798284
0.569717	0.060566	0.706725
0.555283	0.089434	0.798284
0.569717	0.089434	0.706725
0.580283	0.060566	0.639698
0.594717	0.060566	0.548139
0.580283	0.089434	0.639698
0.594717	0.089434	0.548139
0.505283	0.110566	1.009000
0.519717	0.110566	0.982356
0.505283	0.139434	1.009000
0.519717	0.139434	0.982356
0.530283	0.110566	0.962852
0.544717	0.110566	0.936208
0.530283	0.139434	0.962852
0.544717	0.139434	0.936208
0.505283	0.160566	1.009000
0.519717	0.160566	0.982356
0.505283	0.189434	1.009000
0.519717	0.189434	0.982356
0.530283	0.160566	0.962852
0.544717	0.160566	0.936208
0.530283	0.189434	0.962852
0.544717	0.189434	0.936208
0.555283	0.110566	0.798284
0.569717	0.110566	0.706725
0.555283	0.139434	0.798284
0.569717	0.139434	0.706725
0.580283	0.110566	0.639698
0.594717	0.110566	0.548139
0.580283	0.139434	0.639698
0.594717	0.139434	0.548139
0.555283	0.160566	0.798284
0.569717	0.160566	0.706725
0.555283	0.189434	0.798284
0.569717	0.189434	0.706725
0.580283	0.160566	0.639698
0.594717	0.160566	0.548139
0.580283	0.189434	0.639698
0.594717	0.189434	0.548139
0.605283	0.010566	0.378550
0.619717	0.010566	0.309848
0.605283	0.039434	0.378550
0.619717	0.039434	0.309848
0.630283	0.010566	0.259554
0.644717	0.010566	0.190852
0.630283	0.039434	0.259554
0.644717	0.039434	0.190852
0.605283	0.060566	0.378550
0.619717	0.060566	0.309848
0.605283	0.089434	0.378550
0.619717	0.089434	0.309848
0.630283	0.060566	0.259554
0.644717	0.060566	0.190852
0.630283	0.089434	0.259554
0.644717	0.089434	0.190852
0.655283	0.010566	0.106876
0.669717	0.010566	0.081785
0.655283	0.039434	0.106876
0.669717	0.039434	0.081785
0.680283	0.010566	0.063417
0.694717	0.010566	0.038327
0.680283	0.039434	0.063417
0.694717	0.039434	0.038327
0.655283	0.060566	0.106876
0.669717	0.060566	0.081785
0.655283	0.089434	0.106876
0.669717	0.089434	0.081785
0.680283	0.060566	0.063417
0.694717	0.060566	0.038327
0.680283	0.089434	0.063417
0.694717	0.089434	0.038327
0.605283	0.110566	0.378550
0.619717	0.110566	0.309848
0.605283	0.139434	0.378550
0.619717	0.139434	0.309848
0.630283	0.110566	0.259554
0.644717	0.110566	0.190852
0.630283	0.139434	0.259554
0.644717	0.139434	0.190852
0.605283	0.160566	0.378550
0.619717	0.160566	0.309848
0.605283	0.189434	0.378550
0.619717	0.189434	0.309848
0.630283	0.160566	0.259554
0.644717	0.160566	0.190852
0.630283	0.189434	0.259554
0.644717	0.189434	0.190852
0.655283	0.110566	0.106876
0.669717	0.110566	0.081785
0.655283	0.139434	0.106876
0.669717	0.139434	0.081785
0.680283	0.110566	0.063417
0.694717	0.110566	0.038327
0.680283	0.139434	0.063417
0.694717	0.139434	0.038327
0.655283	0.160566	0.106876
0.669717	0.160566	0.081785
0.655283	0.189434	0.106876
0.669717	0.189434	0.081785
0.680283	0.160566	0.063417
0.694717	0.160566	0.038327
0.680283	0.189434	0.063417
0.694717	0.189434	0.038327
0.405283	0.210566	0.345414
0.419717	0.210566	0.433513
0.405283	0.239434	0.345414
0.419717	0.239434	0.433513
0.430283	0.210566	0.498006
0.444717	0.210566	0.586105
0.430283	0.239434	0.498006
0.444717	0.239434	0.586105
0.405283	0.260566	0.345414
0.419717	0.260566	0.433513
0.405283	0.289434	0.345414
0.419717	0.289434	0.433513
0.430283	0.260566	0.498006
0.444717	0.260566	0.586105
0.430283	0.289434	0.498006
0.444717	0.289434	0.586105
0.455283	0.210566	0.764029
0.469717	0.210566	0.834568
0.455283	0.239434	0.764029
0.469717	0.239434	0.834568
0.480283	0.210566	0.886206
0.494717	0.210566	0.956745
0.480283	0.239434	0.886206
0.494717	0.239434	0.956745
0.455283	0.260566	0.764029
0.469717	0.260566	0.834568
0.455283	0.289434	0.764029
0.469717	0.289434	0.834568
0.480283	0.260566	0.886206
0.494717	0.260566	0.956745
0.480283	0.289434	0.886206
0.494717	0.289434	0.956745
0.405283	0.310566	0.345414
0.419717	0.310566	0.433513
0.405283	0.339434	0.345414
0.419717	0.339434	0.433513
0.430283	0.310566	0.498006
0.444717	0.310566	0.586105
0.430283	0.339434	0.498006
0.444717	0.339434	0.586105
0.405283	0.360566	0.345414
0.419717	0.360566	0.433513
0.405283	0.389434	0.345414
0.419717	0.389434	0.433513
0.430283	0.360566	0.498006
0.444717	0.360566	0.586105
0.430283	0.389434	0.498006
0.444717	0.389434	0.586105
0.455283	0.310566	0.764029
0.469717	0.310566	0.834568
0.455283	0.339434	0.764029
0.469717	0.339434	0.834568
0.480283	0.310566	0.886206
0.494717	0.310566	0.956745
0.480283	0.339434	0.886206
0.494717	0.339434	0.956745
0.455283	0.360566	0.764029
0.469717	0.360566	0.834568
0.455283	0.389434	0.764029
0.469717	0.389434	0.834568
0.480283	0.360566	0.886206
0.494717	0.360566	0.956745
0.480283	0.389434	0.886206
0.494717	0.389434	0.956745
0.505283	0.210566	1.009000
0.519717	0.210566	0.982356
0.505283	0.239434	1.009000
0.519717	0.239434	0.982356
0.530283	0.210566	0.962852
0.544717	0.210566	0.936208
0.530283	0.239434	0.962852
0.544717	0.239434	0.936208
0.505283	0.260566	1.009000
0.519717	0.260566	0.982356
0.505283	0.289434	1.009000
0.519717	0.289434	0.982356
0.530283	0.260566	0.962852
0.544717	0.260566	0.936208
0.530283	0.289434	0.962852
0.544717	0.289434	0.936208
0.555283	0.210566	0.798284
0.569717	0.210566	0.706725
0.555283	0.239434	0.798284
0.569717	0.239434	0.706725
0.580283	0.210566	0.639698
0.594717	0.210566	0.548139
0.580283	0.239434	0.639698
0.594717	0.239434	0.548139
0.555283	0.260566	0.798284
0.569717	0.260566	0.706725
0.555283	0.289434	0.798284
0.569717	0.289434	0.706725
0.580283	0.260566	0.639698
0.594717	0.260566	0.548139
0.580283	0.289434	0.639698
0.594717	0.289434	0.548139
0.505283	0.310566	1.009000
0.519717	0.310566	0.982356
0.505283	0.339434	1.009000
0.519717	0.339434	0.982356
0.530283	0.310566	0.962852
0.544717	0.310566	0.936208
0.530283	0.339434	0.962852
0.544717	0.339434	0.936208
0.505283	0.360566	1.009000
0.519717	0.360566	0.982356
0.505283	0.389434	1.009000
0.519717	0.389434	0.982356
0.530283	0.360566	0.962852
0.544717	0.360566	0.936208
0.530283	0.389434	0.962852
0.544717	0.389434	0.936208
0.555283	0.310566	0.798284
0.569717	0.310566	0.706725
0.555283	0.339434	0.798284
0.569717	0.339434	0.706725
0.580283	0.310566	0.639698
0.594717	0.310566	0.548139
0.580283	0.339434	0.639698
0.594717	0.339434	0.548139
0.555283	0.360566	0.798284
0.569717	0.360566	0.706725
0.555283	0.389434	0.798284
0.569717	0.389434	0.706725
0.580283	0.360566	0.639698
0.594717	0.360566	0.548139
0.580283	0.389434	0.639698
0.594717	0.389434	0.548139
0.605283	0.210566	0.378550
0.619717	0.210566	0.309848
0.605283	0.239434	0.378550
0.619717	0.239434	0.309848
0.630283	0.210566	0.259554
0.644717	0.210566	0.190852
0.630283	0.239434	0.259554
0.644717	0.239434	0.190852
0.605283	0.260566	0.378550
0.619717	0.260566	0.309848
0.605283	0.289434	0.378550
0.619717	0.289434	0.309848
0.630283	0.260566	0.259554
0.644717	0.260566	0.190852
0.630283	0.289434	0.259554
0.644717	0.289434	0.190852
0.655283	0.210566	0.106876
0.669717	0.210566	0.081785
0.655283	0.239434	0.106876
0.669717	0.239434	0.081785
0.680283	0.210566	0.063417
0.694717	0.210566	0.038327
0.680283	0.239434	0.063417
0.694717	0.239434	0.038327
0.655283	0.260566	0.106876
0.669717	0.260566	0.081785
0.655283	0.289434	0.106876
0.669717	0.289434	0.081785
0.680283	0.260566	0.063417
0.694717	0.260566	0.038327
0.680283	0.289434	0.063417
0.694717	0.289434	0.038327
0.605283	0.310566	0.378550
0.619717	0.310566	0.309848
0.605283	0.339434	0.378550
0.619717	0.339434	0.309848
0.630283	0.310566	0.259554
0.644717	0.310566	0.190852
0.630283	0.339434	0.259554
0.644717	0.339434	0.190852
0.605283	0.360566	0.378550
0.619717	0.360566	0.309848
0.605283	0.389434	0.378550
0.619717	0.389434	0.309848
0.630283	0.360566	0.259554
0.644717	0.360566	0.190852
0.630283	0.389434	0.259554
0.644717	0.389434	0.190852
0.655283	0.310566	0.106876
0.669717	0.310566	0.081785
0.655283	0.339434	0.106876
0.669717	0.339434	0.081785
0.680283	0.310566	0.063417
0.694717	0.310566	0.038327
0.680283	0.339434	0.063417
0.694717	0.339434	0.038327
0.655283	0.360566	0.106876
0.669717	0.360566	0.081785
0.655283	0.389434	0.106876
0.669717	0.389434	0.081785
0.680283	0.360566	0.063417
0.694717	0.360566	0.038327
0.680283	0.389434	0.063417
0.694717	0.389434	0.038327
0.405283	0.410566	0.345414
0.419717	0.410566	0.433513
0.405283	0.439434	0.345414
0.419717	0.439434	0.433513
0.430283	0.410566	0.498006
0.444717	0.410566	0.586105
0.430283	0.439434	0.498006
0.444717	0.439434	0.586105
0.405283	0.460566	0.345414
0.419717	0.460566	0.433513
0.405283	0.489434	0.345414
0.419717	0.489434	0.433513
0.430283	0.460566	0.498006
0.444717	0.460566	0.586105
0.430283	0.489434	0.498006
0.444717	0.489434	0.586105
0.455283	0.410566	0.764029
0.469717	0.410566	0.834568
0.455283	0.439434	0.764029
0.469717	0.439434	0.834568
0.480283	0.410566	0.886206
0.494717	0.410566	0.956745
0.480283	0.439434	0.886206
0.494717	0.439434	0.956745
0.455283	0.460566	0.764029
0.469717	0.460566	0.834568
0.455283	0.489434	0.764029
0.469717	0.489434	0.834568
0.480283	0.460566	0.886206
0.494717	0.460566	0.956745
0.480283	0.489434	0.886206
0.494717	0.489434	0.956745
0.405283	0.510566	0.345414
0.419717	0.510566	0.433513
0.405283	0.539434	0.345414
0.419717	0.539434	0.433513
0.430283	0.510566	0.498006
0.444717	0.510566	0.586105
0.430283	0.539434	0.498006
0.444717	0.539434	0.586105
0.405283	0.560566	0.345414
0.419717	0.560566	0.433513
0.405283	0.589434	0.345414
0.419717	0.589434	0.433513
0.430283	0.560566	0.498006
0.444717	0.560566	0.586105
0.430283	0.589434	0.498006
0.444717	0.589434	0.586105
0.455283	0.510566	0.764029
0.469717	0.510566	0.834568
0.455283	0.539434	0.764029
0.469717	0.539434	0.834568
0.480283	0.510566	0.886206
0.494717	0.510566	0.956745
0.480283	0.539434	0.886206
0.494717	0.539434	0.956745
0.455283	0.560566	0.764029
0.469717	0.560566	0.834568
0.455283	0.589434	0.764029
0.469717	0.589434	0.834568
0.480283	0.560566	0.886206
0.494717	0.560566	0.956745
0.480283	0.589434	0.886206
0.494717	0.589434	0.956745
0.505283	0.410566	1.009000
0.519717	0.410566	0.982356
0.505283	0.439434	1.009000
0.519717	0.439434	0.982356
0.530283	0.410566	0.962852
0.544717	0.410566	0.936208
0.530283	0.439434	0.962852
0.544717	0.439434	0.936208
0.505283	0.460566	1.009000
0.519717	0.460566	0.982356
0.505283	0.489434	1.009000
0.519717	0.489434	0.982356
0.530283	0.460566	0.962852
0.544717	0.460566	0.936208
0.530283	0.489434	0.962852
0.544717	0.489434	0.936208
0.555283	0.410566	0.798284
0.569717	0.410566	0.706725
0.555283	0.439434	0.798284
0.569717	0.439434	0.706725
0.580283	0.410566	0.639698
0.594717	0.410566	0.548139
0.580283	0.439434	0.639698
0.594717	0.439434	0.548139
0.555283	0.460566	0.798284
0.569717	0.460566	0.706725
0.555283	0.489434	0.798284
0.569717	0.489434	0.706725
0.580283	0.460566	0.639698
0.594717	0.460566	0.548139
0.580283	0.489434	0.639698
0.594717	0.489434	0.548139
0.505283	0.510566	1.009000
0.519717	0.510566	0.982356
0.505283	0.539434	1.009000
0.519717	0.539434	0.982356
0.530283	0.510566	0.962852
0.544717	0.510566	0.936208
0.530283	0.539434	0.962852
0.544717	0.539434	0.936208
0.505283	0.560566	1.009000
0.519717	0.560566	0.982356
0.505283	0.589434	1.009000
0.519717	0.589434	0.982356
0.530283	0.560566	0.962852
0.544717	0.560566	0.936208
0.530283	0.589434	0.962852
0.544717	0.589434	0.936208
0.555283	0.510566	0.798284
0.569717	0.510566	0.706725
0.555283	0.539434	0.798284
0.569717	0.539434	0.706725
0.580283	0.510566	0.639698
0.594717	0.510566	0.548139
0.580283	0.539434	0.639698
0.594717	0.539434	0.548139
0.555283	0.560566	0.798284
0.569717	0.560566	0.706725
0.555283	0.589434	0.798284
0.569717	0.589434	0.706725
0.580283	0.560566	0.639698
0.594717	0.560566	0.548139
0.580283	0.589434	0.639698
0.594717	0.589434	0.548139
0.605283	0.410566	0.378550
0.619717	0.410566	0.309848
0.605283	0.439434	0.378550
0.619717	0.439434	0.309848
0.630283	0.410566	0.259554
0.644717	0.410566	0.190852
0.630283	0.439434	0.259554
0.644717	0.439434	0.190852
0.605283	0.460566	0.378550
0.619717	0.460566	0.309848
0.605283	0.489434	0.378550
0.619717	0.489434	0.309848
0.630283	0.460566	0.259554
0.644717	0.460566	0.190852
0.630283	0.489434	0.259554
0.644717	0.489434	0.190852
0.655283	0.410566	0.106876
0.669717	0.410566	0.081785
0.655283	0.439434	0.106876
0.669717	0.439434	0.081785
0.680283	0.410566	0.063417
0.694717	0.410566	0.038327
0.680283	0.439434	0.063417
0.694717	0.439434	0.038327
0.655283	0.460566	0.106876
0.669717	0.460566	0.081785
0.655283	0.489434	0.106876
0.669717	0.489434	0.081785
0.680283	0.460566	0.063417
0.694717	0.460566	0.038327
0.680283	0.489434	0.063417
0.694717	0.489434	0.038327
0.605283	0.510566	0.378550
0.619717	0.510566	0.309848
0.605283	0.539434	0.378550
0.619717	0.539434	0.309848
0.630283	0.510566	0.259554
0.644717	0.510566	0.190852
0.630283	0.539434	0.259554
0.644717	0.539434	0.190852
0.605283	0.560566	0.378550
0.619717	0.560566	0.309848
0.605283	0.589434	0.378550
0.619717	0.589434	0.309848
0.630283	0.560566	0.259554
0.644717	0.560566	0.190852
0.630283	0.589434	0.259554
0.644717	0.589434	0.190852
0.655283	0.510566	0.106876
0.669717	0.510566	0.081785
0.655283	0.539434	0.106876
0.669717	0.539434	0.081785
0.680283	0.510566	0.063417
0.694717	0.510566	0.038327
0.680283	0.539434	0.063417
0.694717	0.539434	0.038327
0.655283	0.560566	0.106876
0.669717	0.560566	0.081785
0.655283	0.589434	0.106876
0.669717	0.589434	0.081785
0.680283	0.560566	0.063417
0.694717	0.560566	0.038327
0.680283	0.589434	0.063417
0.694717	0.589434	0.038327
0.405283	0.610566	0.345414
0.419717	0.610566	0.433513
0.405283	0.639434	0.345414
0.419717	0.639434	0.433513
0.430283	0.610566	0.498006
0.444717	0.610566	0.586105
0.430283	0.639434	0.498006
0.444717	0.639434	0.586105
0.405283	0.660566	0.345414
0.419717	0.660566	0.433513
0.405283	0.689434	0.345414
0.419717	0.689434	0.433513
0.430283	0.660566	0.498006
0.444717	0.660566	0.586105
0.430283	0.689434	0.498006
0.444717	0.689434	0.586105
0.455283	0.610566	0.764029
0.469717	0.610566	0.834568
0.455283	0.639434	0.764029
0.469717	0.639434	0.834568
0.480283	0.610566	0.886206
0.494717	0.610566	0.956745
0.480283	0.639434	0.886206
0.494717	0.639434	0.956745
0.455283	0.660566	0.764029
0.469717	0.660566	0.834568
0.455283	0.689434	0.764029
0.469717	0.689434	0.834568
0.480283	0.660566	0.886206
0.494717	0.660566	0.956745
0.480283	0.689434	0.886206
0.494717	0.689434	0.956745
0.405283	0.710566	0.345414
0.419717	0.710566	0.433513
0.405283	0.739434	0.345414
0.419717	0.739434	0.433513
0.430283	0.710566	0.498006
0.444717	0.710566	0.586105
0.430283	0.739434	0.498006
0.444717	0.739434	0.586105
0.405283	0.760566	0.345414
0.419717	0.760566	0.433513
0.405283	0.789434	0.345414
0.419717	0.789434	0.433513
0.430283	0.760566	0.498006
0.444717	0.760566	0.586105
0.430283	0.789434	0.498006
0.444717	0.789434	0.586105
0.455283	0.710566	0.764029
0.469717	0.710566	0.834568
0.455283	0.739434	0.764029
0.469717	0.739434	0.834568
0.480283	0.710566	0.886206
0.494717	0.710566	0.956745
0.480283	0.739434	0.886206
0.494717	0.739434	0.956745
0.455283	0.760566	0.764029
0.469717	0.760566	0.834568
0.455283	0.789434	0.764029
0.469717	0.789434	0.834568
0.480283	0.760566	0.886206
0.494717	0.760566	0.956745
0.480283	0.789434	0.886206
0.494717	0.789434	0.956745
0.505283	0.610566	1.009000
0.519717	0.610566	0.982356
0.505283	0.639434	1.009000
0.519717	0.639434	0.982356
0.530283	0.610566	0.962852
0.544717	0.610566	0.936208
0.530283	0.639434	0.962852
0.544717	0.639434	0.936208
0.505283	0.660566	1.009000
0.519717	0.660566	0.982356
0.505283	0.689434	1.009000
0.519717	0.689434	0.982356
0.530283	0.660566	0.962852
0.544717	0.660566	0.936208
0.530283	0.689434	0.962852
0.544717	0.689434	0.936208
0.555283	0.610566	0.798284
0.569717	0.610566	0.706725
0.555283	0.639434	0.798284
0.569717	0.639434	0.706725
0.580283	0.610566	0.639698
0.594717	0.610566	0.548139
0.580283	0.639434	0.639698
0.594717	0.639434	0.548139
0.555283	0.660566	0.798284
0.569717	0.660566	0.706725
0.555283	0.689434	0.798284
0.569717	0.689434	0.706725
0.580283	0.660566	0.639698
0.594717	0.660566	0.548139
0.580283	0.689434	0.639698
0.594717	0.689434	0.548139
0.505283	0.710566	1.009000
0.519717	0.710566	0.982356
0.505283	0.739434	1.009000
0.519717	0.739434	0.982356
0.530283	0.710566	0.962852
0.544717	0.710566	0.936208
0.530283	0.739434	0.962852
0.544717	0.739434	0.936208
0.505283	0.760566	1.009000
0.519717	0.760566	0.982356
0.505283	0.789434	1.009000
0.519717	0.789434	0.982356
0.530283	0.760566	0.962852
0.544717	0.760566	0.936208
0.530283	0.789434	0.962852
0.544717	0.789434	0.936208
0.555283	0.710566	0.798284
0.569717	0.710566	0.706725
0.555283	0.739434	0.798284
0.569717	0.739434	0.706725
0.580283	0.710566	0.639698
0.594717	0.710566	0.548139
0.580283	0.739434	0.639698
0.594717	0.739434	0.548139
0.555283	0.760566	0.798284
0.569717	0.760566	0.706725
0.555283	0.789434	0.798284
0.569717	0.789434	0.706725
0.580283	0.760566	0.639698
0.594717	0.760566	0.548139
0.580283	0.789434	0.639698
0.594717	0.789434	0.548139
0.605283	0.610566	0.378550
0.619717	0.610566	0.309848
0.605283	0.639434	0.378550
0.619717	0.639434	0.309848
0.630283	0.610566	0.259554
0.644717	0.610566	0.190852
0.630283	0.639434	0.259554
0.644717	0.639434	0.190852
0.605283	0.660566	0.378550
0.619717	0.660566	0.309848
0.605283	0.689434	0.378550
0.619717	0.689434	0.309848
0.630283	0.660566	0.259554
0.644717	0.660566	0.190852
0.630283	0.689434	0.259554
0.644717	0.689434	0.190852
0.655283	0.610566	0.106876
0.669717	0.610566	0.081785
0.655283	0.639434	0.106876
0.669717	0.639434	0.081785
0.680283	0.610566	0.063417
0.694717	0.610566	0.038327
0.680283	0.639434	0.063417
0.694717	0.639434	0.038327
0.655283	0.660566	0.106876
0.669717	0.660566	0.081785
0.655283	0.689434	0.106876
0.669717	0.689434	0.081785
0.680283	0.660566	0.063417
0.694717	0.660566	0.038327
0.680283	0.689434	0.063417
0.694717	0.689434	0.038327
0.605283	0.710566	0.378550
0.619717	0.710566	0.309848
0.605283	0.739434	0.378550
0.619717	0.739434	0.309848
0.630283	0.710566	0.259554
0.644717	0.710566	0.190852
0.630283	0.739434	0.259554
0.644717	0.739434	0.190852
0.605283	0.760566	0.378550
0.619717	0.760566	0.309848
0.605283	0.789434	0.378550
0.619717	0.789434	0.309848
0.630283	0.760566	0.259554
0.644717	0.760566	0.190852
0.630283	0.789434	0.259554
0.644717	0.789434	0.190852
0.655283	0.710566	0.106876
0.669717	0.710566	0.081785
0.655283	0.739434	0.106876
0.669717	0.739434	0.081785
0.680283	0.710566	0.063417
0.694717	0.710566	0.038327
0.680283	0.739434	0.063417
0.694717	0.739434	0.038327
0.655283	0.760566	0.106876
0.669717	0.760566	0.081785
0.655283	0.789434	0.106876
0.669717	0.789434	0.081785
0.680283	0.760566	0.063417
0.694717	0.760566	0.038327
0.680283	0.789434	0.063417
0.694717	0.789434	0.038327
0.355283	0.810566	0.092076
0.369717	0.810566	0.137021
0.355283	0.839434	0.092076
0.369717	0.839434	0.137021
0.380283	0.810566	0.169923
0.394717	0.810566	0.214869
0.380283	0.839434	0.169923
0.394717	0.839434	0.214869
0.355283	0.860566	0.092076
0.369717	0.860566	0.137021
0.355283	0.889434	0.092076
0.369717	0.889434	0.137021
0.380283	0.860566	0.169923
0.394717	0.860566	0.214869
0.380283	0.889434	0.169923
0.394717	0.889434	0.214869
0.405283	0.810566	0.345414
0.419717	0.810566	0.433513
0.405283	0.839434	0.345414
0.419717	0.839434	0.433513
0.430283	0.810566	0.498006
0.444717	0.810566	0.586105
0.430283	0.839434	0.498006
0.444717	0.839434	0.586105
0.405283	0.860566	0.345414
0.419717	0.860566	0.433513
0.405283	0.889434	0.345414
0.419717	0.889434	0.433513
0.430283	0.860566	0.498006
0.444717	0.860566	0.586105
0.430283	0.889434	0.498006
0.444717	0.889434	0.586105
0.455283	0.810566	0.764029
0.469717	0.810566	0.834568
0.455283	0.839434	0.764029
0.469717	0.839434	0.834568
0.480283	0.810566	0.886206
0.494717	0.810566	0.956745
0.480283	0.839434	0.886206
0.494717	0.839434	0.956745
0.455283	0.860566	0.764029
0.469717	0.860566	0.834568
0.455283	0.889434	0.764029
0.469717	0.889434	0.834568
0.480283	0.860566	0.886206
0.494717	0.860566	0.956745
0.480283	0.889434	0.886206
0.494717	0.889434	0.956745
0.405283	0.910566	0.345414
0.419717	0.910566	0.433513
0.405283	0.939434	0.345414
0.419717	0.939434	0.433513
0.430283	0.910566	0.498006
0.444717	0.910566	0.586105
0.430283	0.939434	0.498006
0.444717	0.939434	0.586105
0.405283	0.960566	0.345414
0.419717	0.960566	0.433513
0.405283	0.989434	0.345414
0.419717	0.989434	0.433513
0.430283	0.960566	0.498006
0.444717	0.960566	0.586105
0.430283	0.989434	0.498006
0.444717	0.989434	0.586105
0.455283	0.910566	0.764029
0.469717	0.910566	0.834568
0.455283	0.939434	0.764029
0.469717	0.939434	0.834568
0.480283	0.910566	0.886206
0.494717	0.910566	0.956745
0.480283	0.939434	0.886206
0.494717	0.939434	0.956745
0.455283	0.960566	0.764029
0.469717	0.960566	0.834568
0.455283	0.989434	0.764029
0.469717	0.989434	0.834568
0.480283	0.960566	0.886206
0.494717	0.960566	0.956745
0.480283	0.989434	0.886206
0.494717	0.989434	0.956745
0.505283	0.810566	1.009000
0.519717	0.810566	0.982356
0.505283	0.839434	1.009000
0.519717	0.839434	0.982356
0.530283	0.810566	0.962852
0.544717	0.810566	0.936208
0.530283	0.839434	0.962852
0.544717	0.839434	0.936208
0.505283	0.860566	1.009000
0.519717	0.860566	0.982356
0.505283	0.889434	1.009000
0.519717	0.889434	0.982356
0.530283	0.860566	0.962852
0.544717	0.860566	0.936208
0.530283	0.889434	0.962852
0.544717	0.889434	0.936208
0.555283	0.810566	0.798284
0.569717	0.810566	0.706725
0.555283	0.839434	0.798284
0.569717	0.839434	0.706725
0.580283	0.810566	0.639698
0.594717	0.810566	0.548139
0.580283	0.839434	0.639698
0.594717	0.839434	0.548139
0.555283	0.860566	0.798284
0.569717	0.860566	0.706725
0.555283	0.889434	0.798284
0.569717	0.889434	0.706725
0.580283	0.860566	0.639698
0.594717	0.860566	0.548139
0.580283	0.889434	0.639698
0.594717	0.889434	0.548139
0.505283	0.910566	1.009000
0.519717	0.910566	0.982356
0.505283	0.939434	1.009000
0.519717	0.939434	0.982356
0.530283	0.910566	0.962852
0.544717	0.910566	0.936208
0.530283	0.939434	0.962852
0.544717	0.939434	0.936208
0.505283	0.960566	1.009000
0.519717	0.960566	0.982356
0.505283	0.989434	1.009000
0.519717	0.989434	0.982356
0.530283	0.960566	0.962852
0.544717	0.960566	0.936208
0.530283	0.989434	0.962852
0.544717	0.989434	0.936208
0.555283	0.910566	0.798284
0.569717	0.910566	0.706725
0.555283	0.939434	0.798284
0.569717	0.939434	0.706725
0.580283	0.910566	0.639698
0.594717	0.910566	0.548139
0.580283	0.939434	0.639698
0.594717	0.939434	0.548139
0.555283	0.960566	0.798284
0.569717	0.960566	0.706725
0.555283	0.989434	0.798284
0.569717	0.989434	0.706725
0.580283	0.960566	0.639698
0.594717	0.960566	0.548139
0.580283	0.989434	0.639698
0.594717	0.989434	0.548139
0.605283	0.810566	0.378550
0.619717	0.810566	0.309848
0.605283	0.839434	0.378550
0.619717	0.839434	0.309848
0.630283	0.810566	0.259554
0.644717	0.810566	0.190852
0.630283	0.839434	0.259554
0.644717	0.839434	0.190852
0.605283	0.860566	0.378550
0.619717	0.860566	0.309848
0.605283	0.889434	0.378550
0.619717	0.889434	0.309848
0.630283	0.860566	0.259554
0.644717	0.860566	0.190852
0.630283	0.889434	0.259554
0.644717	0.889434	0.190852
0.655283	0.810566	0.106876
0.669717	0.810566	0.081785
0.655283	0.839434	0.106876
0.669717	0.839434	0.081785
0.680283	0.810566	0.063417
0.694717	0.810566	0.038327
0.680283	0.839434	0.063417
0.694717	0.839434	0.038327
0.655283	0.860566	0.106876
0.669717	0.860566	0.081785
0.655283	0.889434	0.106876
0.669717	0.889434	0.081785
0.680283	0.860566	0.063417
0.694717	0.860566	0.038327
0.680283	0.889434	0.063417
0.694717	0.889434	0.038327
0.605283	0.910566	0.378550
0.619717	0.910566	0.309848
0.605283	0.939434	0.378550
0.619717	0.939434	0.309848
0.630283	0.910566	0.259554
0.644717	0.910566	0.190852
0.630283	0.939434	0.259554
0.644717	0.939434	0.190852
0.605283	0.960566	0.378550
0.619717	0.960566	0.309848
0.605283	0.989434	0.378550
0.619717	0.989434	0.309848
0.630283	0.960566	0.259554
0.644717	0.960566	0.190852
0.630283	0.989434	0.259554
0.644717	0.989434	0.190852
0.655283	0.910566	0.106876
0.669717	0.910566	0.081785
0.655283	0.939434	0.106876
0.669717	0.939434	0.081785
0.680283	0.910566	0.063417
0.694717	0.910566	0.038327
0.680283	0.939434	0.063417
0.694717	0.939434	0.038327
0.655283	0.960566	0.106876
0.669717	0.960566	0.081785
0.655283	0.989434	0.106876
0.669717	0.989434	0.081785
0.680283	0.960566	0.063417
0.694717	0.960566	0.038327
0.680283	0.989434	0.063417
0.694717	0.989434	0.038327
