0.021132	0.021132	-0.028762
0.078868	0.021132	-0.028232
0.021132	0.078868	-0.028119
0.078868	0.078868	-0.030365
0.121132	0.021132	-0.027843
0.178868	0.021132	-0.027313
0.121132	0.078868	-0.032008
0.178868	0.078868	-0.034254
0.021132	0.121132	-0.027648
0.078868	0.121132	-0.031926
0.021132	0.178868	-0.027005
0.078868	0.178868	-0.034059
0.121132	0.121132	-0.035057
0.178868	0.121132	-0.039335
0.121132	0.178868	-0.039222
0.178868	0.178868	-0.046276
0.221132	0.021132	-0.013979
0.278868	0.021132	-0.001702
0.221132	0.078868	-0.027342
0.278868	0.078868	-0.012495
0.321132	0.021132	0.007284
0.378868	0.021132	0.019561
0.321132	0.078868	-0.001626
0.378868	0.078868	0.013221
0.221132	0.121132	-0.037124
0.278868	0.121132	-0.020395
0.221132	0.178868	-0.050486
0.278868	0.178868	-0.031188
0.321132	0.121132	-0.008149
0.378868	0.121132	0.008579
0.321132	0.178868	-0.017060
0.378868	0.178868	0.002239
0.421132	0.021132	0.031437
0.478868	0.021132	0.026393
0.421132	0.078868	0.036213
0.478868	0.078868	0.031803
0.521132	0.021132	0.022700
0.578868	0.021132	0.017657
0.521132	0.078868	0.028575
0.578868	0.078868	0.024165
0.421132	0.121132	0.039709
0.478868	0.121132	0.035763
0.421132	0.178868	0.044484
0.478868	0.178868	0.041174
0.521132	0.121132	0.032875
0.578868	0.121132	0.028930
0.521132	0.178868	0.038750
0.578868	0.178868	0.035439
0.621132	0.021132	0.005306
0.678868	0.021132	0.003276
0.621132	0.078868	0.007728
0.678868	0.078868	0.004772
0.721132	0.021132	0.001790
0.778868	0.021132	-0.000241
0.721132	0.078868	0.002609
0.778868	0.078868	-0.000347
0.621132	0.121132	0.009501
0.678868	0.121132	0.005868
0.621132	0.178868	0.011922
0.678868	0.178868	0.007364
0.721132	0.121132	0.003208
0.778868	0.121132	-0.000425
0.721132	0.178868	0.004027
0.778868	0.178868	-0.000532
0.821132	0.021132	0.000001
0.878868	0.021132	0.000001
0.821132	0.078868	0.000002
0.878868	0.078868	0.000001
0.921132	0.021132	0.000000
0.978868	0.021132	-0.000000
0.921132	0.078868	0.000001
0.978868	0.078868	-0.000000
0.821132	0.121132	0.000002
0.878868	0.121132	0.000001
0.821132	0.178868	0.000003
0.878868	0.178868	0.000002
0.921132	0.121132	0.000001
0.978868	0.121132	-0.000000
0.921132	0.178868	0.000001
0.978868	0.178868	-0.000000
0.021132	0.221132	-0.013454
0.078868	0.221132	-0.026840
0.021132	0.278868	-0.001194
0.078868	0.278868	-0.011915
0.121132	0.221132	-0.036639
0.178868	0.221132	-0.050026
0.121132	0.278868	-0.019763
0.178868	0.278868	-0.030485
0.021132	0.321132	0.007781
0.078868	0.321132	-0.000989
0.021132	0.378868	0.020041
0.078868	0.378868	0.013936
0.121132	0.321132	-0.007410
0.178868	0.321132	-0.016180
0.121132	0.378868	0.009466
0.178868	0.378868	0.003361
0.221132	0.221132	-0.107358
0.278868	0.221132	-0.081839
0.221132	0.278868	-0.081508
0.278868	0.278868	-0.085806
0.621132	0.221132	0.011767
0.678868	0.221132	0.007866
0.621132	0.278868	0.037669
0.678868	0.278868	0.022178
0.721132	0.221132	0.005010
0.778868	0.221132	0.001109
0.721132	0.278868	0.010838
0.778868	0.278868	-0.004653
0.821132	0.221132	0.000005
0.878868	0.221132	0.000003
0.821132	0.278868	0.000008
0.878868	0.278868	0.000005
0.921132	0.221132	0.000002
0.978868	0.221132	-0.000000
0.921132	0.278868	0.000002
0.978868	0.278868	-0.000001
0.821132	0.321132	0.000010
0.878868	0.321132	0.000006
0.821132	0.378868	0.000012
0.878868	0.378868	0.000007
0.921132	0.321132	0.000003
0.978868	0.321132	-0.000001
0.921132	0.378868	0.000004
0.978868	0.378868	-0.000001
0.021132	0.421132	0.031468
0.078868	0.421132	0.036717
0.021132	0.478868	0.025964
0.078868	0.478868	0.031818
0.121132	0.421132	0.040559
0.178868	0.421132	0.045807
0.121132	0.478868	0.036103
0.178868	0.478868	0.041957
0.021132	0.521132	0.021935
0.078868	0.521132	0.028231
0.021132	0.578868	0.016430
0.078868	0.578868	0.023332
0.121132	0.521132	0.032841
0.178868	0.521132	0.039138
0.121132	0.578868	0.028385
0.178868	0.578868	0.035287
0.821132	0.421132	0.000021
0.878868	0.421132	0.000013
0.821132	0.478868	0.000020
0.878868	0.478868	0.000012
0.921132	0.421132	0.000007
0.978868	0.421132	-0.000002
0.921132	0.478868	0.000006
0.978868	0.478868	-0.000002
0.821132	0.521132	0.000019
0.878868	0.521132	0.000011
0.821132	0.578868	0.000017
0.878868	0.578868	0.000010
0.921132	0.521132	0.000006
0.978868	0.521132	-0.000002
0.921132	0.578868	0.000005
0.978868	0.578868	-0.000001
0.021132	0.621132	0.003355
0.078868	0.621132	0.004847
0.021132	0.678868	0.002099
0.078868	0.678868	0.003034
0.121132	0.621132	0.005939
0.178868	0.621132	0.007431
0.121132	0.678868	0.003719
0.178868	0.678868	0.004654
0.021132	0.721132	0.001179
0.078868	0.721132	0.001707
0.021132	0.778868	-0.000077
0.078868	0.778868	-0.000106
0.121132	0.721132	0.002094
0.178868	0.721132	0.002622
0.121132	0.778868	-0.000127
0.178868	0.778868	-0.000155
0.221132	0.721132	0.002580
0.278868	0.721132	0.009516
0.221132	0.778868	-0.001576
0.278868	0.778868	-0.006400
0.721132	0.721132	0.002797
0.778868	0.721132	-0.002173
0.721132	0.778868	-0.002173
0.778868	0.778868	0.001657
0.821132	0.621132	0.000003
0.878868	0.621132	0.000002
0.821132	0.678868	0.000002
0.878868	0.678868	0.000001
0.921132	0.621132	0.000001
0.978868	0.621132	-0.000000
0.921132	0.678868	0.000001
0.978868	0.678868	-0.000000
0.821132	0.721132	0.000001
0.878868	0.721132	0.000001
0.821132	0.778868	-0.000000
0.878868	0.778868	-0.000000
0.921132	0.721132	0.000000
0.978868	0.721132	-0.000000
0.921132	0.778868	-0.000000
0.978868	0.778868	0.000000
0.021132	0.821132	0.000001
0.078868	0.821132	0.000002
0.021132	0.878868	0.000001
0.078868	0.878868	0.000001
0.121132	0.821132	0.000002
0.178868	0.821132	0.000003
0.121132	0.878868	0.000001
0.178868	0.878868	0.000002
0.021132	0.921132	0.000000
0.078868	0.921132	0.000001
0.021132	0.978868	-0.000000
0.078868	0.978868	-0.000000
0.121132	0.921132	0.000001
0.178868	0.921132	0.000001
0.121132	0.978868	-0.000000
0.178868	0.978868	-0.000000
0.221132	0.821132	0.000005
0.278868	0.821132	0.000008
0.221132	0.878868	0.000003
0.278868	0.878868	0.000005
0.321132	0.821132	0.000010
0.378868	0.821132	0.000012
0.321132	0.878868	0.000006
0.378868	0.878868	0.000007
0.221132	0.921132	0.000002
0.278868	0.921132	0.000002
0.221132	0.978868	-0.000000
0.278868	0.978868	-0.000001
0.321132	0.921132	0.000003
0.378868	0.921132	0.000004
0.321132	0.978868	-0.000001
0.378868	0.978868	-0.000001
0.421132	0.821132	0.000021
0.478868	0.821132	0.000020
0.421132	0.878868	0.000013
0.478868	0.878868	0.000012
0.521132	0.821132	0.000019
0.578868	0.821132	0.000017
0.521132	0.878868	0.000011
0.578868	0.878868	0.000010
0.421132	0.921132	0.000007
0.478868	0.921132	0.000006
0.421132	0.978868	-0.000002
0.478868	0.978868	-0.000002
0.521132	0.921132	0.000006
0.578868	0.921132	0.000005
0.521132	0.978868	-0.000002
0.578868	0.978868	-0.000001
0.621132	0.821132	0.000003
0.678868	0.821132	0.000002
0.621132	0.878868	0.000002
0.678868	0.878868	0.000001
0.721132	0.821132	0.000001
0.778868	0.821132	-0.000000
0.721132	0.878868	0.000001
0.778868	0.878868	-0.000000
0.621132	0.921132	0.000001
0.678868	0.921132	0.000001
0.621132	0.978868	-0.000000
0.678868	0.978868	-0.000000
0.721132	0.921132	0.000000
0.778868	0.921132	-0.000000
0.721132	0.978868	-0.000000
0.778868	0.978868	0.000000
0.821132	0.821132	0.000000
0.878868	0.821132	0.000000
0.821132	0.878868	0.000000
0.878868	0.878868	0.000000
0.921132	0.821132	0.000000
0.978868	0.821132	-0.000000
0.921132	0.878868	0.000000
0.978868	0.878868	-0.000000
0.821132	0.921132	0.000000
0.878868	0.921132	0.000000
0.821132	0.978868	-0.000000
0.878868	0.978868	-0.000000
0.921132	0.921132	0.000000
0.978868	0.921132	-0.000000
0.921132	0.978868	-0.000000
0.978868	0.978868	0.000000
0.310566	0.210566	-0.065485
0.339434	0.210566	-0.046168
0.310566	0.239434	-0.084029
0.339434	0.239434	-0.066428
0.360566	0.210566	-0.032027
0.389434	0.210566	-0.012710
0.360566	0.239434	-0.053543
0.389434	0.239434	-0.035942
0.310566	0.260566	-0.097605
0.339434	0.260566	-0.081259
0.310566	0.289434	-0.116149
0.339434	0.289434	-0.101519
0.360566	0.260566	-0.069293
0.389434	0.260566	-0.052948
0.360566	0.289434	-0.090809
0.389434	0.289434	-0.076179
0.210566	0.310566	-0.064781
0.239434	0.310566	-0.083519
0.210566	0.339434	-0.045252
0.239434	0.339434	-0.065749
0.260566	0.310566	-0.097237
0.289434	0.310566	-0.115975
0.260566	0.339434	-0.080754
0.289434	0.339434	-0.101252
0.210566	0.360566	-0.030955
0.239434	0.360566	-0.052740
0.210566	0.389434	-0.011426
0.239434	0.389434	-0.034970
0.260566	0.360566	-0.068688
0.289434	0.360566	-0.090474
0.260566	0.389434	-0.052206
0.289434	0.389434	-0.075750
0.310566	0.310566	-0.143571
0.339434	0.310566	-0.140170
0.310566	0.339434	-0.140170
0.339434	0.339434	-0.145019
0.360566	0.310566	-0.137680
0.389434	0.310566	-0.134279
0.360566	0.339434	-0.148569
0.389434	0.339434	-0.153419
0.310566	0.360566	-0.137680
0.339434	0.360566	-0.148569
0.310566	0.389434	-0.134279
0.339434	0.389434	-0.153419
0.360566	0.360566	-0.156541
0.389434	0.360566	-0.167430
0.360566	0.389434	-0.167430
0.389434	0.389434	-0.186571
0.410566	0.210566	0.031131
0.439434	0.210566	0.046519
0.410566	0.239434	0.014525
0.439434	0.239434	0.036329
0.460566	0.210566	0.057784
0.489434	0.210566	0.073172
0.460566	0.239434	0.052291
0.489434	0.239434	0.074096
0.410566	0.260566	0.000765
0.439434	0.260566	0.027886
0.410566	0.289434	-0.015842
0.439434	0.289434	0.017696
0.460566	0.260566	0.047740
0.489434	0.260566	0.074862
0.460566	0.289434	0.042248
0.489434	0.289434	0.075786
0.510566	0.210566	0.072233
0.539434	0.210566	0.060836
0.510566	0.239434	0.084301
0.539434	0.239434	0.072566
0.560566	0.210566	0.052493
0.589434	0.210566	0.041096
0.560566	0.239434	0.063975
0.589434	0.239434	0.052239
0.510566	0.260566	0.093136
0.539434	0.260566	0.081153
0.510566	0.289434	0.105205
0.539434	0.289434	0.092883
0.560566	0.260566	0.072380
0.589434	0.260566	0.060397
0.560566	0.289434	0.083862
0.589434	0.289434	0.071541
0.410566	0.310566	-0.075759
0.439434	0.310566	-0.024926
0.410566	0.339434	-0.100311
0.439434	0.339434	-0.039737
0.460566	0.310566	0.012287
0.489434	0.310566	0.063120
0.460566	0.339434	0.004606
0.489434	0.339434	0.065179
0.410566	0.360566	-0.120654
0.439434	0.360566	-0.052010
0.410566	0.389434	-0.145206
0.439434	0.389434	-0.066821
0.460566	0.360566	-0.001759
0.489434	0.360566	0.066886
0.460566	0.389434	-0.009440
0.489434	0.389434	0.068945
0.510566	0.310566	0.134334
0.539434	0.310566	0.128650
0.510566	0.339434	0.167456
0.539434	0.339434	0.164376
0.560566	0.310566	0.124489
0.589434	0.310566	0.118805
0.560566	0.339434	0.162121
0.589434	0.339434	0.159042
0.510566	0.360566	0.191702
0.539434	0.360566	0.190529
0.510566	0.389434	0.224823
0.539434	0.389434	0.226255
0.560566	0.360566	0.189670
0.589434	0.360566	0.188497
0.560566	0.389434	0.227303
0.589434	0.389434	0.228735
0.610566	0.310566	0.062646
0.639434	0.310566	0.044405
0.610566	0.339434	0.085799
0.639434	0.339434	0.060957
0.660566	0.310566	0.031052
0.689434	0.310566	0.012811
0.660566	0.339434	0.042772
0.689434	0.339434	0.017930
0.610566	0.360566	0.102748
0.639434	0.360566	0.073074
0.610566	0.389434	0.125901
0.639434	0.389434	0.089626
0.660566	0.360566	0.051351
0.689434	0.360566	0.021677
0.660566	0.389434	0.063070
0.689434	0.389434	0.026795
0.710566	0.310566	0.002995
0.739434	0.310566	0.001909
0.710566	0.339434	0.004200
0.739434	0.339434	0.002679
0.760566	0.310566	0.001115
0.789434	0.310566	0.000030
0.760566	0.339434	0.001565
0.789434	0.339434	0.000044
0.710566	0.360566	0.005083
0.739434	0.360566	0.003242
0.710566	0.389434	0.006288
0.739434	0.389434	0.004012
0.760566	0.360566	0.001895
0.789434	0.360566	0.000055
0.760566	0.389434	0.002346
0.789434	0.389434	0.000070
0.210566	0.410566	0.033709
0.239434	0.410566	0.015773
0.210566	0.439434	0.049229
0.239434	0.439434	0.038070
0.260566	0.410566	0.002643
0.289434	0.410566	-0.015292
0.260566	0.439434	0.029901
0.289434	0.439434	0.018743
0.210566	0.460566	0.060590
0.239434	0.460566	0.054393
0.210566	0.489434	0.076110
0.239434	0.489434	0.076690
0.260566	0.460566	0.049856
0.289434	0.460566	0.043659
0.260566	0.489434	0.077114
0.289434	0.489434	0.077694
0.310566	0.410566	-0.074724
0.339434	0.410566	-0.100644
0.310566	0.439434	-0.024301
0.339434	0.439434	-0.039938
0.360566	0.410566	-0.119619
0.389434	0.410566	-0.145539
0.360566	0.439434	-0.051385
0.389434	0.439434	-0.067022
0.310566	0.460566	0.012610
0.339434	0.460566	0.004501
0.310566	0.489434	0.063033
0.339434	0.489434	0.065207
0.360566	0.460566	-0.001435
0.389434	0.460566	-0.009544
0.360566	0.489434	0.066799
0.389434	0.489434	0.068973
0.210566	0.510566	0.075988
0.239434	0.510566	0.087931
0.210566	0.539434	0.064411
0.239434	0.539434	0.076738
0.260566	0.510566	0.096674
0.289434	0.510566	0.108618
0.260566	0.539434	0.085761
0.289434	0.539434	0.098088
0.210566	0.560566	0.055936
0.239434	0.560566	0.068543
0.210566	0.589434	0.044359
0.239434	0.589434	0.057350
0.260566	0.560566	0.077772
0.289434	0.560566	0.090379
0.260566	0.589434	0.066859
0.289434	0.589434	0.079849
0.310566	0.510566	0.134334
0.339434	0.510566	0.167456
0.310566	0.539434	0.128650
0.339434	0.539434	0.164376
0.360566	0.510566	0.191702
0.389434	0.510566	0.224823
0.360566	0.539434	0.190529
0.389434	0.539434	0.226255
0.310566	0.560566	0.124489
0.339434	0.560566	0.162121
0.310566	0.589434	0.118805
0.339434	0.589434	0.159042
0.360566	0.560566	0.189670
0.389434	0.560566	0.227303
0.360566	0.589434	0.188497
0.389434	0.589434	0.228735
0.410566	0.410566	-0.101309
0.439434	0.410566	0.002164
0.410566	0.439434	-0.003730
0.439434	0.439434	0.110578
0.460566	0.410566	0.077912
0.489434	0.410566	0.181385
0.460566	0.439434	0.194257
0.489434	0.439434	0.308565
0.410566	0.460566	0.077121
0.439434	0.460566	0.200406
0.410566	0.489434	0.174700
0.439434	0.489434	0.308819
0.460566	0.460566	0.290657
0.489434	0.460566	0.413942
0.460566	0.489434	0.407001
0.489434	0.489434	0.541121
0.510566	0.410566	0.387540
0.539434	0.410566	0.380027
0.510566	0.439434	0.519052
0.539434	0.439434	0.492346
0.560566	0.410566	0.374527
0.589434	0.410566	0.367015
0.560566	0.439434	0.472795
0.589434	0.439434	0.446088
0.510566	0.460566	0.615326
0.539434	0.460566	0.574568
0.510566	0.489434	0.746839
0.539434	0.489434	0.686887
0.560566	0.460566	0.544731
0.589434	0.460566	0.503973
0.560566	0.489434	0.642999
0.589434	0.489434	0.583047
0.410566	0.510566	0.387240
0.439434	0.510566	0.517986
0.410566	0.539434	0.380124
0.439434	0.539434	0.492689
0.460566	0.510566	0.613699
0.489434	0.510566	0.744445
0.460566	0.539434	0.575092
0.489434	0.539434	0.687658
0.410566	0.560566	0.374227
0.439434	0.560566	0.471728
0.410566	0.589434	0.367111
0.439434	0.589434	0.446431
0.460566	0.560566	0.543104
0.489434	0.560566	0.640605
0.460566	0.589434	0.504498
0.489434	0.589434	0.583818
0.510566	0.510566	0.876928
0.539434	0.510566	0.780306
0.510566	0.539434	0.780306
0.539434	0.539434	0.688837
0.560566	0.510566	0.709574
0.589434	0.510566	0.612952
0.560566	0.539434	0.621878
0.589434	0.539434	0.530409
0.510566	0.560566	0.709574
0.539434	0.560566	0.621878
0.510566	0.589434	0.612952
0.539434	0.589434	0.530409
0.560566	0.560566	0.557680
0.589434	0.560566	0.469983
0.560566	0.589434	0.469983
0.589434	0.589434	0.387441
0.610566	0.410566	0.199161
0.639434	0.410566	0.141529
0.610566	0.439434	0.235612
0.639434	0.439434	0.166914
0.660566	0.410566	0.099340
0.689434	0.410566	0.041708
0.660566	0.439434	0.116623
0.689434	0.439434	0.047925
0.610566	0.460566	0.262296
0.639434	0.460566	0.185496
0.610566	0.489434	0.298747
0.639434	0.489434	0.210881
0.660566	0.460566	0.129275
0.689434	0.460566	0.052476
0.660566	0.489434	0.146558
0.689434	0.489434	0.058692
0.710566	0.410566	0.009761
0.739434	0.410566	0.006229
0.710566	0.439434	0.011166
0.739434	0.439434	0.007123
0.760566	0.410566	0.003643
0.789434	0.410566	0.000111
0.760566	0.439434	0.004163
0.789434	0.439434	0.000120
0.710566	0.460566	0.012195
0.739434	0.460566	0.007778
0.710566	0.489434	0.013601
0.739434	0.489434	0.008672
0.760566	0.460566	0.004544
0.789434	0.460566	0.000127
0.760566	0.489434	0.005065
0.789434	0.489434	0.000136
0.610566	0.510566	0.301171
0.639434	0.510566	0.211508
0.610566	0.539434	0.257561
0.639434	0.539434	0.180615
0.660566	0.510566	0.145871
0.689434	0.510566	0.056208
0.660566	0.539434	0.124287
0.689434	0.539434	0.047341
0.610566	0.560566	0.225636
0.639434	0.560566	0.158000
0.610566	0.589434	0.182026
0.639434	0.589434	0.127106
0.660566	0.560566	0.108486
0.689434	0.560566	0.040850
0.660566	0.589434	0.086902
0.689434	0.589434	0.031982
0.710566	0.510566	0.012919
0.739434	0.510566	0.008232
0.710566	0.539434	0.010852
0.739434	0.539434	0.006914
0.760566	0.510566	0.004801
0.789434	0.510566	0.000114
0.760566	0.539434	0.004031
0.789434	0.539434	0.000093
0.710566	0.560566	0.009340
0.739434	0.560566	0.005949
0.710566	0.589434	0.007273
0.739434	0.589434	0.004632
0.760566	0.560566	0.003467
0.789434	0.560566	0.000077
0.760566	0.589434	0.002698
0.789434	0.589434	0.000056
0.210566	0.610566	0.020205
0.239434	0.610566	0.027313
0.210566	0.639434	0.014049
0.239434	0.639434	0.019072
0.260566	0.610566	0.032516
0.289434	0.610566	0.039624
0.260566	0.639434	0.022750
0.289434	0.639434	0.027773
0.210566	0.660566	0.009542
0.239434	0.660566	0.013040
0.210566	0.689434	0.003386
0.239434	0.689434	0.004799
0.260566	0.660566	0.015600
0.289434	0.660566	0.019097
0.260566	0.689434	0.005833
0.289434	0.689434	0.007246
0.310566	0.610566	0.062646
0.339434	0.610566	0.085799
0.310566	0.639434	0.044405
0.339434	0.639434	0.060957
0.360566	0.610566	0.102748
0.389434	0.610566	0.125901
0.360566	0.639434	0.073074
0.389434	0.639434	0.089626
0.310566	0.660566	0.031052
0.339434	0.660566	0.042772
0.310566	0.689434	0.012811
0.339434	0.689434	0.017930
0.360566	0.660566	0.051351
0.389434	0.660566	0.063070
0.360566	0.689434	0.021677
0.389434	0.689434	0.026795
0.310566	0.710566	0.002995
0.339434	0.710566	0.004200
0.310566	0.739434	0.001909
0.339434	0.739434	0.002679
0.360566	0.710566	0.005083
0.389434	0.710566	0.006288
0.360566	0.739434	0.003242
0.389434	0.739434	0.004012
0.310566	0.760566	0.001115
0.339434	0.760566	0.001565
0.310566	0.789434	0.000030
0.339434	0.789434	0.000044
0.360566	0.760566	0.001895
0.389434	0.760566	0.002346
0.360566	0.789434	0.000055
0.389434	0.789434	0.000070
0.410566	0.610566	0.196860
0.439434	0.610566	0.232869
0.410566	0.639434	0.142270
0.439434	0.639434	0.167797
0.460566	0.610566	0.259230
0.489434	0.610566	0.295239
0.460566	0.639434	0.186484
0.489434	0.639434	0.212011
0.410566	0.660566	0.097039
0.439434	0.660566	0.113880
0.410566	0.689434	0.042449
0.439434	0.689434	0.048808
0.460566	0.660566	0.126209
0.489434	0.660566	0.143050
0.460566	0.689434	0.053463
0.489434	0.689434	0.059822
0.510566	0.610566	0.301171
0.539434	0.610566	0.257561
0.510566	0.639434	0.211508
0.539434	0.639434	0.180615
0.560566	0.610566	0.225636
0.589434	0.610566	0.182026
0.560566	0.639434	0.158000
0.589434	0.639434	0.127106
0.510566	0.660566	0.145871
0.539434	0.660566	0.124287
0.510566	0.689434	0.056208
0.539434	0.689434	0.047341
0.560566	0.660566	0.108486
0.589434	0.660566	0.086902
0.560566	0.689434	0.040850
0.589434	0.689434	0.031982
0.410566	0.710566	0.009620
0.439434	0.710566	0.011005
0.410566	0.739434	0.006274
0.439434	0.739434	0.007175
0.460566	0.710566	0.012019
0.489434	0.710566	0.013404
0.460566	0.739434	0.007835
0.489434	0.739434	0.008736
0.410566	0.760566	0.003502
0.439434	0.760566	0.004002
0.410566	0.789434	0.000156
0.439434	0.789434	0.000172
0.460566	0.760566	0.004368
0.489434	0.760566	0.004868
0.460566	0.789434	0.000184
0.489434	0.789434	0.000200
0.510566	0.710566	0.012919
0.539434	0.710566	0.010852
0.510566	0.739434	0.008232
0.539434	0.739434	0.006914
0.560566	0.710566	0.009340
0.589434	0.710566	0.007273
0.560566	0.739434	0.005949
0.589434	0.739434	0.004632
0.510566	0.760566	0.004801
0.539434	0.760566	0.004031
0.510566	0.789434	0.000114
0.539434	0.789434	0.000093
0.560566	0.760566	0.003467
0.589434	0.760566	0.002698
0.560566	0.789434	0.000077
0.589434	0.789434	0.000056
0.610566	0.610566	0.083635
0.639434	0.610566	0.058227
0.610566	0.639434	0.058227
0.639434	0.639434	0.040517
0.660566	0.610566	0.039626
0.689434	0.610566	0.014217
0.660566	0.639434	0.027554
0.689434	0.639434	0.009844
0.610566	0.660566	0.039626
0.639434	0.660566	0.027554
0.610566	0.689434	0.014217
0.639434	0.689434	0.009844
0.660566	0.660566	0.018716
0.689434	0.660566	0.006643
0.660566	0.689434	0.006643
0.689434	0.689434	0.002270
0.710566	0.610566	0.003206
0.739434	0.610566	0.002041
0.710566	0.639434	0.002206
0.739434	0.639434	0.001406
0.760566	0.610566	0.001188
0.789434	0.610566	0.000023
0.760566	0.639434	0.000820
0.789434	0.639434	0.000019
0.710566	0.660566	0.001475
0.739434	0.660566	0.000941
0.710566	0.689434	0.000475
0.739434	0.689434	0.000306
0.760566	0.660566	0.000550
0.789434	0.660566	0.000016
0.760566	0.689434	0.000182
0.789434	0.689434	0.000012
0.610566	0.710566	0.003206
0.639434	0.710566	0.002206
0.610566	0.739434	0.002041
0.639434	0.739434	0.001406
0.660566	0.710566	0.001475
0.689434	0.710566	0.000475
0.660566	0.739434	0.000941
0.689434	0.739434	0.000306
0.610566	0.760566	0.001188
0.639434	0.760566	0.000820
0.610566	0.789434	0.000023
0.639434	0.789434	0.000019
0.660566	0.760566	0.000550
0.689434	0.760566	0.000182
0.660566	0.789434	0.000016
0.689434	0.789434	0.000012
