0.121132	0.021132	-0.036212
0.178868	0.021132	-0.033614
0.121132	0.078868	-0.040238
0.178868	0.078868	-0.041256
0.121132	0.121132	-0.043186
0.178868	0.121132	-0.046850
0.121132	0.178868	-0.047213
0.178868	0.178868	-0.054492
0.221132	0.121132	-0.046187
0.278868	0.121132	-0.019107
0.221132	0.178868	-0.065364
0.278868	0.178868	-0.033794
0.421132	0.021132	0.030669
0.478868	0.021132	0.020588
0.421132	0.078868	0.041009
0.478868	0.078868	0.030243
0.621132	0.021132	0.002206
0.678868	0.021132	0.001363
0.621132	0.078868	0.003211
0.678868	0.078868	0.001985
0.721132	0.021132	0.000746
0.778868	0.021132	-0.000097
0.721132	0.078868	0.001087
0.778868	0.078868	-0.000139
0.621132	0.121132	0.003947
0.678868	0.121132	0.002440
0.621132	0.178868	0.004952
0.678868	0.178868	0.003061
0.721132	0.121132	0.001337
0.778868	0.121132	-0.000170
0.721132	0.178868	0.001678
0.778868	0.178868	-0.000213
0.921132	0.021132	0.000000
0.978868	0.021132	-0.000000
0.921132	0.078868	0.000000
0.978868	0.078868	-0.000000
0.821132	0.121132	0.000001
0.878868	0.121132	0.000001
0.821132	0.178868	0.000002
0.878868	0.178868	0.000001
0.921132	0.121132	0.000000
0.978868	0.121132	-0.000000
0.921132	0.178868	0.000001
0.978868	0.178868	-0.000000
0.121132	0.221132	-0.049959
0.178868	0.221132	-0.069072
0.121132	0.278868	-0.023331
0.178868	0.278868	-0.039029
0.921132	0.221132	0.000001
0.978868	0.221132	-0.000001
0.921132	0.278868	0.000002
0.978868	0.278868	-0.000001
0.021132	0.421132	0.032345
0.078868	0.421132	0.037942
0.021132	0.478868	0.026454
0.078868	0.478868	0.032745
0.121132	0.421132	0.042039
0.178868	0.421132	0.047636
0.121132	0.478868	0.037350
0.178868	0.478868	0.043641
0.021132	0.521132	0.022142
0.078868	0.521132	0.028941
0.021132	0.578868	0.016252
0.078868	0.578868	0.023744
0.121132	0.521132	0.033918
0.178868	0.521132	0.040716
0.121132	0.578868	0.029229
0.178868	0.578868	0.036721
0.821132	0.421132	0.000021
0.878868	0.421132	0.000013
0.821132	0.478868	0.000020
0.878868	0.478868	0.000012
0.821132	0.521132	0.000019
0.878868	0.521132	0.000011
0.821132	0.578868	0.000017
0.878868	0.578868	0.000010
0.021132	0.621132	0.001236
0.078868	0.621132	0.003775
0.021132	0.678868	0.000840
0.078868	0.678868	0.002225
0.121132	0.721132	0.001486
0.178868	0.721132	0.002026
0.121132	0.778868	-0.000909
0.178868	0.778868	-0.001523
0.821132	0.621132	0.000003
0.878868	0.621132	0.000002
0.821132	0.678868	0.000002
0.878868	0.678868	0.000001
0.821132	0.721132	0.000001
0.878868	0.721132	0.000001
0.821132	0.778868	-0.000000
0.878868	0.778868	-0.000000
0.121132	0.821132	0.000001
0.178868	0.821132	0.000001
0.121132	0.878868	0.000001
0.178868	0.878868	0.000001
0.360566	0.260566	-0.062652
0.389434	0.260566	-0.039624
0.360566	0.289434	-0.087585
0.389434	0.289434	-0.065797
0.210566	0.310566	-0.065431
0.239434	0.310566	-0.090797
0.210566	0.339434	-0.039426
0.239434	0.339434	-0.066207
0.260566	0.310566	-0.109366
0.289434	0.310566	-0.134732
0.260566	0.339434	-0.085813
0.289434	0.339434	-0.112594
0.210566	0.360566	-0.020388
0.239434	0.360566	-0.048206
0.210566	0.389434	0.005617
0.239434	0.389434	-0.023616
0.310566	0.360566	-0.142083
0.339434	0.360566	-0.150862
0.310566	0.389434	-0.132495
0.339434	0.389434	-0.154456
0.360566	0.360566	-0.157290
0.389434	0.360566	-0.166069
0.360566	0.389434	-0.170532
0.389434	0.389434	-0.192493
0.410566	0.210566	0.035882
0.439434	0.210566	0.052663
0.410566	0.239434	0.017716
0.439434	0.239434	0.041193
0.460566	0.210566	0.064948
0.489434	0.210566	0.081729
0.460566	0.239434	0.058379
0.489434	0.239434	0.081856
0.410566	0.260566	0.002663
0.439434	0.260566	0.031688
0.410566	0.289434	-0.015504
0.439434	0.289434	0.020217
0.510566	0.210566	0.077831
0.539434	0.210566	0.060812
0.510566	0.239434	0.088767
0.539434	0.239434	0.073196
0.510566	0.260566	0.096772
0.539434	0.260566	0.082261
0.510566	0.289434	0.107708
0.539434	0.289434	0.094645
0.560566	0.260566	0.071638
0.589434	0.260566	0.057127
0.560566	0.289434	0.085082
0.589434	0.289434	0.072018
0.410566	0.310566	-0.068832
0.439434	0.310566	-0.017373
0.410566	0.339434	-0.094215
0.439434	0.339434	-0.032394
0.460566	0.310566	0.020298
0.489434	0.310566	0.071757
0.460566	0.339434	0.012863
0.489434	0.339434	0.074684
0.410566	0.360566	-0.115247
0.439434	0.360566	-0.044839
0.410566	0.389434	-0.140630
0.439434	0.389434	-0.059860
0.460566	0.360566	0.006702
0.489434	0.360566	0.077109
0.460566	0.389434	-0.000733
0.489434	0.389434	0.080036
0.510566	0.310566	0.141958
0.539434	0.310566	0.124737
0.510566	0.339434	0.182171
0.539434	0.339434	0.172444
0.560566	0.310566	0.112130
0.589434	0.310566	0.094909
0.560566	0.339434	0.165323
0.589434	0.339434	0.155596
0.510566	0.360566	0.211609
0.539434	0.360566	0.207367
0.510566	0.389434	0.251821
0.539434	0.389434	0.255074
0.710566	0.360566	0.005237
0.739434	0.360566	0.003314
0.710566	0.389434	0.006481
0.739434	0.389434	0.004145
0.760566	0.360566	0.001906
0.789434	0.360566	-0.000018
0.760566	0.389434	0.002435
0.789434	0.389434	0.000099
0.210566	0.410566	0.035920
0.239434	0.410566	0.018004
0.210566	0.439434	0.051287
0.239434	0.439434	0.040464
0.260566	0.410566	0.004889
0.289434	0.410566	-0.013027
0.260566	0.439434	0.032540
0.289434	0.439434	0.021716
0.210566	0.460566	0.062537
0.239434	0.460566	0.056905
0.210566	0.489434	0.077904
0.239434	0.489434	0.079364
0.260566	0.460566	0.052782
0.289434	0.460566	0.047150
0.260566	0.489434	0.080433
0.289434	0.489434	0.081893
0.310566	0.410566	-0.073018
0.339434	0.410566	-0.107052
0.310566	0.439434	-0.021922
0.339434	0.439434	-0.037589
0.360566	0.410566	-0.131967
0.389434	0.410566	-0.166001
0.360566	0.439434	-0.049057
0.389434	0.439434	-0.064724
0.310566	0.460566	0.015483
0.339434	0.460566	0.013262
0.310566	0.489434	0.066579
0.339434	0.489434	0.082725
0.210566	0.510566	0.076107
0.239434	0.510566	0.088031
0.210566	0.539434	0.064550
0.239434	0.539434	0.076857
0.260566	0.510566	0.096760
0.289434	0.510566	0.108683
0.260566	0.539434	0.085867
0.289434	0.539434	0.098174
0.210566	0.560566	0.056090
0.239434	0.560566	0.068677
0.210566	0.589434	0.044532
0.239434	0.589434	0.057504
0.260566	0.560566	0.077892
0.289434	0.560566	0.090480
0.260566	0.589434	0.066999
0.289434	0.589434	0.079971
0.310566	0.510566	0.134362
0.339434	0.510566	0.167483
0.310566	0.539434	0.128678
0.339434	0.539434	0.164403
0.360566	0.510566	0.191729
0.389434	0.510566	0.224850
0.360566	0.539434	0.190556
0.389434	0.539434	0.226282
0.310566	0.560566	0.124517
0.339434	0.560566	0.162149
0.310566	0.589434	0.118833
0.339434	0.589434	0.159070
0.360566	0.560566	0.189698
0.389434	0.560566	0.227330
0.360566	0.589434	0.188526
0.389434	0.589434	0.228763
0.410566	0.410566	-0.101288
0.439434	0.410566	0.002184
0.410566	0.439434	-0.003708
0.439434	0.439434	0.110599
0.460566	0.410566	0.077931
0.489434	0.410566	0.181404
0.460566	0.439434	0.194277
0.489434	0.439434	0.308584
0.410566	0.460566	0.077144
0.439434	0.460566	0.200428
0.410566	0.489434	0.174724
0.439434	0.489434	0.308842
0.460566	0.460566	0.290678
0.489434	0.460566	0.413962
0.460566	0.489434	0.407024
0.489434	0.489434	0.541142
0.510566	0.410566	0.387555
0.539434	0.410566	0.380041
0.510566	0.439434	0.519070
0.539434	0.439434	0.492361
0.560566	0.410566	0.374540
0.589434	0.410566	0.367026
0.560566	0.439434	0.472809
0.589434	0.439434	0.446101
0.510566	0.460566	0.615345
0.539434	0.460566	0.574585
0.510566	0.489434	0.746859
0.539434	0.489434	0.686905
0.560566	0.460566	0.544747
0.589434	0.460566	0.503988
0.560566	0.489434	0.643016
0.589434	0.489434	0.583063
0.410566	0.510566	0.387265
0.439434	0.510566	0.518011
0.410566	0.539434	0.380149
0.439434	0.539434	0.492714
0.460566	0.510566	0.613723
0.489434	0.510566	0.744469
0.460566	0.539434	0.575117
0.489434	0.539434	0.687682
0.410566	0.560566	0.374254
0.439434	0.560566	0.471754
0.410566	0.589434	0.367138
0.439434	0.589434	0.446457
0.460566	0.560566	0.543129
0.489434	0.560566	0.640630
0.460566	0.589434	0.504523
0.489434	0.589434	0.583842
0.510566	0.510566	0.876951
0.539434	0.510566	0.780328
0.510566	0.539434	0.780329
0.539434	0.539434	0.688860
0.560566	0.510566	0.709595
0.589434	0.510566	0.612972
0.560566	0.539434	0.621900
0.589434	0.539434	0.530431
0.510566	0.560566	0.709598
0.539434	0.560566	0.621901
0.510566	0.589434	0.612976
0.539434	0.589434	0.530433
0.560566	0.560566	0.557703
0.589434	0.560566	0.470006
0.560566	0.589434	0.470008
0.589434	0.589434	0.387465
0.610566	0.410566	0.199168
0.639434	0.410566	0.141535
0.610566	0.439434	0.235621
0.639434	0.439434	0.166921
0.660566	0.410566	0.099344
0.689434	0.410566	0.041711
0.660566	0.439434	0.116629
0.689434	0.439434	0.047929
0.610566	0.460566	0.262306
0.639434	0.460566	0.185505
0.610566	0.489434	0.298759
0.639434	0.489434	0.210891
0.660566	0.460566	0.129282
0.689434	0.460566	0.052480
0.660566	0.489434	0.146567
0.689434	0.489434	0.058698
0.710566	0.410566	0.009762
0.739434	0.410566	0.006229
0.710566	0.439434	0.011168
0.739434	0.439434	0.007124
0.760566	0.410566	0.003643
0.789434	0.410566	0.000111
0.760566	0.439434	0.004164
0.789434	0.439434	0.000120
0.710566	0.460566	0.012197
0.739434	0.460566	0.007779
0.710566	0.489434	0.013603
0.739434	0.489434	0.008674
0.760566	0.460566	0.004545
0.789434	0.460566	0.000127
0.760566	0.489434	0.005065
0.789434	0.489434	0.000136
0.610566	0.510566	0.301188
0.639434	0.510566	0.211523
0.610566	0.539434	0.257580
0.639434	0.539434	0.180632
0.660566	0.510566	0.145883
0.689434	0.510566	0.056218
0.660566	0.539434	0.124302
0.689434	0.539434	0.047354
0.610566	0.560566	0.225658
0.639434	0.560566	0.158019
0.610566	0.589434	0.182050
0.639434	0.589434	0.127128
0.660566	0.560566	0.108504
0.689434	0.560566	0.040865
0.660566	0.589434	0.086922
0.689434	0.589434	0.032000
0.710566	0.510566	0.012922
0.739434	0.510566	0.008234
0.710566	0.539434	0.010858
0.739434	0.539434	0.006917
0.760566	0.510566	0.004801
0.789434	0.510566	0.000113
0.760566	0.539434	0.004032
0.789434	0.539434	0.000091
0.710566	0.560566	0.009347
0.739434	0.560566	0.005953
0.710566	0.589434	0.007283
0.739434	0.589434	0.004637
0.760566	0.560566	0.003469
0.789434	0.560566	0.000075
0.760566	0.589434	0.002700
0.789434	0.589434	0.000054
0.210566	0.610566	0.020415
0.239434	0.610566	0.027518
0.210566	0.639434	0.014250
0.239434	0.639434	0.019303
0.260566	0.610566	0.032717
0.289434	0.610566	0.039819
0.260566	0.639434	0.023002
0.289434	0.639434	0.028055
0.210566	0.660566	0.009736
0.239434	0.660566	0.013290
0.210566	0.689434	0.003571
0.239434	0.689434	0.005075
0.260566	0.660566	0.015891
0.289434	0.660566	0.019444
0.260566	0.689434	0.006176
0.289434	0.689434	0.007680
0.310566	0.610566	0.062675
0.339434	0.610566	0.085828
0.310566	0.639434	0.044433
0.339434	0.639434	0.060986
0.360566	0.610566	0.102777
0.389434	0.610566	0.125931
0.360566	0.639434	0.073103
0.389434	0.639434	0.089656
0.310566	0.660566	0.031080
0.339434	0.660566	0.042801
0.310566	0.689434	0.012839
0.339434	0.689434	0.017959
0.360566	0.660566	0.051381
0.389434	0.660566	0.063101
0.360566	0.689434	0.021707
0.389434	0.689434	0.026826
0.310566	0.710566	0.003020
0.339434	0.710566	0.004228
0.310566	0.739434	0.001931
0.339434	0.739434	0.002704
0.360566	0.710566	0.005112
0.389434	0.710566	0.006320
0.360566	0.739434	0.003270
0.389434	0.739434	0.004044
0.310566	0.760566	0.001135
0.339434	0.760566	0.001589
0.310566	0.789434	0.000046
0.339434	0.789434	0.000066
0.360566	0.760566	0.001922
0.389434	0.760566	0.002377
0.360566	0.789434	0.000080
0.389434	0.789434	0.000100
0.410566	0.610566	0.196888
0.439434	0.610566	0.232896
0.410566	0.639434	0.142299
0.439434	0.639434	0.167825
0.460566	0.610566	0.259256
0.489434	0.610566	0.295264
0.460566	0.639434	0.186511
0.489434	0.639434	0.212036
0.410566	0.660566	0.097069
0.439434	0.660566	0.113909
0.410566	0.689434	0.042480
0.439434	0.689434	0.048838
0.460566	0.660566	0.126236
0.489434	0.660566	0.143076
0.460566	0.689434	0.053492
0.489434	0.689434	0.059849
0.510566	0.610566	0.301195
0.539434	0.610566	0.257586
0.510566	0.639434	0.211532
0.539434	0.639434	0.180639
0.560566	0.610566	0.225661
0.589434	0.610566	0.182052
0.560566	0.639434	0.158024
0.589434	0.639434	0.127131
0.510566	0.660566	0.145894
0.539434	0.660566	0.124310
0.510566	0.689434	0.056231
0.539434	0.689434	0.047364
0.560566	0.660566	0.108510
0.589434	0.660566	0.086926
0.560566	0.689434	0.040872
0.589434	0.689434	0.032005
0.410566	0.710566	0.009654
0.439434	0.710566	0.011038
0.410566	0.739434	0.006309
0.439434	0.739434	0.007210
0.460566	0.710566	0.012050
0.489434	0.710566	0.013434
0.460566	0.739434	0.007869
0.489434	0.739434	0.008770
0.410566	0.760566	0.003538
0.439434	0.760566	0.004038
0.410566	0.789434	0.000193
0.439434	0.789434	0.000210
0.460566	0.760566	0.004404
0.489434	0.760566	0.004904
0.460566	0.789434	0.000223
0.489434	0.789434	0.000240
0.510566	0.710566	0.012941
0.539434	0.710566	0.010873
0.510566	0.739434	0.008258
0.539434	0.739434	0.006936
0.560566	0.710566	0.009358
0.589434	0.710566	0.007290
0.560566	0.739434	0.005968
0.589434	0.739434	0.004646
0.510566	0.760566	0.004829
0.539434	0.760566	0.004053
0.510566	0.789434	0.000145
0.539434	0.789434	0.000116
0.560566	0.760566	0.003486
0.589434	0.760566	0.002710
0.560566	0.789434	0.000095
0.589434	0.789434	0.000066
0.610566	0.610566	0.083664
0.639434	0.610566	0.058254
0.610566	0.639434	0.058255
0.639434	0.639434	0.040547
0.660566	0.610566	0.039653
0.689434	0.610566	0.014244
0.660566	0.639434	0.027584
0.689434	0.639434	0.009876
0.610566	0.660566	0.039655
0.639434	0.660566	0.027584
0.610566	0.689434	0.014246
0.639434	0.689434	0.009877
0.660566	0.660566	0.018748
0.689434	0.660566	0.006678
0.660566	0.689434	0.006679
0.689434	0.689434	0.002310
0.710566	0.610566	0.003223
0.739434	0.610566	0.002050
0.710566	0.639434	0.002233
0.739434	0.639434	0.001421
0.760566	0.610566	0.001192
0.789434	0.610566	0.000019
0.760566	0.639434	0.000826
0.789434	0.639434	0.000013
0.710566	0.660566	0.001508
0.739434	0.660566	0.000960
0.710566	0.689434	0.000518
0.739434	0.689434	0.000330
0.760566	0.660566	0.000558
0.789434	0.660566	0.000009
0.760566	0.689434	0.000192
0.789434	0.689434	0.000003
0.610566	0.710566	0.003226
0.639434	0.710566	0.002235
0.610566	0.739434	0.002055
0.639434	0.739434	0.001423
0.660566	0.710566	0.001510
0.689434	0.710566	0.000518
0.660566	0.739434	0.000961
0.689434	0.739434	0.000330
0.610566	0.760566	0.001197
0.639434	0.760566	0.000829
0.610566	0.789434	0.000025
0.639434	0.789434	0.000017
0.660566	0.760566	0.000560
0.689434	0.760566	0.000192
0.660566	0.789434	0.000011
0.689434	0.789434	0.000003
0.010566	0.010566	-0.038697
0.039434	0.010566	-0.038425
0.010566	0.039434	-0.038796
0.039434	0.039434	-0.038933
0.060566	0.010566	-0.038227
0.089434	0.010566	-0.037955
0.060566	0.039434	-0.039034
0.089434	0.039434	-0.039171
0.010566	0.060566	-0.038869
0.039434	0.060566	-0.039305
0.010566	0.089434	-0.038967
0.039434	0.089434	-0.039813
0.060566	0.060566	-0.039624
0.089434	0.060566	-0.040061
0.060566	0.089434	-0.040431
0.089434	0.089434	-0.041277
0.010566	0.110566	-0.037395
0.039434	0.110566	-0.040981
0.010566	0.139434	-0.033428
0.039434	0.139434	-0.037914
0.060566	0.110566	-0.043607
0.089434	0.110566	-0.047193
0.060566	0.139434	-0.041198
0.089434	0.139434	-0.045683
0.010566	0.160566	-0.030524
0.039434	0.160566	-0.035668
0.010566	0.189434	-0.026558
0.039434	0.189434	-0.032601
0.060566	0.160566	-0.039434
0.089434	0.160566	-0.044578
0.060566	0.189434	-0.037025
0.089434	0.189434	-0.043068
0.210566	0.010566	-0.011881
0.239434	0.010566	-0.003681
0.210566	0.039434	-0.019984
0.239434	0.039434	-0.012014
0.260566	0.010566	0.002322
0.289434	0.010566	0.010522
0.260566	0.039434	-0.006179
0.289434	0.039434	0.001792
0.210566	0.060566	-0.025916
0.239434	0.060566	-0.018113
0.210566	0.089434	-0.034019
0.239434	0.089434	-0.026446
0.260566	0.060566	-0.012401
0.289434	0.060566	-0.004599
0.260566	0.089434	-0.020902
0.289434	0.089434	-0.013328
0.310566	0.010566	0.027054
0.339434	0.010566	0.028931
0.310566	0.039434	0.024693
0.339434	0.039434	0.027715
0.360566	0.010566	0.030305
0.389434	0.010566	0.032182
0.360566	0.039434	0.029927
0.389434	0.039434	0.032949
0.310566	0.060566	0.022965
0.339434	0.060566	0.026825
0.310566	0.089434	0.020605
0.339434	0.089434	0.025609
0.360566	0.060566	0.029650
0.389434	0.060566	0.033510
0.360566	0.089434	0.029272
0.389434	0.089434	0.034277
0.310566	0.110566	0.011217
0.339434	0.110566	0.021293
0.310566	0.139434	0.000144
0.339434	0.139434	0.012580
0.360566	0.110566	0.028669
0.389434	0.110566	0.038744
0.360566	0.139434	0.021684
0.389434	0.139434	0.034120
0.310566	0.160566	-0.007962
0.339434	0.160566	0.006202
0.310566	0.189434	-0.019035
0.339434	0.189434	-0.002511
0.360566	0.160566	0.016571
0.389434	0.160566	0.030735
0.360566	0.189434	0.009586
0.389434	0.189434	0.026111
0.510566	0.010566	0.011417
0.539434	0.010566	0.008640
0.510566	0.039434	0.014543
0.539434	0.039434	0.010940
0.560566	0.010566	0.006607
0.589434	0.010566	0.003829
0.560566	0.039434	0.008303
0.589434	0.039434	0.004700
0.510566	0.060566	0.016832
0.539434	0.060566	0.012625
0.510566	0.089434	0.019958
0.539434	0.089434	0.014925
0.560566	0.060566	0.009545
0.589434	0.060566	0.005338
0.560566	0.089434	0.011241
0.589434	0.089434	0.006208
0.410566	0.110566	0.047491
0.439434	0.110566	0.046284
0.410566	0.139434	0.047654
0.439434	0.139434	0.049012
0.460566	0.110566	0.045400
0.489434	0.110566	0.044193
0.460566	0.139434	0.050006
0.489434	0.139434	0.051364
0.410566	0.160566	0.047789
0.439434	0.160566	0.051272
0.410566	0.189434	0.047951
0.439434	0.189434	0.053999
0.460566	0.160566	0.053822
0.489434	0.160566	0.057305
0.460566	0.189434	0.058427
0.489434	0.189434	0.064475
0.510566	0.110566	0.029406
0.539434	0.110566	0.022179
0.510566	0.139434	0.037433
0.539434	0.139434	0.028314
0.560566	0.110566	0.016889
0.589434	0.110566	0.009663
0.560566	0.139434	0.021639
0.589434	0.139434	0.012521
0.510566	0.160566	0.043309
0.539434	0.160566	0.032805
0.510566	0.189434	0.051336
0.539434	0.189434	0.038940
0.560566	0.160566	0.025116
0.589434	0.160566	0.014612
0.560566	0.189434	0.029866
0.589434	0.189434	0.017470
0.810566	0.010566	0.000001
0.839434	0.010566	0.000001
0.810566	0.039434	0.000001
0.839434	0.039434	0.000001
0.860566	0.010566	0.000000
0.889434	0.010566	0.000000
0.860566	0.039434	0.000001
0.889434	0.039434	0.000000
0.810566	0.060566	0.000001
0.839434	0.060566	0.000001
0.810566	0.089434	0.000001
0.839434	0.089434	0.000001
0.860566	0.060566	0.000001
0.889434	0.060566	0.000001
0.860566	0.089434	0.000001
0.889434	0.089434	0.000001
0.010566	0.210566	-0.015130
0.039434	0.210566	-0.023367
0.010566	0.239434	-0.006753
0.039434	0.239434	-0.015323
0.060566	0.210566	-0.029396
0.089434	0.210566	-0.037632
0.060566	0.239434	-0.021596
0.089434	0.239434	-0.030166
0.010566	0.260566	-0.000621
0.039434	0.260566	-0.009434
0.010566	0.289434	0.007756
0.039434	0.289434	-0.001390
0.060566	0.260566	-0.015886
0.089434	0.260566	-0.024700
0.060566	0.289434	-0.008086
0.089434	0.289434	-0.017233
0.010566	0.310566	0.025087
0.039434	0.310566	0.021734
0.010566	0.339434	0.027890
0.039434	0.339434	0.025837
0.060566	0.310566	0.019279
0.089434	0.310566	0.015926
0.060566	0.339434	0.024334
0.089434	0.339434	0.022281
0.010566	0.360566	0.029943
0.039434	0.360566	0.028841
0.010566	0.389434	0.032746
0.039434	0.389434	0.032945
0.060566	0.360566	0.028035
0.089434	0.360566	0.026934
0.060566	0.389434	0.033090
0.089434	0.389434	0.033289
0.110566	0.310566	0.003992
0.139434	0.310566	-0.008562
0.110566	0.339434	0.015456
0.139434	0.339434	0.005483
0.160566	0.310566	-0.017753
0.189434	0.310566	-0.030307
0.160566	0.339434	-0.001818
0.189434	0.339434	-0.011791
0.110566	0.360566	0.023848
0.139434	0.360566	0.015764
0.110566	0.389434	0.035311
0.139434	0.389434	0.029809
0.160566	0.360566	0.009846
0.189434	0.360566	0.001763
0.160566	0.389434	0.025780
0.189434	0.389434	0.020278
0.210566	0.210566	-0.094669
0.239434	0.210566	-0.094580
0.210566	0.239434	-0.092781
0.239434	0.239434	-0.097368
0.260566	0.210566	-0.094515
0.289434	0.210566	-0.094426
0.260566	0.239434	-0.100726
0.289434	0.239434	-0.105313
0.210566	0.260566	-0.091398
0.239434	0.260566	-0.099408
0.210566	0.289434	-0.089510
0.239434	0.289434	-0.102196
0.260566	0.260566	-0.105272
0.289434	0.260566	-0.113282
0.260566	0.289434	-0.111483
0.289434	0.289434	-0.124169
0.610566	0.210566	0.013580
0.639434	0.210566	0.009447
0.610566	0.239434	0.018387
0.639434	0.239434	0.012826
0.660566	0.210566	0.006421
0.689434	0.210566	0.002289
0.660566	0.239434	0.008756
0.689434	0.239434	0.003195
0.610566	0.260566	0.021906
0.639434	0.260566	0.015300
0.610566	0.289434	0.026713
0.639434	0.289434	0.018679
0.660566	0.260566	0.010464
0.689434	0.260566	0.003859
0.660566	0.289434	0.012799
0.689434	0.289434	0.004765
0.710566	0.210566	0.000647
0.739434	0.210566	0.000412
0.710566	0.239434	0.000925
0.739434	0.239434	0.000589
0.760566	0.210566	0.000240
0.789434	0.210566	0.000005
0.760566	0.239434	0.000343
0.789434	0.239434	0.000008
0.710566	0.260566	0.001128
0.739434	0.260566	0.000719
0.710566	0.289434	0.001406
0.739434	0.289434	0.000896
0.760566	0.260566	0.000419
0.789434	0.260566	0.000009
0.760566	0.289434	0.000522
0.789434	0.289434	0.000012
0.810566	0.210566	0.000005
0.839434	0.210566	0.000003
0.810566	0.239434	0.000006
0.839434	0.239434	0.000004
0.860566	0.210566	0.000002
0.889434	0.210566	0.000001
0.860566	0.239434	0.000003
0.889434	0.239434	0.000001
0.810566	0.260566	0.000007
0.839434	0.260566	0.000005
0.810566	0.289434	0.000009
0.839434	0.289434	0.000006
0.860566	0.260566	0.000004
0.889434	0.260566	0.000002
0.860566	0.289434	0.000005
0.889434	0.289434	0.000002
0.810566	0.310566	0.000014
0.839434	0.310566	0.000010
0.810566	0.339434	0.000016
0.839434	0.339434	0.000013
0.860566	0.310566	0.000007
0.889434	0.310566	0.000004
0.860566	0.339434	0.000010
0.889434	0.339434	0.000006
0.810566	0.360566	0.000019
0.839434	0.360566	0.000014
0.810566	0.389434	0.000022
0.839434	0.389434	0.000017
0.860566	0.360566	0.000011
0.889434	0.360566	0.000007
0.860566	0.389434	0.000014
0.889434	0.389434	0.000009
0.910566	0.310566	0.000000
0.939434	0.310566	0.000000
0.910566	0.339434	0.000000
0.939434	0.339434	0.000000
0.960566	0.310566	0.000000
0.989434	0.310566	-0.000000
0.960566	0.339434	0.000000
0.989434	0.339434	-0.000000
0.910566	0.360566	0.000000
0.939434	0.360566	0.000000
0.910566	0.389434	0.000000
0.939434	0.389434	0.000000
0.960566	0.360566	0.000000
0.989434	0.360566	-0.000000
0.960566	0.389434	0.000000
0.989434	0.389434	-0.000000
0.910566	0.410566	0.000000
0.939434	0.410566	0.000000
0.910566	0.439434	0.000000
0.939434	0.439434	0.000000
0.960566	0.410566	0.000000
0.989434	0.410566	-0.000000
0.960566	0.439434	0.000000
0.989434	0.439434	-0.000000
0.910566	0.460566	0.000000
0.939434	0.460566	0.000000
0.910566	0.489434	0.000000
0.939434	0.489434	0.000000
0.960566	0.460566	0.000000
0.989434	0.460566	-0.000000
0.960566	0.489434	0.000000
0.989434	0.489434	-0.000000
0.910566	0.510566	0.000000
0.939434	0.510566	0.000000
0.910566	0.539434	0.000000
0.939434	0.539434	0.000000
0.960566	0.510566	0.000000
0.989434	0.510566	-0.000000
0.960566	0.539434	0.000000
0.989434	0.539434	-0.000000
0.910566	0.560566	0.000000
0.939434	0.560566	0.000000
0.910566	0.589434	0.000000
0.939434	0.589434	0.000000
0.960566	0.560566	0.000000
0.989434	0.560566	-0.000000
0.960566	0.589434	0.000000
0.989434	0.589434	-0.000000
0.110566	0.610566	0.006531
0.139434	0.610566	0.008877
0.110566	0.639434	0.004486
0.139434	0.639434	0.006119
0.160566	0.610566	0.010595
0.189434	0.610566	0.012941
0.160566	0.639434	0.007314
0.189434	0.639434	0.008946
0.110566	0.660566	0.002989
0.139434	0.660566	0.004099
0.110566	0.689434	0.000945
0.139434	0.689434	0.001341
0.160566	0.660566	0.004912
0.189434	0.660566	0.006022
0.160566	0.689434	0.001631
0.189434	0.689434	0.002027
0.010566	0.710566	0.000115
0.039434	0.710566	0.000140
0.010566	0.739434	0.000090
0.039434	0.739434	0.000115
0.060566	0.710566	0.000158
0.089434	0.710566	0.000183
0.060566	0.739434	0.000133
0.089434	0.739434	0.000158
0.010566	0.760566	0.000072
0.039434	0.760566	0.000097
0.010566	0.789434	0.000047
0.039434	0.789434	0.000072
0.060566	0.760566	0.000115
0.089434	0.760566	0.000140
0.060566	0.789434	0.000090
0.089434	0.789434	0.000115
0.210566	0.710566	0.000829
0.239434	0.710566	0.001183
0.210566	0.739434	0.000529
0.239434	0.739434	0.000756
0.260566	0.710566	0.001442
0.289434	0.710566	0.001797
0.260566	0.739434	0.000921
0.289434	0.739434	0.001148
0.210566	0.760566	0.000309
0.239434	0.760566	0.000443
0.210566	0.789434	0.000010
0.239434	0.789434	0.000015
0.260566	0.760566	0.000540
0.289434	0.760566	0.000674
0.260566	0.789434	0.000019
0.289434	0.789434	0.000025
0.710566	0.710566	0.000116
0.739434	0.710566	0.000074
0.710566	0.739434	0.000074
0.739434	0.739434	0.000047
0.760566	0.710566	0.000043
0.789434	0.710566	0.000000
0.760566	0.739434	0.000027
0.789434	0.739434	0.000000
0.710566	0.760566	0.000043
0.739434	0.760566	0.000027
0.710566	0.789434	0.000001
0.739434	0.789434	0.000000
0.760566	0.760566	0.000016
0.789434	0.760566	0.000000
0.760566	0.789434	0.000000
0.789434	0.789434	0.000000
0.910566	0.610566	0.000000
0.939434	0.610566	0.000000
0.910566	0.639434	0.000000
0.939434	0.639434	0.000000
0.960566	0.610566	0.000000
0.989434	0.610566	-0.000000
0.960566	0.639434	0.000000
0.989434	0.639434	-0.000000
0.910566	0.660566	0.000000
0.939434	0.660566	0.000000
0.910566	0.689434	0.000000
0.939434	0.689434	0.000000
0.960566	0.660566	0.000000
0.989434	0.660566	-0.000000
0.960566	0.689434	0.000000
0.989434	0.689434	-0.000000
0.910566	0.710566	0.000000
0.939434	0.710566	0.000000
0.910566	0.739434	0.000000
0.939434	0.739434	0.000000
0.960566	0.710566	0.000000
0.989434	0.710566	-0.000000
0.960566	0.739434	0.000000
0.989434	0.739434	-0.000000
0.910566	0.760566	0.000000
0.939434	0.760566	0.000000
0.910566	0.789434	0.000000
0.939434	0.789434	0.000000
0.960566	0.760566	0.000000
0.989434	0.760566	-0.000000
0.960566	0.789434	0.000000
0.989434	0.789434	-0.000000
0.010566	0.810566	0.000001
0.039434	0.810566	0.000001
0.010566	0.839434	0.000000
0.039434	0.839434	0.000001
0.060566	0.810566	0.000001
0.089434	0.810566	0.000001
0.060566	0.839434	0.000001
0.089434	0.839434	0.000001
0.010566	0.860566	0.000000
0.039434	0.860566	0.000001
0.010566	0.889434	0.000000
0.039434	0.889434	0.000000
0.060566	0.860566	0.000001
0.089434	0.860566	0.000001
0.060566	0.889434	0.000000
0.089434	0.889434	0.000001
0.010566	0.910566	0.000000
0.039434	0.910566	0.000000
0.010566	0.939434	0.000000
0.039434	0.939434	0.000000
0.060566	0.910566	0.000000
0.089434	0.910566	0.000000
0.060566	0.939434	0.000000
0.089434	0.939434	0.000000
0.010566	0.960566	0.000000
0.039434	0.960566	0.000000
0.010566	0.989434	0.000000
0.039434	0.989434	0.000000
0.060566	0.960566	0.000000
0.089434	0.960566	0.000000
0.060566	0.989434	0.000000
0.089434	0.989434	0.000000
0.110566	0.910566	0.000000
0.139434	0.910566	0.000000
0.110566	0.939434	0.000000
0.139434	0.939434	0.000000
0.160566	0.910566	0.000000
0.189434	0.910566	0.000000
0.160566	0.939434	0.000000
0.189434	0.939434	0.000000
0.110566	0.960566	0.000000
0.139434	0.960566	0.000000
0.110566	0.989434	0.000000
0.139434	0.989434	0.000000
0.160566	0.960566	0.000000
0.189434	0.960566	0.000000
0.160566	0.989434	0.000000
0.189434	0.989434	0.000000
0.210566	0.810566	0.000005
0.239434	0.810566	0.000007
0.210566	0.839434	0.000003
0.239434	0.839434	0.000004
0.260566	0.810566	0.000008
0.289434	0.810566	0.000010
0.260566	0.839434	0.000005
0.289434	0.839434	0.000006
0.210566	0.860566	0.000002
0.239434	0.860566	0.000002
0.210566	0.889434	-0.000000
0.239434	0.889434	-0.000000
0.260566	0.860566	0.000003
0.289434	0.860566	0.000003
0.260566	0.889434	-0.000000
0.289434	0.889434	-0.000001
0.310566	0.810566	0.000018
0.339434	0.810566	0.000025
0.310566	0.839434	0.000011
0.339434	0.839434	0.000015
0.360566	0.810566	0.000030
0.389434	0.810566	0.000037
0.360566	0.839434	0.000019
0.389434	0.839434	0.000023
0.310566	0.860566	0.000006
0.339434	0.860566	0.000008
0.310566	0.889434	-0.000001
0.339434	0.889434	-0.000001
0.360566	0.860566	0.000010
0.389434	0.860566	0.000012
0.360566	0.889434	-0.000001
0.389434	0.889434	-0.000002
0.210566	0.910566	0.000000
0.239434	0.910566	0.000000
0.210566	0.939434	0.000000
0.239434	0.939434	0.000000
0.260566	0.910566	0.000000
0.289434	0.910566	0.000000
0.260566	0.939434	0.000000
0.289434	0.939434	0.000000
0.210566	0.960566	0.000000
0.239434	0.960566	0.000000
0.210566	0.989434	0.000000
0.239434	0.989434	0.000000
0.260566	0.960566	0.000000
0.289434	0.960566	0.000000
0.260566	0.989434	0.000000
0.289434	0.989434	0.000000
0.310566	0.910566	0.000000
0.339434	0.910566	0.000000
0.310566	0.939434	0.000000
0.339434	0.939434	0.000000
0.360566	0.910566	0.000000
0.389434	0.910566	0.000000
0.360566	0.939434	0.000000
0.389434	0.939434	0.000000
0.310566	0.960566	0.000000
0.339434	0.960566	0.000000
0.310566	0.989434	0.000000
0.339434	0.989434	0.000000
0.360566	0.960566	0.000000
0.389434	0.960566	0.000000
0.360566	0.989434	0.000000
0.389434	0.989434	0.000000
0.410566	0.810566	0.000056
0.439434	0.810566	0.000063
0.410566	0.839434	0.000035
0.439434	0.839434	0.000040
0.460566	0.810566	0.000068
0.489434	0.810566	0.000075
0.460566	0.839434	0.000043
0.489434	0.839434	0.000047
0.410566	0.860566	0.000018
0.439434	0.860566	0.000020
0.410566	0.889434	-0.000003
0.439434	0.889434	-0.000003
0.460566	0.860566	0.000022
0.489434	0.860566	0.000024
0.460566	0.889434	-0.000003
0.489434	0.889434	-0.000003
0.510566	0.810566	0.000070
0.539434	0.810566	0.000058
0.510566	0.839434	0.000043
0.539434	0.839434	0.000036
0.560566	0.810566	0.000050
0.589434	0.810566	0.000038
0.560566	0.839434	0.000031
0.589434	0.839434	0.000023
0.510566	0.860566	0.000023
0.539434	0.860566	0.000020
0.510566	0.889434	-0.000004
0.539434	0.889434	-0.000003
0.560566	0.860566	0.000017
0.589434	0.860566	0.000013
0.560566	0.889434	-0.000002
0.589434	0.889434	-0.000002
0.410566	0.910566	0.000000
0.439434	0.910566	0.000000
0.410566	0.939434	0.000000
0.439434	0.939434	0.000000
0.460566	0.910566	0.000000
0.489434	0.910566	0.000000
0.460566	0.939434	0.000000
0.489434	0.939434	0.000000
0.410566	0.960566	0.000000
0.439434	0.960566	0.000000
0.410566	0.989434	-0.000000
0.439434	0.989434	-0.000000
0.460566	0.960566	0.000000
0.489434	0.960566	0.000000
0.460566	0.989434	-0.000000
0.489434	0.989434	-0.000000
0.510566	0.910566	0.000000
0.539434	0.910566	0.000000
0.510566	0.939434	0.000000
0.539434	0.939434	0.000000
0.560566	0.910566	0.000000
0.589434	0.910566	0.000000
0.560566	0.939434	0.000000
0.589434	0.939434	0.000000
0.510566	0.960566	0.000000
0.539434	0.960566	0.000000
0.510566	0.989434	-0.000000
0.539434	0.989434	-0.000000
0.560566	0.960566	0.000000
0.589434	0.960566	0.000000
0.560566	0.989434	-0.000000
0.589434	0.989434	-0.000000
0.610566	0.810566	0.000016
0.639434	0.810566	0.000011
0.610566	0.839434	0.000010
0.639434	0.839434	0.000007
0.660566	0.810566	0.000008
0.689434	0.810566	0.000003
0.660566	0.839434	0.000005
0.689434	0.839434	0.000002
0.610566	0.860566	0.000005
0.639434	0.860566	0.000004
0.610566	0.889434	-0.000001
0.639434	0.889434	-0.000001
0.660566	0.860566	0.000003
0.689434	0.860566	0.000001
0.660566	0.889434	-0.000000
0.689434	0.889434	-0.000000
0.710566	0.810566	0.000001
0.739434	0.810566	0.000000
0.710566	0.839434	0.000000
0.739434	0.839434	0.000000
0.760566	0.810566	0.000000
0.789434	0.810566	0.000000
0.760566	0.839434	0.000000
0.789434	0.839434	0.000000
0.710566	0.860566	0.000000
0.739434	0.860566	0.000000
0.710566	0.889434	-0.000000
0.739434	0.889434	-0.000000
0.760566	0.860566	0.000000
0.789434	0.860566	0.000000
0.760566	0.889434	-0.000000
0.789434	0.889434	-0.000000
0.610566	0.910566	0.000000
0.639434	0.910566	0.000000
0.610566	0.939434	0.000000
0.639434	0.939434	0.000000
0.660566	0.910566	0.000000
0.689434	0.910566	0.000000
0.660566	0.939434	0.000000
0.689434	0.939434	0.000000
0.610566	0.960566	0.000000
0.639434	0.960566	0.000000
0.610566	0.989434	-0.000000
0.639434	0.989434	-0.000000
0.660566	0.960566	0.000000
0.689434	0.960566	0.000000
0.660566	0.989434	-0.000000
0.689434	0.989434	-0.000000
0.710566	0.910566	0.000000
0.739434	0.910566	0.000000
0.710566	0.939434	0.000000
0.739434	0.939434	0.000000
0.760566	0.910566	0.000000
0.789434	0.910566	0.000000
0.760566	0.939434	0.000000
0.789434	0.939434	0.000000
0.710566	0.960566	0.000000
0.739434	0.960566	0.000000
0.710566	0.989434	-0.000000
0.739434	0.989434	-0.000000
0.760566	0.960566	0.000000
0.789434	0.960566	0.000000
0.760566	0.989434	-0.000000
0.789434	0.989434	-0.000000
0.810566	0.810566	0.000000
0.839434	0.810566	0.000000
0.810566	0.839434	0.000000
0.839434	0.839434	0.000000
0.860566	0.810566	0.000000
0.889434	0.810566	-0.000000
0.860566	0.839434	0.000000
0.889434	0.839434	-0.000000
0.810566	0.860566	0.000000
0.839434	0.860566	0.000000
0.810566	0.889434	-0.000000
0.839434	0.889434	-0.000000
0.860566	0.860566	0.000000
0.889434	0.860566	-0.000000
0.860566	0.889434	-0.000000
0.889434	0.889434	0.000000
0.910566	0.810566	0.000000
0.939434	0.810566	0.000000
0.910566	0.839434	0.000000
0.939434	0.839434	0.000000
0.960566	0.810566	0.000000
0.989434	0.810566	-0.000000
0.960566	0.839434	0.000000
0.989434	0.839434	-0.000000
0.910566	0.860566	0.000000
0.939434	0.860566	0.000000
0.910566	0.889434	-0.000000
0.939434	0.889434	-0.000000
0.960566	0.860566	0.000000
0.989434	0.860566	-0.000000
0.960566	0.889434	-0.000000
0.989434	0.889434	0.000000
0.810566	0.910566	0.000000
0.839434	0.910566	0.000000
0.810566	0.939434	0.000000
0.839434	0.939434	0.000000
0.860566	0.910566	0.000000
0.889434	0.910566	-0.000000
0.860566	0.939434	0.000000
0.889434	0.939434	-0.000000
0.810566	0.960566	0.000000
0.839434	0.960566	0.000000
0.810566	0.989434	-0.000000
0.839434	0.989434	-0.000000
0.860566	0.960566	0.000000
0.889434	0.960566	-0.000000
0.860566	0.989434	-0.000000
0.889434	0.989434	0.000000
0.910566	0.910566	0.000000
0.939434	0.910566	0.000000
0.910566	0.939434	0.000000
0.939434	0.939434	0.000000
0.960566	0.910566	0.000000
0.989434	0.910566	-0.000000
0.960566	0.939434	0.000000
0.989434	0.939434	-0.000000
0.910566	0.960566	0.000000
0.939434	0.960566	0.000000
0.910566	0.989434	0.000000
0.939434	0.989434	0.000000
0.960566	0.960566	0.000000
0.989434	0.960566	-0.000000
0.960566	0.989434	-0.000000
0.989434	0.989434	0.000000
0.305283	0.205283	-0.062000
0.319717	0.205283	-0.051849
0.305283	0.219717	-0.072068
0.319717	0.219717	-0.062096
0.330283	0.205283	-0.044418
0.344717	0.205283	-0.034267
0.330283	0.219717	-0.054796
0.344717	0.219717	-0.044823
0.305283	0.230283	-0.079438
0.319717	0.230283	-0.069597
0.305283	0.244717	-0.089506
0.319717	0.244717	-0.079843
0.330283	0.230283	-0.062392
0.344717	0.230283	-0.052551
0.330283	0.244717	-0.072770
0.344717	0.244717	-0.063107
0.355283	0.205283	-0.014310
0.369717	0.205283	-0.003354
0.355283	0.219717	-0.025225
0.369717	0.219717	-0.014281
0.380283	0.205283	0.004666
0.394717	0.205283	0.015622
0.380283	0.219717	-0.006269
0.394717	0.219717	0.004675
0.355283	0.230283	-0.033215
0.369717	0.230283	-0.022280
0.355283	0.244717	-0.044130
0.369717	0.244717	-0.033207
0.380283	0.230283	-0.014275
0.394717	0.230283	-0.003339
0.380283	0.244717	-0.025210
0.394717	0.244717	-0.014286
0.305283	0.255283	-0.107683
0.319717	0.255283	-0.098383
0.305283	0.269717	-0.116887
0.319717	0.269717	-0.107584
0.330283	0.255283	-0.091575
0.344717	0.255283	-0.082276
0.330283	0.269717	-0.100774
0.344717	0.269717	-0.091471
0.305283	0.280283	-0.123624
0.319717	0.280283	-0.114319
0.305283	0.294717	-0.132828
0.319717	0.294717	-0.123520
0.330283	0.280283	-0.107507
0.344717	0.280283	-0.098202
0.330283	0.294717	-0.116706
0.344717	0.294717	-0.107398
0.255283	0.355283	-0.073307
0.269717	0.355283	-0.087928
0.255283	0.369717	-0.058203
0.269717	0.369717	-0.072936
0.280283	0.355283	-0.098631
0.294717	0.355283	-0.113253
0.280283	0.369717	-0.083721
0.294717	0.369717	-0.098454
0.255283	0.380283	-0.047147
0.269717	0.380283	-0.061961
0.255283	0.394717	-0.032043
0.269717	0.394717	-0.046969
0.280283	0.380283	-0.072806
0.294717	0.380283	-0.087620
0.280283	0.394717	-0.057896
0.294717	0.394717	-0.072822
0.305283	0.305283	-0.149977
0.319717	0.305283	-0.149317
0.305283	0.319717	-0.149311
0.319717	0.319717	-0.150089
0.330283	0.305283	-0.148835
0.344717	0.305283	-0.148176
0.330283	0.319717	-0.150658
0.344717	0.319717	-0.151436
0.305283	0.330283	-0.148824
0.319717	0.330283	-0.150653
0.305283	0.344717	-0.148158
0.319717	0.344717	-0.151425
0.330283	0.330283	-0.151993
0.344717	0.330283	-0.153823
0.330283	0.344717	-0.153816
0.344717	0.344717	-0.157083
0.355283	0.305283	-0.139097
0.369717	0.305283	-0.124331
0.355283	0.319717	-0.150437
0.369717	0.319717	-0.136305
0.380283	0.305283	-0.113521
0.394717	0.305283	-0.098755
0.380283	0.319717	-0.125959
0.394717	0.319717	-0.111826
0.355283	0.330283	-0.158739
0.369717	0.330283	-0.145070
0.355283	0.344717	-0.170079
0.369717	0.344717	-0.157044
0.380283	0.330283	-0.135064
0.394717	0.330283	-0.121395
0.380283	0.344717	-0.147501
0.394717	0.344717	-0.134466
0.455283	0.255283	0.072186
0.469717	0.255283	0.078458
0.455283	0.269717	0.067836
0.469717	0.269717	0.073905
0.480283	0.255283	0.083050
0.494717	0.255283	0.089323
0.480283	0.269717	0.078347
0.494717	0.269717	0.084416
0.455283	0.280283	0.064652
0.469717	0.280283	0.070571
0.455283	0.294717	0.060302
0.469717	0.294717	0.066017
0.480283	0.280283	0.075035
0.494717	0.280283	0.080960
0.480283	0.294717	0.070262
0.494717	0.294717	0.075980
0.555283	0.205283	0.041380
0.569717	0.205283	0.035391
0.555283	0.219717	0.047453
0.569717	0.219717	0.041464
0.580283	0.205283	0.031006
0.594717	0.205283	0.025017
0.580283	0.219717	0.037080
0.594717	0.219717	0.031091
0.555283	0.230283	0.051900
0.569717	0.230283	0.045911
0.555283	0.244717	0.057974
0.569717	0.244717	0.051985
0.580283	0.230283	0.041527
0.594717	0.230283	0.035538
0.580283	0.244717	0.047601
0.594717	0.244717	0.041612
0.555283	0.355283	0.218644
0.569717	0.355283	0.200784
0.555283	0.369717	0.252795
0.569717	0.369717	0.235640
0.580283	0.355283	0.187709
0.594717	0.355283	0.169849
0.580283	0.369717	0.223082
0.594717	0.369717	0.205927
0.555283	0.380283	0.277794
0.569717	0.380283	0.261156
0.555283	0.394717	0.311945
0.569717	0.394717	0.296012
0.580283	0.380283	0.248976
0.594717	0.380283	0.232338
0.580283	0.394717	0.284349
0.594717	0.394717	0.268417
0.605283	0.305283	0.054208
0.619717	0.305283	0.044717
0.605283	0.319717	0.065678
0.619717	0.319717	0.054725
0.630283	0.305283	0.037770
0.644717	0.305283	0.028279
0.630283	0.319717	0.046708
0.644717	0.319717	0.035755
0.605283	0.330283	0.074075
0.619717	0.330283	0.062052
0.605283	0.344717	0.085545
0.619717	0.344717	0.072060
0.630283	0.330283	0.053251
0.644717	0.330283	0.041228
0.630283	0.344717	0.062188
0.644717	0.344717	0.048704
0.655283	0.305283	0.015022
0.669717	0.305283	0.011900
0.655283	0.319717	0.018518
0.669717	0.319717	0.014782
0.680283	0.305283	0.009615
0.694717	0.305283	0.006493
0.680283	0.319717	0.012047
0.694717	0.319717	0.008311
0.655283	0.330283	0.021078
0.669717	0.330283	0.016892
0.655283	0.344717	0.024574
0.669717	0.344717	0.019774
0.680283	0.330283	0.013828
0.694717	0.330283	0.009642
0.680283	0.344717	0.016260
0.694717	0.344717	0.011460
0.605283	0.355283	0.115322
0.619717	0.355283	0.099019
0.605283	0.369717	0.133782
0.619717	0.369717	0.117831
0.630283	0.355283	0.087084
0.644717	0.355283	0.070780
0.630283	0.369717	0.106153
0.644717	0.369717	0.090202
0.605283	0.380283	0.147296
0.619717	0.380283	0.131602
0.605283	0.394717	0.165755
0.619717	0.394717	0.150414
0.630283	0.380283	0.120113
0.644717	0.380283	0.104420
0.630283	0.394717	0.139183
0.644717	0.394717	0.123841
0.655283	0.355283	0.033756
0.669717	0.355283	0.027619
0.655283	0.369717	0.039317
0.669717	0.369717	0.033165
0.680283	0.355283	0.023126
0.694717	0.355283	0.016988
0.680283	0.369717	0.028661
0.694717	0.369717	0.022509
0.655283	0.380283	0.043387
0.669717	0.380283	0.037225
0.655283	0.394717	0.048948
0.669717	0.394717	0.042771
0.680283	0.380283	0.032713
0.694717	0.380283	0.026550
0.680283	0.394717	0.038248
0.694717	0.394717	0.032071
0.705283	0.305283	0.003069
0.719717	0.305283	0.002470
0.705283	0.319717	0.003650
0.719717	0.319717	0.003054
0.730283	0.305283	0.002031
0.744717	0.305283	0.001431
0.730283	0.319717	0.002618
0.744717	0.319717	0.002022
0.705283	0.330283	0.004075
0.719717	0.330283	0.003482
0.705283	0.344717	0.004655
0.719717	0.344717	0.004067
0.730283	0.330283	0.003048
0.744717	0.330283	0.002455
0.730283	0.344717	0.003636
0.744717	0.344717	0.003047
0.755283	0.305283	0.000293
0.769717	0.305283	0.000231
0.755283	0.319717	0.000350
0.769717	0.319717	0.000288
0.780283	0.305283	0.000185
0.794717	0.305283	0.000123
0.780283	0.319717	0.000242
0.794717	0.319717	0.000179
0.755283	0.330283	0.000392
0.769717	0.330283	0.000329
0.755283	0.344717	0.000449
0.769717	0.344717	0.000386
0.780283	0.330283	0.000283
0.794717	0.330283	0.000221
0.780283	0.344717	0.000340
0.794717	0.344717	0.000277
0.355283	0.455283	0.014766
0.369717	0.455283	0.028969
0.355283	0.469717	0.052398
0.369717	0.469717	0.061547
0.380283	0.455283	0.039367
0.394717	0.455283	0.053570
0.380283	0.469717	0.068244
0.394717	0.469717	0.077392
0.355283	0.480283	0.079947
0.369717	0.480283	0.085395
0.355283	0.494717	0.117579
0.369717	0.494717	0.117972
0.380283	0.480283	0.089383
0.394717	0.480283	0.094832
0.380283	0.494717	0.118261
0.394717	0.494717	0.118654
