0.002642	0.021132	0.000000
0.009858	0.021132	0.000000
0.002642	0.078868	0.000000
0.009858	0.078868	0.000000
0.015142	0.021132	0.000000
0.022358	0.021132	0.000000
0.015142	0.078868	0.000000
0.022358	0.078868	0.000000
0.027642	0.021132	0.000000
0.034858	0.021132	0.000000
0.027642	0.078868	0.000000
0.034858	0.078868	0.000000
0.040142	0.021132	0.000000
0.047358	0.021132	0.000000
0.040142	0.078868	0.000000
0.047358	0.078868	0.000000
0.052642	0.021132	0.000000
0.059858	0.021132	0.000000
0.052642	0.078868	0.000000
0.059858	0.078868	0.000000
0.065142	0.021132	0.000000
0.072358	0.021132	0.000000
0.065142	0.078868	0.000000
0.072358	0.078868	0.000000
0.077642	0.021132	0.000000
0.084858	0.021132	0.000000
0.077642	0.078868	0.000000
0.084858	0.078868	0.000000
0.090142	0.021132	0.000000
0.097358	0.021132	0.000000
0.090142	0.078868	0.000000
0.097358	0.078868	0.000000
0.002642	0.121132	0.000000
0.009858	0.121132	0.000000
0.002642	0.178868	0.000000
0.009858	0.178868	0.000000
0.015142	0.121132	0.000000
0.022358	0.121132	0.000000
0.015142	0.178868	0.000000
0.022358	0.178868	0.000000
0.027642	0.121132	0.000000
0.034858	0.121132	0.000000
0.027642	0.178868	0.000000
0.034858	0.178868	0.000000
0.040142	0.121132	0.000000
0.047358	0.121132	0.000000
0.040142	0.178868	0.000000
0.047358	0.178868	0.000000
0.052642	0.121132	0.000000
0.059858	0.121132	0.000000
0.052642	0.178868	0.000000
0.059858	0.178868	0.000000
0.065142	0.121132	0.000000
0.072358	0.121132	0.000000
0.065142	0.178868	0.000000
0.072358	0.178868	0.000000
0.077642	0.121132	0.000000
0.084858	0.121132	0.000000
0.077642	0.178868	0.000000
0.084858	0.178868	0.000000
0.090142	0.121132	0.000000
0.097358	0.121132	0.000000
0.090142	0.178868	0.000000
0.097358	0.178868	0.000000
0.102642	0.021132	0.000000
0.109858	0.021132	0.000000
0.102642	0.078868	0.000000
0.109858	0.078868	0.000000
0.115142	0.021132	0.000000
0.122358	0.021132	0.000000
0.115142	0.078868	0.000000
0.122358	0.078868	0.000000
0.127642	0.021132	0.000001
0.134858	0.021132	0.000001
0.127642	0.078868	0.000001
0.134858	0.078868	0.000001
0.140142	0.021132	0.000002
0.147358	0.021132	0.000002
0.140142	0.078868	0.000002
0.147358	0.078868	0.000002
0.152642	0.021132	0.000004
0.159858	0.021132	0.000007
0.152642	0.078868	0.000004
0.159858	0.078868	0.000007
0.165142	0.021132	0.000009
0.172358	0.021132	0.000012
0.165142	0.078868	0.000009
0.172358	0.078868	0.000012
0.177642	0.021132	0.000022
0.184858	0.021132	0.000036
0.177642	0.078868	0.000022
0.184858	0.078868	0.000036
0.190142	0.021132	0.000045
0.197358	0.021132	0.000059
0.190142	0.078868	0.000045
0.197358	0.078868	0.000059
0.102642	0.121132	0.000000
0.109858	0.121132	0.000000
0.102642	0.178868	0.000000
0.109858	0.178868	0.000000
0.115142	0.121132	0.000000
0.122358	0.121132	0.000000
0.115142	0.178868	0.000000
0.122358	0.178868	0.000000
0.127642	0.121132	0.000001
0.134858	0.121132	0.000001
0.127642	0.178868	0.000001
0.134858	0.178868	0.000001
0.140142	0.121132	0.000002
0.147358	0.121132	0.000002
0.140142	0.178868	0.000002
0.147358	0.178868	0.000002
0.152642	0.121132	0.000004
0.159858	0.121132	0.000007
0.152642	0.178868	0.000004
0.159858	0.178868	0.000007
0.165142	0.121132	0.000009
0.172358	0.121132	0.000012
0.165142	0.178868	0.000009
0.172358	0.178868	0.000012
0.177642	0.121132	0.000022
0.184858	0.121132	0.000036
0.177642	0.178868	0.000022
0.184858	0.178868	0.000036
0.190142	0.121132	0.000045
0.197358	0.121132	0.000059
0.190142	0.178868	0.000045
0.197358	0.178868	0.000059
0.202642	0.021132	0.000109
0.209858	0.021132	0.000166
0.202642	0.078868	0.000109
0.209858	0.078868	0.000166
0.215142	0.021132	0.000207
0.222358	0.021132	0.000264
0.215142	0.078868	0.000207
0.222358	0.078868	0.000264
0.227642	0.021132	0.000465
0.234858	0.021132	0.000678
0.227642	0.078868	0.000465
0.234858	0.078868	0.000678
0.240142	0.021132	0.000833
0.247358	0.021132	0.001045
0.240142	0.078868	0.000833
0.247358	0.078868	0.001045
0.252642	0.021132	0.001755
0.259858	0.021132	0.002449
0.252642	0.078868	0.001755
0.259858	0.078868	0.002449
0.265142	0.021132	0.002956
0.272358	0.021132	0.003650
0.265142	0.078868	0.002956
0.272358	0.078868	0.003650
0.277642	0.021132	0.005837
0.284858	0.021132	0.007815
0.277642	0.078868	0.005837
0.284858	0.078868	0.007815
0.290142	0.021132	0.009263
0.297358	0.021132	0.011241
0.290142	0.078868	0.009263
0.297358	0.078868	0.011241
0.202642	0.121132	0.000109
0.209858	0.121132	0.000166
0.202642	0.178868	0.000109
0.209858	0.178868	0.000166
0.215142	0.121132	0.000207
0.222358	0.121132	0.000264
0.215142	0.178868	0.000207
0.222358	0.178868	0.000264
0.227642	0.121132	0.000465
0.234858	0.121132	0.000678
0.227642	0.178868	0.000465
0.234858	0.178868	0.000678
0.240142	0.121132	0.000833
0.247358	0.121132	0.001045
0.240142	0.178868	0.000833
0.247358	0.178868	0.001045
0.252642	0.121132	0.001755
0.259858	0.121132	0.002449
0.252642	0.178868	0.001755
0.259858	0.178868	0.002449
0.265142	0.121132	0.002956
0.272358	0.121132	0.003650
0.265142	0.178868	0.002956
0.272358	0.178868	0.003650
0.277642	0.121132	0.005837
0.284858	0.121132	0.007815
0.277642	0.178868	0.005837
0.284858	0.178868	0.007815
0.290142	0.121132	0.009263
0.297358	0.121132	0.011241
0.290142	0.178868	0.009263
0.297358	0.178868	0.011241
0.302642	0.021132	0.017111
0.309858	0.021132	0.022024
0.302642	0.078868	0.017111
0.309858	0.078868	0.022024
0.315142	0.021132	0.025621
0.322358	0.021132	0.030534
0.315142	0.078868	0.025621
0.322358	0.078868	0.030534
0.327642	0.021132	0.044220
0.334858	0.021132	0.054812
0.327642	0.078868	0.044220
0.334858	0.078868	0.054812
0.340142	0.021132	0.062566
0.347358	0.021132	0.073157
0.340142	0.078868	0.062566
0.347358	0.078868	0.073157
0.352642	0.021132	0.100754
0.359858	0.021132	0.120461
0.352642	0.078868	0.100754
0.359858	0.078868	0.120461
0.365142	0.021132	0.134887
0.372358	0.021132	0.154594
0.365142	0.078868	0.134887
0.372358	0.078868	0.154594
0.377642	0.021132	0.202399
0.384858	0.021132	0.233778
0.377642	0.078868	0.202399
0.384858	0.078868	0.233778
0.390142	0.021132	0.256750
0.397358	0.021132	0.288130
0.390142	0.078868	0.256750
0.397358	0.078868	0.288130
0.302642	0.121132	0.017111
0.309858	0.121132	0.022024
0.302642	0.178868	0.017111
0.309858	0.178868	0.022024
0.315142	0.121132	0.025621
0.322358	0.121132	0.030534
0.315142	0.178868	0.025621
0.322358	0.178868	0.030534
0.327642	0.121132	0.044220
0.334858	0.121132	0.054812
0.327642	0.178868	0.044220
0.334858	0.178868	0.054812
0.340142	0.121132	0.062566
0.347358	0.121132	0.073157
0.340142	0.178868	0.062566
0.347358	0.178868	0.073157
0.352642	0.121132	0.100754
0.359858	0.121132	0.120461
0.352642	0.178868	0.100754
0.359858	0.178868	0.120461
0.365142	0.121132	0.134887
0.372358	0.121132	0.154594
0.365142	0.178868	0.134887
0.372358	0.178868	0.154594
0.377642	0.121132	0.202399
0.384858	0.121132	0.233778
0.377642	0.178868	0.202399
0.384858	0.178868	0.233778
0.390142	0.121132	0.256750
0.397358	0.121132	0.288130
0.390142	0.178868	0.256750
0.397358	0.178868	0.288130
0.402642	0.021132	0.358493
0.409858	0.021132	0.400634
0.402642	0.078868	0.358493
0.409858	0.078868	0.400634
0.415142	0.021132	0.431484
0.422358	0.021132	0.473625
0.415142	0.078868	0.431484
0.422358	0.078868	0.473625
0.427642	0.021132	0.559885
0.434858	0.021132	0.606276
0.427642	0.078868	0.559885
0.434858	0.078868	0.606276
0.440142	0.021132	0.640238
0.447358	0.021132	0.686629
0.440142	0.078868	0.640238
0.447358	0.078868	0.686629
0.452642	0.021132	0.771043
0.459858	0.021132	0.810153
0.452642	0.078868	0.771043
0.459858	0.078868	0.810153
0.465142	0.021132	0.838784
0.472358	0.021132	0.877895
0.465142	0.078868	0.838784
0.472358	0.078868	0.877895
0.477642	0.021132	0.936345
0.484858	0.021132	0.955941
0.477642	0.078868	0.936345
0.484858	0.078868	0.955941
0.490142	0.021132	0.970286
0.497358	0.021132	0.989883
0.490142	0.078868	0.970286
0.497358	0.078868	0.989883
0.402642	0.121132	0.358493
0.409858	0.121132	0.400634
0.402642	0.178868	0.358493
0.409858	0.178868	0.400634
0.415142	0.121132	0.431484
0.422358	0.121132	0.473625
0.415142	0.178868	0.431484
0.422358	0.178868	0.473625
0.427642	0.121132	0.559885
0.434858	0.121132	0.606276
0.427642	0.178868	0.559885
0.434858	0.178868	0.606276
0.440142	0.121132	0.640238
0.447358	0.121132	0.686629
0.440142	0.178868	0.640238
0.447358	0.178868	0.686629
0.452642	0.121132	0.771043
0.459858	0.121132	0.810153
0.452642	0.178868	0.771043
0.459858	0.178868	0.810153
0.465142	0.121132	0.838784
0.472358	0.121132	0.877895
0.465142	0.178868	0.838784
0.472358	0.178868	0.877895
0.477642	0.121132	0.936345
0.484858	0.121132	0.955941
0.477642	0.178868	0.936345
0.484858	0.178868	0.955941
0.490142	0.121132	0.970286
0.497358	0.121132	0.989883
0.490142	0.178868	0.970286
0.497358	0.178868	0.989883
0.502642	0.021132	1.002730
0.509858	0.021132	0.995990
0.502642	0.078868	1.002730
0.509858	0.078868	0.995990
0.515142	0.021132	0.991057
0.522358	0.021132	0.984317
0.515142	0.078868	0.991057
0.522358	0.078868	0.984317
0.527642	0.021132	0.946970
0.534858	0.021132	0.916288
0.527642	0.078868	0.946970
0.534858	0.078868	0.916288
0.540142	0.021132	0.893827
0.547358	0.021132	0.863146
0.540142	0.078868	0.893827
0.547358	0.078868	0.863146
0.552642	0.021132	0.788686
0.559858	0.021132	0.744310
0.552642	0.078868	0.788686
0.559858	0.078868	0.744310
0.565142	0.021132	0.711824
0.572358	0.021132	0.667448
0.565142	0.078868	0.711824
0.572358	0.078868	0.667448
0.577642	0.021132	0.579294
0.584858	0.021132	0.533841
0.577642	0.078868	0.579294
0.584858	0.078868	0.533841
0.590142	0.021132	0.500567
0.597358	0.021132	0.455114
0.590142	0.078868	0.500567
0.597358	0.078868	0.455114
0.502642	0.121132	1.002730
0.509858	0.121132	0.995990
0.502642	0.178868	1.002730
0.509858	0.178868	0.995990
0.515142	0.121132	0.991057
0.522358	0.121132	0.984317
0.515142	0.178868	0.991057
0.522358	0.178868	0.984317
0.527642	0.121132	0.946970
0.534858	0.121132	0.916288
0.527642	0.178868	0.946970
0.534858	0.178868	0.916288
0.540142	0.121132	0.893827
0.547358	0.121132	0.863146
0.540142	0.178868	0.893827
0.547358	0.178868	0.863146
0.552642	0.121132	0.788686
0.559858	0.121132	0.744310
0.552642	0.178868	0.788686
0.559858	0.178868	0.744310
0.565142	0.121132	0.711824
0.572358	0.121132	0.667448
0.565142	0.178868	0.711824
0.572358	0.178868	0.667448
0.577642	0.121132	0.579294
0.584858	0.121132	0.533841
0.577642	0.178868	0.579294
0.584858	0.178868	0.533841
0.590142	0.121132	0.500567
0.597358	0.121132	0.455114
0.590142	0.178868	0.500567
0.597358	0.178868	0.455114
0.602642	0.021132	0.375259
0.609858	0.021132	0.338063
0.602642	0.078868	0.375259
0.609858	0.078868	0.338063
0.615142	0.021132	0.310834
0.622358	0.021132	0.273638
0.615142	0.078868	0.310834
0.622358	0.078868	0.273638
0.627642	0.021132	0.214392
0.634858	0.021132	0.189018
0.627642	0.078868	0.214392
0.634858	0.078868	0.189018
0.640142	0.021132	0.170442
0.647358	0.021132	0.145067
0.640142	0.078868	0.170442
0.647358	0.078868	0.145067
0.652642	0.021132	0.108030
0.659858	0.021132	0.093307
0.652642	0.078868	0.108030
0.659858	0.078868	0.093307
0.665142	0.021132	0.082530
0.672358	0.021132	0.067808
0.665142	0.078868	0.082530
0.672358	0.078868	0.067808
0.677642	0.021132	0.048011
0.684858	0.021132	0.040666
0.677642	0.078868	0.048011
0.684858	0.078868	0.040666
0.690142	0.021132	0.035289
0.697358	0.021132	0.027944
0.690142	0.078868	0.035289
0.697358	0.078868	0.027944
0.602642	0.121132	0.375259
0.609858	0.121132	0.338063
0.602642	0.178868	0.375259
0.609858	0.178868	0.338063
0.615142	0.121132	0.310834
0.622358	0.121132	0.273638
0.615142	0.178868	0.310834
0.622358	0.178868	0.273638
0.627642	0.121132	0.214392
0.634858	0.121132	0.189018
0.627642	0.178868	0.214392
0.634858	0.178868	0.189018
0.640142	0.121132	0.170442
0.647358	0.121132	0.145067
0.640142	0.178868	0.170442
0.647358	0.178868	0.145067
0.652642	0.121132	0.108030
0.659858	0.121132	0.093307
0.652642	0.178868	0.108030
0.659858	0.178868	0.093307
0.665142	0.121132	0.082530
0.672358	0.121132	0.067808
0.665142	0.178868	0.082530
0.672358	0.178868	0.067808
0.677642	0.121132	0.048011
0.684858	0.121132	0.040666
0.677642	0.178868	0.048011
0.684858	0.178868	0.040666
0.690142	0.121132	0.035289
0.697358	0.121132	0.027944
0.690142	0.178868	0.035289
0.697358	0.178868	0.027944
0.702642	0.021132	0.018820
0.709858	0.021132	0.015647
0.702642	0.078868	0.018820
0.709858	0.078868	0.015647
0.715142	0.021132	0.013325
0.722358	0.021132	0.010152
0.715142	0.078868	0.013325
0.722358	0.078868	0.010152
0.727642	0.021132	0.006507
0.734858	0.021132	0.005315
0.727642	0.078868	0.006507
0.734858	0.078868	0.005315
0.740142	0.021132	0.004443
0.747358	0.021132	0.003252
0.740142	0.078868	0.004443
0.747358	0.078868	0.003252
0.752642	0.021132	0.001984
0.759858	0.021132	0.001594
0.752642	0.078868	0.001984
0.759858	0.078868	0.001594
0.765142	0.021132	0.001308
0.772358	0.021132	0.000918
0.765142	0.078868	0.001308
0.772358	0.078868	0.000918
0.777642	0.021132	0.000534
0.784858	0.021132	0.000422
0.777642	0.078868	0.000534
0.784858	0.078868	0.000422
0.790142	0.021132	0.000340
0.797358	0.021132	0.000228
0.790142	0.078868	0.000340
0.797358	0.078868	0.000228
0.702642	0.121132	0.018820
0.709858	0.121132	0.015647
0.702642	0.178868	0.018820
0.709858	0.178868	0.015647
0.715142	0.121132	0.013325
0.722358	0.121132	0.010152
0.715142	0.178868	0.013325
0.722358	0.178868	0.010152
0.727642	0.121132	0.006507
0.734858	0.121132	0.005315
0.727642	0.178868	0.006507
0.734858	0.178868	0.005315
0.740142	0.121132	0.004443
0.747358	0.121132	0.003252
0.740142	0.178868	0.004443
0.747358	0.178868	0.003252
0.752642	0.121132	0.001984
0.759858	0.121132	0.001594
0.752642	0.178868	0.001984
0.759858	0.178868	0.001594
0.765142	0.121132	0.001308
0.772358	0.121132	0.000918
0.765142	0.178868	0.001308
0.772358	0.178868	0.000918
0.777642	0.121132	0.000534
0.784858	0.121132	0.000422
0.777642	0.178868	0.000534
0.784858	0.178868	0.000422
0.790142	0.121132	0.000340
0.797358	0.121132	0.000228
0.790142	0.178868	0.000340
0.797358	0.178868	0.000228
0.802642	0.021132	0.000127
0.809858	0.021132	0.000099
0.802642	0.078868	0.000127
0.809858	0.078868	0.000099
0.815142	0.021132	0.000078
0.822358	0.021132	0.000050
0.815142	0.078868	0.000078
0.822358	0.078868	0.000050
0.827642	0.021132	0.000027
0.834858	0.021132	0.000020
0.827642	0.078868	0.000027
0.834858	0.078868	0.000020
0.840142	0.021132	0.000016
0.847358	0.021132	0.000010
0.840142	0.078868	0.000016
0.847358	0.078868	0.000010
0.852642	0.021132	0.000005
0.859858	0.021132	0.000004
0.852642	0.078868	0.000005
0.859858	0.078868	0.000004
0.865142	0.021132	0.000003
0.872358	0.021132	0.000002
0.865142	0.078868	0.000003
0.872358	0.078868	0.000002
0.877642	0.021132	0.000001
0.884858	0.021132	0.000001
0.877642	0.078868	0.000001
0.884858	0.078868	0.000001
0.890142	0.021132	0.000000
0.897358	0.021132	0.000000
0.890142	0.078868	0.000000
0.897358	0.078868	0.000000
0.802642	0.121132	0.000127
0.809858	0.121132	0.000099
0.802642	0.178868	0.000127
0.809858	0.178868	0.000099
0.815142	0.121132	0.000078
0.822358	0.121132	0.000050
0.815142	0.178868	0.000078
0.822358	0.178868	0.000050
0.827642	0.121132	0.000027
0.834858	0.121132	0.000020
0.827642	0.178868	0.000027
0.834858	0.178868	0.000020
0.840142	0.121132	0.000016
0.847358	0.121132	0.000010
0.840142	0.178868	0.000016
0.847358	0.178868	0.000010
0.852642	0.121132	0.000005
0.859858	0.121132	0.000004
0.852642	0.178868	0.000005
0.859858	0.178868	0.000004
0.865142	0.121132	0.000003
0.872358	0.121132	0.000002
0.865142	0.178868	0.000003
0.872358	0.178868	0.000002
0.877642	0.121132	0.000001
0.884858	0.121132	0.000001
0.877642	0.178868	0.000001
0.884858	0.178868	0.000001
0.890142	0.121132	0.000000
0.897358	0.121132	0.000000
0.890142	0.178868	0.000000
0.897358	0.178868	0.000000
0.902642	0.021132	0.000000
0.909858	0.021132	0.000000
0.902642	0.078868	0.000000
0.909858	0.078868	0.000000
0.915142	0.021132	0.000000
0.922358	0.021132	0.000000
0.915142	0.078868	0.000000
0.922358	0.078868	0.000000
0.927642	0.021132	0.000000
0.934858	0.021132	0.000000
0.927642	0.078868	0.000000
0.934858	0.078868	0.000000
0.940142	0.021132	0.000000
0.947358	0.021132	0.000000
0.940142	0.078868	0.000000
0.947358	0.078868	0.000000
0.952642	0.021132	0.000000
0.959858	0.021132	0.000000
0.952642	0.078868	0.000000
0.959858	0.078868	0.000000
0.965142	0.021132	0.000000
0.972358	0.021132	0.000000
0.965142	0.078868	0.000000
0.972358	0.078868	0.000000
0.977642	0.021132	0.000000
0.984858	0.021132	0.000000
0.977642	0.078868	0.000000
0.984858	0.078868	0.000000
0.990142	0.021132	0.000000
0.997358	0.021132	0.000000
0.990142	0.078868	0.000000
0.997358	0.078868	0.000000
0.902642	0.121132	0.000000
0.909858	0.121132	0.000000
0.902642	0.178868	0.000000
0.909858	0.178868	0.000000
0.915142	0.121132	0.000000
0.922358	0.121132	0.000000
0.915142	0.178868	0.000000
0.922358	0.178868	0.000000
0.927642	0.121132	0.000000
0.934858	0.121132	0.000000
0.927642	0.178868	0.000000
0.934858	0.178868	0.000000
0.940142	0.121132	0.000000
0.947358	0.121132	0.000000
0.940142	0.178868	0.000000
0.947358	0.178868	0.000000
0.952642	0.121132	0.000000
0.959858	0.121132	0.000000
0.952642	0.178868	0.000000
0.959858	0.178868	0.000000
0.965142	0.121132	0.000000
0.972358	0.121132	0.000000
0.965142	0.178868	0.000000
0.972358	0.178868	0.000000
0.977642	0.121132	0.000000
0.984858	0.121132	0.000000
0.977642	0.178868	0.000000
0.984858	0.178868	0.000000
0.990142	0.121132	0.000000
0.997358	0.121132	0.000000
0.990142	0.178868	0.000000
0.997358	0.178868	0.000000
0.002642	0.221132	0.000000
0.009858	0.221132	0.000000
0.002642	0.278868	0.000000
0.009858	0.278868	0.000000
0.015142	0.221132	0.000000
0.022358	0.221132	0.000000
0.015142	0.278868	0.000000
0.022358	0.278868	0.000000
0.027642	0.221132	0.000000
0.034858	0.221132	0.000000
0.027642	0.278868	0.000000
0.034858	0.278868	0.000000
0.040142	0.221132	0.000000
0.047358	0.221132	0.000000
0.040142	0.278868	0.000000
0.047358	0.278868	0.000000
0.052642	0.221132	0.000000
0.059858	0.221132	0.000000
0.052642	0.278868	0.000000
0.059858	0.278868	0.000000
0.065142	0.221132	0.000000
0.072358	0.221132	0.000000
0.065142	0.278868	0.000000
0.072358	0.278868	0.000000
0.077642	0.221132	0.000000
0.084858	0.221132	0.000000
0.077642	0.278868	0.000000
0.084858	0.278868	0.000000
0.090142	0.221132	0.000000
0.097358	0.221132	0.000000
0.090142	0.278868	0.000000
0.097358	0.278868	0.000000
0.002642	0.321132	0.000000
0.009858	0.321132	0.000000
0.002642	0.378868	0.000000
0.009858	0.378868	0.000000
0.015142	0.321132	0.000000
0.022358	0.321132	0.000000
0.015142	0.378868	0.000000
0.022358	0.378868	0.000000
0.027642	0.321132	0.000000
0.034858	0.321132	0.000000
0.027642	0.378868	0.000000
0.034858	0.378868	0.000000
0.040142	0.321132	0.000000
0.047358	0.321132	0.000000
0.040142	0.378868	0.000000
0.047358	0.378868	0.000000
0.052642	0.321132	0.000000
0.059858	0.321132	0.000000
0.052642	0.378868	0.000000
0.059858	0.378868	0.000000
0.065142	0.321132	0.000000
0.072358	0.321132	0.000000
0.065142	0.378868	0.000000
0.072358	0.378868	0.000000
0.077642	0.321132	0.000000
0.084858	0.321132	0.000000
0.077642	0.378868	0.000000
0.084858	0.378868	0.000000
0.090142	0.321132	0.000000
0.097358	0.321132	0.000000
0.090142	0.378868	0.000000
0.097358	0.378868	0.000000
0.102642	0.221132	0.000000
0.109858	0.221132	0.000000
0.102642	0.278868	0.000000
0.109858	0.278868	0.000000
0.115142	0.221132	0.000000
0.122358	0.221132	0.000000
0.115142	0.278868	0.000000
0.122358	0.278868	0.000000
0.127642	0.221132	0.000001
0.134858	0.221132	0.000001
0.127642	0.278868	0.000001
0.134858	0.278868	0.000001
0.140142	0.221132	0.000002
0.147358	0.221132	0.000002
0.140142	0.278868	0.000002
0.147358	0.278868	0.000002
0.152642	0.221132	0.000004
0.159858	0.221132	0.000007
0.152642	0.278868	0.000004
0.159858	0.278868	0.000007
0.165142	0.221132	0.000009
0.172358	0.221132	0.000012
0.165142	0.278868	0.000009
0.172358	0.278868	0.000012
0.177642	0.221132	0.000022
0.184858	0.221132	0.000036
0.177642	0.278868	0.000022
0.184858	0.278868	0.000036
0.190142	0.221132	0.000045
0.197358	0.221132	0.000059
0.190142	0.278868	0.000045
0.197358	0.278868	0.000059
0.102642	0.321132	0.000000
0.109858	0.321132	0.000000
0.102642	0.378868	0.000000
0.109858	0.378868	0.000000
0.115142	0.321132	0.000000
0.122358	0.321132	0.000000
0.115142	0.378868	0.000000
0.122358	0.378868	0.000000
0.127642	0.321132	0.000001
0.134858	0.321132	0.000001
0.127642	0.378868	0.000001
0.134858	0.378868	0.000001
0.140142	0.321132	0.000002
0.147358	0.321132	0.000002
0.140142	0.378868	0.000002
0.147358	0.378868	0.000002
0.152642	0.321132	0.000004
0.159858	0.321132	0.000007
0.152642	0.378868	0.000004
0.159858	0.378868	0.000007
0.165142	0.321132	0.000009
0.172358	0.321132	0.000012
0.165142	0.378868	0.000009
0.172358	0.378868	0.000012
0.177642	0.321132	0.000022
0.184858	0.321132	0.000036
0.177642	0.378868	0.000022
0.184858	0.378868	0.000036
0.190142	0.321132	0.000045
0.197358	0.321132	0.000059
0.190142	0.378868	0.000045
0.197358	0.378868	0.000059
0.202642	0.221132	0.000109
0.209858	0.221132	0.000166
0.202642	0.278868	0.000109
0.209858	0.278868	0.000166
0.215142	0.221132	0.000207
0.222358	0.221132	0.000264
0.215142	0.278868	0.000207
0.222358	0.278868	0.000264
0.227642	0.221132	0.000465
0.234858	0.221132	0.000678
0.227642	0.278868	0.000465
0.234858	0.278868	0.000678
0.240142	0.221132	0.000833
0.247358	0.221132	0.001045
0.240142	0.278868	0.000833
0.247358	0.278868	0.001045
0.252642	0.221132	0.001755
0.259858	0.221132	0.002449
0.252642	0.278868	0.001755
0.259858	0.278868	0.002449
0.265142	0.221132	0.002956
0.272358	0.221132	0.003650
0.265142	0.278868	0.002956
0.272358	0.278868	0.003650
0.277642	0.221132	0.005837
0.284858	0.221132	0.007815
0.277642	0.278868	0.005837
0.284858	0.278868	0.007815
0.290142	0.221132	0.009263
0.297358	0.221132	0.011241
0.290142	0.278868	0.009263
0.297358	0.278868	0.011241
0.202642	0.321132	0.000109
0.209858	0.321132	0.000166
0.202642	0.378868	0.000109
0.209858	0.378868	0.000166
0.215142	0.321132	0.000207
0.222358	0.321132	0.000264
0.215142	0.378868	0.000207
0.222358	0.378868	0.000264
0.227642	0.321132	0.000465
0.234858	0.321132	0.000678
0.227642	0.378868	0.000465
0.234858	0.378868	0.000678
0.240142	0.321132	0.000833
0.247358	0.321132	0.001045
0.240142	0.378868	0.000833
0.247358	0.378868	0.001045
0.252642	0.321132	0.001755
0.259858	0.321132	0.002449
0.252642	0.378868	0.001755
0.259858	0.378868	0.002449
0.265142	0.321132	0.002956
0.272358	0.321132	0.003650
0.265142	0.378868	0.002956
0.272358	0.378868	0.003650
0.277642	0.321132	0.005837
0.284858	0.321132	0.007815
0.277642	0.378868	0.005837
0.284858	0.378868	0.007815
0.290142	0.321132	0.009263
0.297358	0.321132	0.011241
0.290142	0.378868	0.009263
0.297358	0.378868	0.011241
0.302642	0.221132	0.017111
0.309858	0.221132	0.022024
0.302642	0.278868	0.017111
0.309858	0.278868	0.022024
0.315142	0.221132	0.025621
0.322358	0.221132	0.030534
0.315142	0.278868	0.025621
0.322358	0.278868	0.030534
0.327642	0.221132	0.044220
0.334858	0.221132	0.054812
0.327642	0.278868	0.044220
0.334858	0.278868	0.054812
0.340142	0.221132	0.062566
0.347358	0.221132	0.073157
0.340142	0.278868	0.062566
0.347358	0.278868	0.073157
0.352642	0.221132	0.100754
0.359858	0.221132	0.120461
0.352642	0.278868	0.100754
0.359858	0.278868	0.120461
0.365142	0.221132	0.134887
0.372358	0.221132	0.154594
0.365142	0.278868	0.134887
0.372358	0.278868	0.154594
0.377642	0.221132	0.202399
0.384858	0.221132	0.233778
0.377642	0.278868	0.202399
0.384858	0.278868	0.233778
0.390142	0.221132	0.256750
0.397358	0.221132	0.288130
0.390142	0.278868	0.256750
0.397358	0.278868	0.288130
0.302642	0.321132	0.017111
0.309858	0.321132	0.022024
0.302642	0.378868	0.017111
0.309858	0.378868	0.022024
0.315142	0.321132	0.025621
0.322358	0.321132	0.030534
0.315142	0.378868	0.025621
0.322358	0.378868	0.030534
0.327642	0.321132	0.044220
0.334858	0.321132	0.054812
0.327642	0.378868	0.044220
0.334858	0.378868	0.054812
0.340142	0.321132	0.062566
0.347358	0.321132	0.073157
0.340142	0.378868	0.062566
0.347358	0.378868	0.073157
0.352642	0.321132	0.100754
0.359858	0.321132	0.120461
0.352642	0.378868	0.100754
0.359858	0.378868	0.120461
0.365142	0.321132	0.134887
0.372358	0.321132	0.154594
0.365142	0.378868	0.134887
0.372358	0.378868	0.154594
0.377642	0.321132	0.202399
0.384858	0.321132	0.233778
0.377642	0.378868	0.202399
0.384858	0.378868	0.233778
0.390142	0.321132	0.256750
0.397358	0.321132	0.288130
0.390142	0.378868	0.256750
0.397358	0.378868	0.288130
0.402642	0.221132	0.358493
0.409858	0.221132	0.400634
0.402642	0.278868	0.358493
0.409858	0.278868	0.400634
0.415142	0.221132	0.431484
0.422358	0.221132	0.473625
0.415142	0.278868	0.431484
0.422358	0.278868	0.473625
0.427642	0.221132	0.559885
0.434858	0.221132	0.606276
0.427642	0.278868	0.559885
0.434858	0.278868	0.606276
0.440142	0.221132	0.640238
0.447358	0.221132	0.686629
0.440142	0.278868	0.640238
0.447358	0.278868	0.686629
0.452642	0.221132	0.771043
0.459858	0.221132	0.810153
0.452642	0.278868	0.771043
0.459858	0.278868	0.810153
0.465142	0.221132	0.838784
0.472358	0.221132	0.877895
0.465142	0.278868	0.838784
0.472358	0.278868	0.877895
0.477642	0.221132	0.936345
0.484858	0.221132	0.955941
0.477642	0.278868	0.936345
0.484858	0.278868	0.955941
0.490142	0.221132	0.970286
0.497358	0.221132	0.989883
0.490142	0.278868	0.970286
0.497358	0.278868	0.989883
0.402642	0.321132	0.358493
0.409858	0.321132	0.400634
0.402642	0.378868	0.358493
0.409858	0.378868	0.400634
0.415142	0.321132	0.431484
0.422358	0.321132	0.473625
0.415142	0.378868	0.431484
0.422358	0.378868	0.473625
0.427642	0.321132	0.559885
0.434858	0.321132	0.606276
0.427642	0.378868	0.559885
0.434858	0.378868	0.606276
0.440142	0.321132	0.640238
0.447358	0.321132	0.686629
0.440142	0.378868	0.640238
0.447358	0.378868	0.686629
0.452642	0.321132	0.771043
0.459858	0.321132	0.810153
0.452642	0.378868	0.771043
0.459858	0.378868	0.810153
0.465142	0.321132	0.838784
0.472358	0.321132	0.877895
0.465142	0.378868	0.838784
0.472358	0.378868	0.877895
0.477642	0.321132	0.936345
0.484858	0.321132	0.955941
0.477642	0.378868	0.936345
0.484858	0.378868	0.955941
0.490142	0.321132	0.970286
0.497358	0.321132	0.989883
0.490142	0.378868	0.970286
0.497358	0.378868	0.989883
0.502642	0.221132	1.002730
0.509858	0.221132	0.995990
0.502642	0.278868	1.002730
0.509858	0.278868	0.995990
0.515142	0.221132	0.991057
0.522358	0.221132	0.984317
0.515142	0.278868	0.991057
0.522358	0.278868	0.984317
0.527642	0.221132	0.946970
0.534858	0.221132	0.916288
0.527642	0.278868	0.946970
0.534858	0.278868	0.916288
0.540142	0.221132	0.893827
0.547358	0.221132	0.863146
0.540142	0.278868	0.893827
0.547358	0.278868	0.863146
0.552642	0.221132	0.788686
0.559858	0.221132	0.744310
0.552642	0.278868	0.788686
0.559858	0.278868	0.744310
0.565142	0.221132	0.711824
0.572358	0.221132	0.667448
0.565142	0.278868	0.711824
0.572358	0.278868	0.667448
0.577642	0.221132	0.579294
0.584858	0.221132	0.533841
0.577642	0.278868	0.579294
0.584858	0.278868	0.533841
0.590142	0.221132	0.500567
0.597358	0.221132	0.455114
0.590142	0.278868	0.500567
0.597358	0.278868	0.455114
0.502642	0.321132	1.002730
0.509858	0.321132	0.995990
0.502642	0.378868	1.002730
0.509858	0.378868	0.995990
0.515142	0.321132	0.991057
0.522358	0.321132	0.984317
0.515142	0.378868	0.991057
0.522358	0.378868	0.984317
0.527642	0.321132	0.946970
0.534858	0.321132	0.916288
0.527642	0.378868	0.946970
0.534858	0.378868	0.916288
0.540142	0.321132	0.893827
0.547358	0.321132	0.863146
0.540142	0.378868	0.893827
0.547358	0.378868	0.863146
0.552642	0.321132	0.788686
0.559858	0.321132	0.744310
0.552642	0.378868	0.788686
0.559858	0.378868	0.744310
0.565142	0.321132	0.711824
0.572358	0.321132	0.667448
0.565142	0.378868	0.711824
0.572358	0.378868	0.667448
0.577642	0.321132	0.579294
0.584858	0.321132	0.533841
0.577642	0.378868	0.579294
0.584858	0.378868	0.533841
0.590142	0.321132	0.500567
0.597358	0.321132	0.455114
0.590142	0.378868	0.500567
0.597358	0.378868	0.455114
0.602642	0.221132	0.375259
0.609858	0.221132	0.338063
0.602642	0.278868	0.375259
0.609858	0.278868	0.338063
0.615142	0.221132	0.310834
0.622358	0.221132	0.273638
0.615142	0.278868	0.310834
0.622358	0.278868	0.273638
0.627642	0.221132	0.214392
0.634858	0.221132	0.189018
0.627642	0.278868	0.214392
0.634858	0.278868	0.189018
0.640142	0.221132	0.170442
0.647358	0.221132	0.145067
0.640142	0.278868	0.170442
0.647358	0.278868	0.145067
0.652642	0.221132	0.108030
0.659858	0.221132	0.093307
0.652642	0.278868	0.108030
0.659858	0.278868	0.093307
0.665142	0.221132	0.082530
0.672358	0.221132	0.067808
0.665142	0.278868	0.082530
0.672358	0.278868	0.067808
0.677642	0.221132	0.048011
0.684858	0.221132	0.040666
0.677642	0.278868	0.048011
0.684858	0.278868	0.040666
0.690142	0.221132	0.035289
0.697358	0.221132	0.027944
0.690142	0.278868	0.035289
0.697358	0.278868	0.027944
0.602642	0.321132	0.375259
0.609858	0.321132	0.338063
0.602642	0.378868	0.375259
0.609858	0.378868	0.338063
0.615142	0.321132	0.310834
0.622358	0.321132	0.273638
0.615142	0.378868	0.310834
0.622358	0.378868	0.273638
0.627642	0.321132	0.214392
0.634858	0.321132	0.189018
0.627642	0.378868	0.214392
0.634858	0.378868	0.189018
0.640142	0.321132	0.170442
0.647358	0.321132	0.145067
0.640142	0.378868	0.170442
0.647358	0.378868	0.145067
0.652642	0.321132	0.108030
0.659858	0.321132	0.093307
0.652642	0.378868	0.108030
0.659858	0.378868	0.093307
0.665142	0.321132	0.082530
0.672358	0.321132	0.067808
0.665142	0.378868	0.082530
0.672358	0.378868	0.067808
0.677642	0.321132	0.048011
0.684858	0.321132	0.040666
0.677642	0.378868	0.048011
0.684858	0.378868	0.040666
0.690142	0.321132	0.035289
0.697358	0.321132	0.027944
0.690142	0.378868	0.035289
0.697358	0.378868	0.027944
0.702642	0.221132	0.018820
0.709858	0.221132	0.015647
0.702642	0.278868	0.018820
0.709858	0.278868	0.015647
0.715142	0.221132	0.013325
0.722358	0.221132	0.010152
0.715142	0.278868	0.013325
0.722358	0.278868	0.010152
0.727642	0.221132	0.006507
0.734858	0.221132	0.005315
0.727642	0.278868	0.006507
0.734858	0.278868	0.005315
0.740142	0.221132	0.004443
0.747358	0.221132	0.003252
0.740142	0.278868	0.004443
0.747358	0.278868	0.003252
0.752642	0.221132	0.001984
0.759858	0.221132	0.001594
0.752642	0.278868	0.001984
0.759858	0.278868	0.001594
0.765142	0.221132	0.001308
0.772358	0.221132	0.000918
0.765142	0.278868	0.001308
0.772358	0.278868	0.000918
0.777642	0.221132	0.000534
0.784858	0.221132	0.000422
0.777642	0.278868	0.000534
0.784858	0.278868	0.000422
0.790142	0.221132	0.000340
0.797358	0.221132	0.000228
0.790142	0.278868	0.000340
0.797358	0.278868	0.000228
0.702642	0.321132	0.018820
0.709858	0.321132	0.015647
0.702642	0.378868	0.018820
0.709858	0.378868	0.015647
0.715142	0.321132	0.013325
0.722358	0.321132	0.010152
0.715142	0.378868	0.013325
0.722358	0.378868	0.010152
0.727642	0.321132	0.006507
0.734858	0.321132	0.005315
0.727642	0.378868	0.006507
0.734858	0.378868	0.005315
0.740142	0.321132	0.004443
0.747358	0.321132	0.003252
0.740142	0.378868	0.004443
0.747358	0.378868	0.003252
0.752642	0.321132	0.001984
0.759858	0.321132	0.001594
0.752642	0.378868	0.001984
0.759858	0.378868	0.001594
0.765142	0.321132	0.001308
0.772358	0.321132	0.000918
0.765142	0.378868	0.001308
0.772358	0.378868	0.000918
0.777642	0.321132	0.000534
0.784858	0.321132	0.000422
0.777642	0.378868	0.000534
0.784858	0.378868	0.000422
0.790142	0.321132	0.000340
0.797358	0.321132	0.000228
0.790142	0.378868	0.000340
0.797358	0.378868	0.000228
0.802642	0.221132	0.000127
0.809858	0.221132	0.000099
0.802642	0.278868	0.000127
0.809858	0.278868	0.000099
0.815142	0.221132	0.000078
0.822358	0.221132	0.000050
0.815142	0.278868	0.000078
0.822358	0.278868	0.000050
0.827642	0.221132	0.000027
0.834858	0.221132	0.000020
0.827642	0.278868	0.000027
0.834858	0.278868	0.000020
0.840142	0.221132	0.000016
0.847358	0.221132	0.000010
0.840142	0.278868	0.000016
0.847358	0.278868	0.000010
0.852642	0.221132	0.000005
0.859858	0.221132	0.000004
0.852642	0.278868	0.000005
0.859858	0.278868	0.000004
0.865142	0.221132	0.000003
0.872358	0.221132	0.000002
0.865142	0.278868	0.000003
0.872358	0.278868	0.000002
0.877642	0.221132	0.000001
0.884858	0.221132	0.000001
0.877642	0.278868	0.000001
0.884858	0.278868	0.000001
0.890142	0.221132	0.000000
0.897358	0.221132	0.000000
0.890142	0.278868	0.000000
0.897358	0.278868	0.000000
0.802642	0.321132	0.000127
0.809858	0.321132	0.000099
0.802642	0.378868	0.000127
0.809858	0.378868	0.000099
0.815142	0.321132	0.000078
0.822358	0.321132	0.000050
0.815142	0.378868	0.000078
0.822358	0.378868	0.000050
0.827642	0.321132	0.000027
0.834858	0.321132	0.000020
0.827642	0.378868	0.000027
0.834858	0.378868	0.000020
0.840142	0.321132	0.000016
0.847358	0.321132	0.000010
0.840142	0.378868	0.000016
0.847358	0.378868	0.000010
0.852642	0.321132	0.000005
0.859858	0.321132	0.000004
0.852642	0.378868	0.000005
0.859858	0.378868	0.000004
0.865142	0.321132	0.000003
0.872358	0.321132	0.000002
0.865142	0.378868	0.000003
0.872358	0.378868	0.000002
0.877642	0.321132	0.000001
0.884858	0.321132	0.000001
0.877642	0.378868	0.000001
0.884858	0.378868	0.000001
0.890142	0.321132	0.000000
0.897358	0.321132	0.000000
0.890142	0.378868	0.000000
0.897358	0.378868	0.000000
0.902642	0.221132	0.000000
0.909858	0.221132	0.000000
0.902642	0.278868	0.000000
0.909858	0.278868	0.000000
0.915142	0.221132	0.000000
0.922358	0.221132	0.000000
0.915142	0.278868	0.000000
0.922358	0.278868	0.000000
0.927642	0.221132	0.000000
0.934858	0.221132	0.000000
0.927642	0.278868	0.000000
0.934858	0.278868	0.000000
0.940142	0.221132	0.000000
0.947358	0.221132	0.000000
0.940142	0.278868	0.000000
0.947358	0.278868	0.000000
0.952642	0.221132	0.000000
0.959858	0.221132	0.000000
0.952642	0.278868	0.000000
0.959858	0.278868	0.000000
0.965142	0.221132	0.000000
0.972358	0.221132	0.000000
0.965142	0.278868	0.000000
0.972358	0.278868	0.000000
0.977642	0.221132	0.000000
0.984858	0.221132	0.000000
0.977642	0.278868	0.000000
0.984858	0.278868	0.000000
0.990142	0.221132	0.000000
0.997358	0.221132	0.000000
0.990142	0.278868	0.000000
0.997358	0.278868	0.000000
0.902642	0.321132	0.000000
0.909858	0.321132	0.000000
0.902642	0.378868	0.000000
0.909858	0.378868	0.000000
0.915142	0.321132	0.000000
0.922358	0.321132	0.000000
0.915142	0.378868	0.000000
0.922358	0.378868	0.000000
0.927642	0.321132	0.000000
0.934858	0.321132	0.000000
0.927642	0.378868	0.000000
0.934858	0.378868	0.000000
0.940142	0.321132	0.000000
0.947358	0.321132	0.000000
0.940142	0.378868	0.000000
0.947358	0.378868	0.000000
0.952642	0.321132	0.000000
0.959858	0.321132	0.000000
0.952642	0.378868	0.000000
0.959858	0.378868	0.000000
0.965142	0.321132	0.000000
0.972358	0.321132	0.000000
0.965142	0.378868	0.000000
0.972358	0.378868	0.000000
0.977642	0.321132	0.000000
0.984858	0.321132	0.000000
0.977642	0.378868	0.000000
0.984858	0.378868	0.000000
0.990142	0.321132	0.000000
0.997358	0.321132	0.000000
0.990142	0.378868	0.000000
0.997358	0.378868	0.000000
0.002642	0.421132	0.000000
0.009858	0.421132	0.000000
0.002642	0.478868	0.000000
0.009858	0.478868	0.000000
0.015142	0.421132	0.000000
0.022358	0.421132	0.000000
0.015142	0.478868	0.000000
0.022358	0.478868	0.000000
0.027642	0.421132	0.000000
0.034858	0.421132	0.000000
0.027642	0.478868	0.000000
0.034858	0.478868	0.000000
0.040142	0.421132	0.000000
0.047358	0.421132	0.000000
0.040142	0.478868	0.000000
0.047358	0.478868	0.000000
0.052642	0.421132	0.000000
0.059858	0.421132	0.000000
0.052642	0.478868	0.000000
0.059858	0.478868	0.000000
0.065142	0.421132	0.000000
0.072358	0.421132	0.000000
0.065142	0.478868	0.000000
0.072358	0.478868	0.000000
0.077642	0.421132	0.000000
0.084858	0.421132	0.000000
0.077642	0.478868	0.000000
0.084858	0.478868	0.000000
0.090142	0.421132	0.000000
0.097358	0.421132	0.000000
0.090142	0.478868	0.000000
0.097358	0.478868	0.000000
0.002642	0.521132	0.000000
0.009858	0.521132	0.000000
0.002642	0.578868	0.000000
0.009858	0.578868	0.000000
0.015142	0.521132	0.000000
0.022358	0.521132	0.000000
0.015142	0.578868	0.000000
0.022358	0.578868	0.000000
0.027642	0.521132	0.000000
0.034858	0.521132	0.000000
0.027642	0.578868	0.000000
0.034858	0.578868	0.000000
0.040142	0.521132	0.000000
0.047358	0.521132	0.000000
0.040142	0.578868	0.000000
0.047358	0.578868	0.000000
0.052642	0.521132	0.000000
0.059858	0.521132	0.000000
0.052642	0.578868	0.000000
0.059858	0.578868	0.000000
0.065142	0.521132	0.000000
0.072358	0.521132	0.000000
0.065142	0.578868	0.000000
0.072358	0.578868	0.000000
0.077642	0.521132	0.000000
0.084858	0.521132	0.000000
0.077642	0.578868	0.000000
0.084858	0.578868	0.000000
0.090142	0.521132	0.000000
0.097358	0.521132	0.000000
0.090142	0.578868	0.000000
0.097358	0.578868	0.000000
0.102642	0.421132	0.000000
0.109858	0.421132	0.000000
0.102642	0.478868	0.000000
0.109858	0.478868	0.000000
0.115142	0.421132	0.000000
0.122358	0.421132	0.000000
0.115142	0.478868	0.000000
0.122358	0.478868	0.000000
0.127642	0.421132	0.000001
0.134858	0.421132	0.000001
0.127642	0.478868	0.000001
0.134858	0.478868	0.000001
0.140142	0.421132	0.000002
0.147358	0.421132	0.000002
0.140142	0.478868	0.000002
0.147358	0.478868	0.000002
0.152642	0.421132	0.000004
0.159858	0.421132	0.000007
0.152642	0.478868	0.000004
0.159858	0.478868	0.000007
0.165142	0.421132	0.000009
0.172358	0.421132	0.000012
0.165142	0.478868	0.000009
0.172358	0.478868	0.000012
0.177642	0.421132	0.000022
0.184858	0.421132	0.000036
0.177642	0.478868	0.000022
0.184858	0.478868	0.000036
0.190142	0.421132	0.000045
0.197358	0.421132	0.000059
0.190142	0.478868	0.000045
0.197358	0.478868	0.000059
0.102642	0.521132	0.000000
0.109858	0.521132	0.000000
0.102642	0.578868	0.000000
0.109858	0.578868	0.000000
0.115142	0.521132	0.000000
0.122358	0.521132	0.000000
0.115142	0.578868	0.000000
0.122358	0.578868	0.000000
0.127642	0.521132	0.000001
0.134858	0.521132	0.000001
0.127642	0.578868	0.000001
0.134858	0.578868	0.000001
0.140142	0.521132	0.000002
0.147358	0.521132	0.000002
0.140142	0.578868	0.000002
0.147358	0.578868	0.000002
0.152642	0.521132	0.000004
0.159858	0.521132	0.000007
0.152642	0.578868	0.000004
0.159858	0.578868	0.000007
0.165142	0.521132	0.000009
0.172358	0.521132	0.000012
0.165142	0.578868	0.000009
0.172358	0.578868	0.000012
0.177642	0.521132	0.000022
0.184858	0.521132	0.000036
0.177642	0.578868	0.000022
0.184858	0.578868	0.000036
0.190142	0.521132	0.000045
0.197358	0.521132	0.000059
0.190142	0.578868	0.000045
0.197358	0.578868	0.000059
0.202642	0.421132	0.000109
0.209858	0.421132	0.000166
0.202642	0.478868	0.000109
0.209858	0.478868	0.000166
0.215142	0.421132	0.000207
0.222358	0.421132	0.000264
0.215142	0.478868	0.000207
0.222358	0.478868	0.000264
0.227642	0.421132	0.000465
0.234858	0.421132	0.000678
0.227642	0.478868	0.000465
0.234858	0.478868	0.000678
0.240142	0.421132	0.000833
0.247358	0.421132	0.001045
0.240142	0.478868	0.000833
0.247358	0.478868	0.001045
0.252642	0.421132	0.001755
0.259858	0.421132	0.002449
0.252642	0.478868	0.001755
0.259858	0.478868	0.002449
0.265142	0.421132	0.002956
0.272358	0.421132	0.003650
0.265142	0.478868	0.002956
0.272358	0.478868	0.003650
0.277642	0.421132	0.005837
0.284858	0.421132	0.007815
0.277642	0.478868	0.005837
0.284858	0.478868	0.007815
0.290142	0.421132	0.009263
0.297358	0.421132	0.011241
0.290142	0.478868	0.009263
0.297358	0.478868	0.011241
0.202642	0.521132	0.000109
0.209858	0.521132	0.000166
0.202642	0.578868	0.000109
0.209858	0.578868	0.000166
0.215142	0.521132	0.000207
0.222358	0.521132	0.000264
0.215142	0.578868	0.000207
0.222358	0.578868	0.000264
0.227642	0.521132	0.000465
0.234858	0.521132	0.000678
0.227642	0.578868	0.000465
0.234858	0.578868	0.000678
0.240142	0.521132	0.000833
0.247358	0.521132	0.001045
0.240142	0.578868	0.000833
0.247358	0.578868	0.001045
0.252642	0.521132	0.001755
0.259858	0.521132	0.002449
0.252642	0.578868	0.001755
0.259858	0.578868	0.002449
0.265142	0.521132	0.002956
0.272358	0.521132	0.003650
0.265142	0.578868	0.002956
0.272358	0.578868	0.003650
0.277642	0.521132	0.005837
0.284858	0.521132	0.007815
0.277642	0.578868	0.005837
0.284858	0.578868	0.007815
0.290142	0.521132	0.009263
0.297358	0.521132	0.011241
0.290142	0.578868	0.009263
0.297358	0.578868	0.011241
0.302642	0.421132	0.017111
0.309858	0.421132	0.022024
0.302642	0.478868	0.017111
0.309858	0.478868	0.022024
0.315142	0.421132	0.025621
0.322358	0.421132	0.030534
0.315142	0.478868	0.025621
0.322358	0.478868	0.030534
0.327642	0.421132	0.044220
0.334858	0.421132	0.054812
0.327642	0.478868	0.044220
0.334858	0.478868	0.054812
0.340142	0.421132	0.062566
0.347358	0.421132	0.073157
0.340142	0.478868	0.062566
0.347358	0.478868	0.073157
0.352642	0.421132	0.100754
0.359858	0.421132	0.120461
0.352642	0.478868	0.100754
0.359858	0.478868	0.120461
0.365142	0.421132	0.134887
0.372358	0.421132	0.154594
0.365142	0.478868	0.134887
0.372358	0.478868	0.154594
0.377642	0.421132	0.202399
0.384858	0.421132	0.233778
0.377642	0.478868	0.202399
0.384858	0.478868	0.233778
0.390142	0.421132	0.256750
0.397358	0.421132	0.288130
0.390142	0.478868	0.256750
0.397358	0.478868	0.288130
0.302642	0.521132	0.017111
0.309858	0.521132	0.022024
0.302642	0.578868	0.017111
0.309858	0.578868	0.022024
0.315142	0.521132	0.025621
0.322358	0.521132	0.030534
0.315142	0.578868	0.025621
0.322358	0.578868	0.030534
0.327642	0.521132	0.044220
0.334858	0.521132	0.054812
0.327642	0.578868	0.044220
0.334858	0.578868	0.054812
0.340142	0.521132	0.062566
0.347358	0.521132	0.073157
0.340142	0.578868	0.062566
0.347358	0.578868	0.073157
0.352642	0.521132	0.100754
0.359858	0.521132	0.120461
0.352642	0.578868	0.100754
0.359858	0.578868	0.120461
0.365142	0.521132	0.134887
0.372358	0.521132	0.154594
0.365142	0.578868	0.134887
0.372358	0.578868	0.154594
0.377642	0.521132	0.202399
0.384858	0.521132	0.233778
0.377642	0.578868	0.202399
0.384858	0.578868	0.233778
0.390142	0.521132	0.256750
0.397358	0.521132	0.288130
0.390142	0.578868	0.256750
0.397358	0.578868	0.288130
0.402642	0.421132	0.358493
0.409858	0.421132	0.400634
0.402642	0.478868	0.358493
0.409858	0.478868	0.400634
0.415142	0.421132	0.431484
0.422358	0.421132	0.473625
0.415142	0.478868	0.431484
0.422358	0.478868	0.473625
0.427642	0.421132	0.559885
0.434858	0.421132	0.606276
0.427642	0.478868	0.559885
0.434858	0.478868	0.606276
0.440142	0.421132	0.640238
0.447358	0.421132	0.686629
0.440142	0.478868	0.640238
0.447358	0.478868	0.686629
0.452642	0.421132	0.771043
0.459858	0.421132	0.810153
0.452642	0.478868	0.771043
0.459858	0.478868	0.810153
0.465142	0.421132	0.838784
0.472358	0.421132	0.877895
0.465142	0.478868	0.838784
0.472358	0.478868	0.877895
0.477642	0.421132	0.936345
0.484858	0.421132	0.955941
0.477642	0.478868	0.936345
0.484858	0.478868	0.955941
0.490142	0.421132	0.970286
0.497358	0.421132	0.989883
0.490142	0.478868	0.970286
0.497358	0.478868	0.989883
0.402642	0.521132	0.358493
0.409858	0.521132	0.400634
0.402642	0.578868	0.358493
0.409858	0.578868	0.400634
0.415142	0.521132	0.431484
0.422358	0.521132	0.473625
0.415142	0.578868	0.431484
0.422358	0.578868	0.473625
0.427642	0.521132	0.559885
0.434858	0.521132	0.606276
0.427642	0.578868	0.559885
0.434858	0.578868	0.606276
0.440142	0.521132	0.640238
0.447358	0.521132	0.686629
0.440142	0.578868	0.640238
0.447358	0.578868	0.686629
0.452642	0.521132	0.771043
0.459858	0.521132	0.810153
0.452642	0.578868	0.771043
0.459858	0.578868	0.810153
0.465142	0.521132	0.838784
0.472358	0.521132	0.877895
0.465142	0.578868	0.838784
0.472358	0.578868	0.877895
0.477642	0.521132	0.936345
0.484858	0.521132	0.955941
0.477642	0.578868	0.936345
0.484858	0.578868	0.955941
0.490142	0.521132	0.970286
0.497358	0.521132	0.989883
0.490142	0.578868	0.970286
0.497358	0.578868	0.989883
0.502642	0.421132	1.002730
0.509858	0.421132	0.995990
0.502642	0.478868	1.002730
0.509858	0.478868	0.995990
0.515142	0.421132	0.991057
0.522358	0.421132	0.984317
0.515142	0.478868	0.991057
0.522358	0.478868	0.984317
0.527642	0.421132	0.946970
0.534858	0.421132	0.916288
0.527642	0.478868	0.946970
0.534858	0.478868	0.916288
0.540142	0.421132	0.893827
0.547358	0.421132	0.863146
0.540142	0.478868	0.893827
0.547358	0.478868	0.863146
0.552642	0.421132	0.788686
0.559858	0.421132	0.744310
0.552642	0.478868	0.788686
0.559858	0.478868	0.744310
0.565142	0.421132	0.711824
0.572358	0.421132	0.667448
0.565142	0.478868	0.711824
0.572358	0.478868	0.667448
0.577642	0.421132	0.579294
0.584858	0.421132	0.533841
0.577642	0.478868	0.579294
0.584858	0.478868	0.533841
0.590142	0.421132	0.500567
0.597358	0.421132	0.455114
0.590142	0.478868	0.500567
0.597358	0.478868	0.455114
0.502642	0.521132	1.002730
0.509858	0.521132	0.995990
0.502642	0.578868	1.002730
0.509858	0.578868	0.995990
0.515142	0.521132	0.991057
0.522358	0.521132	0.984317
0.515142	0.578868	0.991057
0.522358	0.578868	0.984317
0.527642	0.521132	0.946970
0.534858	0.521132	0.916288
0.527642	0.578868	0.946970
0.534858	0.578868	0.916288
0.540142	0.521132	0.893827
0.547358	0.521132	0.863146
0.540142	0.578868	0.893827
0.547358	0.578868	0.863146
0.552642	0.521132	0.788686
0.559858	0.521132	0.744310
0.552642	0.578868	0.788686
0.559858	0.578868	0.744310
0.565142	0.521132	0.711824
0.572358	0.521132	0.667448
0.565142	0.578868	0.711824
0.572358	0.578868	0.667448
0.577642	0.521132	0.579294
0.584858	0.521132	0.533841
0.577642	0.578868	0.579294
0.584858	0.578868	0.533841
0.590142	0.521132	0.500567
0.597358	0.521132	0.455114
0.590142	0.578868	0.500567
0.597358	0.578868	0.455114
0.602642	0.421132	0.375259
0.609858	0.421132	0.338063
0.602642	0.478868	0.375259
0.609858	0.478868	0.338063
0.615142	0.421132	0.310834
0.622358	0.421132	0.273638
0.615142	0.478868	0.310834
0.622358	0.478868	0.273638
0.627642	0.421132	0.214392
0.634858	0.421132	0.189018
0.627642	0.478868	0.214392
0.634858	0.478868	0.189018
0.640142	0.421132	0.170442
0.647358	0.421132	0.145067
0.640142	0.478868	0.170442
0.647358	0.478868	0.145067
0.652642	0.421132	0.108030
0.659858	0.421132	0.093307
0.652642	0.478868	0.108030
0.659858	0.478868	0.093307
0.665142	0.421132	0.082530
0.672358	0.421132	0.067808
0.665142	0.478868	0.082530
0.672358	0.478868	0.067808
0.677642	0.421132	0.048011
0.684858	0.421132	0.040666
0.677642	0.478868	0.048011
0.684858	0.478868	0.040666
0.690142	0.421132	0.035289
0.697358	0.421132	0.027944
0.690142	0.478868	0.035289
0.697358	0.478868	0.027944
0.602642	0.521132	0.375259
0.609858	0.521132	0.338063
0.602642	0.578868	0.375259
0.609858	0.578868	0.338063
0.615142	0.521132	0.310834
0.622358	0.521132	0.273638
0.615142	0.578868	0.310834
0.622358	0.578868	0.273638
0.627642	0.521132	0.214392
0.634858	0.521132	0.189018
0.627642	0.578868	0.214392
0.634858	0.578868	0.189018
0.640142	0.521132	0.170442
0.647358	0.521132	0.145067
0.640142	0.578868	0.170442
0.647358	0.578868	0.145067
0.652642	0.521132	0.108030
0.659858	0.521132	0.093307
0.652642	0.578868	0.108030
0.659858	0.578868	0.093307
0.665142	0.521132	0.082530
0.672358	0.521132	0.067808
0.665142	0.578868	0.082530
0.672358	0.578868	0.067808
0.677642	0.521132	0.048011
0.684858	0.521132	0.040666
0.677642	0.578868	0.048011
0.684858	0.578868	0.040666
0.690142	0.521132	0.035289
0.697358	0.521132	0.027944
0.690142	0.578868	0.035289
0.697358	0.578868	0.027944
0.702642	0.421132	0.018820
0.709858	0.421132	0.015647
0.702642	0.478868	0.018820
0.709858	0.478868	0.015647
0.715142	0.421132	0.013325
0.722358	0.421132	0.010152
0.715142	0.478868	0.013325
0.722358	0.478868	0.010152
0.727642	0.421132	0.006507
0.734858	0.421132	0.005315
0.727642	0.478868	0.006507
0.734858	0.478868	0.005315
0.740142	0.421132	0.004443
0.747358	0.421132	0.003252
0.740142	0.478868	0.004443
0.747358	0.478868	0.003252
0.752642	0.421132	0.001984
0.759858	0.421132	0.001594
0.752642	0.478868	0.001984
0.759858	0.478868	0.001594
0.765142	0.421132	0.001308
0.772358	0.421132	0.000918
0.765142	0.478868	0.001308
0.772358	0.478868	0.000918
0.777642	0.421132	0.000534
0.784858	0.421132	0.000422
0.777642	0.478868	0.000534
0.784858	0.478868	0.000422
0.790142	0.421132	0.000340
0.797358	0.421132	0.000228
0.790142	0.478868	0.000340
0.797358	0.478868	0.000228
0.702642	0.521132	0.018820
0.709858	0.521132	0.015647
0.702642	0.578868	0.018820
0.709858	0.578868	0.015647
0.715142	0.521132	0.013325
0.722358	0.521132	0.010152
0.715142	0.578868	0.013325
0.722358	0.578868	0.010152
0.727642	0.521132	0.006507
0.734858	0.521132	0.005315
0.727642	0.578868	0.006507
0.734858	0.578868	0.005315
0.740142	0.521132	0.004443
0.747358	0.521132	0.003252
0.740142	0.578868	0.004443
0.747358	0.578868	0.003252
0.752642	0.521132	0.001984
0.759858	0.521132	0.001594
0.752642	0.578868	0.001984
0.759858	0.578868	0.001594
0.765142	0.521132	0.001308
0.772358	0.521132	0.000918
0.765142	0.578868	0.001308
0.772358	0.578868	0.000918
0.777642	0.521132	0.000534
0.784858	0.521132	0.000422
0.777642	0.578868	0.000534
0.784858	0.578868	0.000422
0.790142	0.521132	0.000340
0.797358	0.521132	0.000228
0.790142	0.578868	0.000340
0.797358	0.578868	0.000228
0.802642	0.421132	0.000127
0.809858	0.421132	0.000099
0.802642	0.478868	0.000127
0.809858	0.478868	0.000099
0.815142	0.421132	0.000078
0.822358	0.421132	0.000050
0.815142	0.478868	0.000078
0.822358	0.478868	0.000050
0.827642	0.421132	0.000027
0.834858	0.421132	0.000020
0.827642	0.478868	0.000027
0.834858	0.478868	0.000020
0.840142	0.421132	0.000016
0.847358	0.421132	0.000010
0.840142	0.478868	0.000016
0.847358	0.478868	0.000010
0.852642	0.421132	0.000005
0.859858	0.421132	0.000004
0.852642	0.478868	0.000005
0.859858	0.478868	0.000004
0.865142	0.421132	0.000003
0.872358	0.421132	0.000002
0.865142	0.478868	0.000003
0.872358	0.478868	0.000002
0.877642	0.421132	0.000001
0.884858	0.421132	0.000001
0.877642	0.478868	0.000001
0.884858	0.478868	0.000001
0.890142	0.421132	0.000000
0.897358	0.421132	0.000000
0.890142	0.478868	0.000000
0.897358	0.478868	0.000000
0.802642	0.521132	0.000127
0.809858	0.521132	0.000099
0.802642	0.578868	0.000127
0.809858	0.578868	0.000099
0.815142	0.521132	0.000078
0.822358	0.521132	0.000050
0.815142	0.578868	0.000078
0.822358	0.578868	0.000050
0.827642	0.521132	0.000027
0.834858	0.521132	0.000020
0.827642	0.578868	0.000027
0.834858	0.578868	0.000020
0.840142	0.521132	0.000016
0.847358	0.521132	0.000010
0.840142	0.578868	0.000016
0.847358	0.578868	0.000010
0.852642	0.521132	0.000005
0.859858	0.521132	0.000004
0.852642	0.578868	0.000005
0.859858	0.578868	0.000004
0.865142	0.521132	0.000003
0.872358	0.521132	0.000002
0.865142	0.578868	0.000003
0.872358	0.578868	0.000002
0.877642	0.521132	0.000001
0.884858	0.521132	0.000001
0.877642	0.578868	0.000001
0.884858	0.578868	0.000001
0.890142	0.521132	0.000000
0.897358	0.521132	0.000000
0.890142	0.578868	0.000000
0.897358	0.578868	0.000000
0.902642	0.421132	0.000000
0.909858	0.421132	0.000000
0.902642	0.478868	0.000000
0.909858	0.478868	0.000000
0.915142	0.421132	0.000000
0.922358	0.421132	0.000000
0.915142	0.478868	0.000000
0.922358	0.478868	0.000000
0.927642	0.421132	0.000000
0.934858	0.421132	0.000000
0.927642	0.478868	0.000000
0.934858	0.478868	0.000000
0.940142	0.421132	0.000000
0.947358	0.421132	0.000000
0.940142	0.478868	0.000000
0.947358	0.478868	0.000000
0.952642	0.421132	0.000000
0.959858	0.421132	0.000000
0.952642	0.478868	0.000000
0.959858	0.478868	0.000000
0.965142	0.421132	0.000000
0.972358	0.421132	0.000000
0.965142	0.478868	0.000000
0.972358	0.478868	0.000000
0.977642	0.421132	0.000000
0.984858	0.421132	0.000000
0.977642	0.478868	0.000000
0.984858	0.478868	0.000000
0.990142	0.421132	0.000000
0.997358	0.421132	0.000000
0.990142	0.478868	0.000000
0.997358	0.478868	0.000000
0.902642	0.521132	0.000000
0.909858	0.521132	0.000000
0.902642	0.578868	0.000000
0.909858	0.578868	0.000000
0.915142	0.521132	0.000000
0.922358	0.521132	0.000000
0.915142	0.578868	0.000000
0.922358	0.578868	0.000000
0.927642	0.521132	0.000000
0.934858	0.521132	0.000000
0.927642	0.578868	0.000000
0.934858	0.578868	0.000000
0.940142	0.521132	0.000000
0.947358	0.521132	0.000000
0.940142	0.578868	0.000000
0.947358	0.578868	0.000000
0.952642	0.521132	0.000000
0.959858	0.521132	0.000000
0.952642	0.578868	0.000000
0.959858	0.578868	0.000000
0.965142	0.521132	0.000000
0.972358	0.521132	0.000000
0.965142	0.578868	0.000000
0.972358	0.578868	0.000000
0.977642	0.521132	0.000000
0.984858	0.521132	0.000000
0.977642	0.578868	0.000000
0.984858	0.578868	0.000000
0.990142	0.521132	0.000000
0.997358	0.521132	0.000000
0.990142	0.578868	0.000000
0.997358	0.578868	0.000000
0.002642	0.621132	0.000000
0.009858	0.621132	0.000000
0.002642	0.678868	0.000000
0.009858	0.678868	0.000000
0.015142	0.621132	0.000000
0.022358	0.621132	0.000000
0.015142	0.678868	0.000000
0.022358	0.678868	0.000000
0.027642	0.621132	0.000000
0.034858	0.621132	0.000000
0.027642	0.678868	0.000000
0.034858	0.678868	0.000000
0.040142	0.621132	0.000000
0.047358	0.621132	0.000000
0.040142	0.678868	0.000000
0.047358	0.678868	0.000000
0.052642	0.621132	0.000000
0.059858	0.621132	0.000000
0.052642	0.678868	0.000000
0.059858	0.678868	0.000000
0.065142	0.621132	0.000000
0.072358	0.621132	0.000000
0.065142	0.678868	0.000000
0.072358	0.678868	0.000000
0.077642	0.621132	0.000000
0.084858	0.621132	0.000000
0.077642	0.678868	0.000000
0.084858	0.678868	0.000000
0.090142	0.621132	0.000000
0.097358	0.621132	0.000000
0.090142	0.678868	0.000000
0.097358	0.678868	0.000000
0.002642	0.721132	0.000000
0.009858	0.721132	0.000000
0.002642	0.778868	0.000000
0.009858	0.778868	0.000000
0.015142	0.721132	0.000000
0.022358	0.721132	0.000000
0.015142	0.778868	0.000000
0.022358	0.778868	0.000000
0.027642	0.721132	0.000000
0.034858	0.721132	0.000000
0.027642	0.778868	0.000000
0.034858	0.778868	0.000000
0.040142	0.721132	0.000000
0.047358	0.721132	0.000000
0.040142	0.778868	0.000000
0.047358	0.778868	0.000000
0.052642	0.721132	0.000000
0.059858	0.721132	0.000000
0.052642	0.778868	0.000000
0.059858	0.778868	0.000000
0.065142	0.721132	0.000000
0.072358	0.721132	0.000000
0.065142	0.778868	0.000000
0.072358	0.778868	0.000000
0.077642	0.721132	0.000000
0.084858	0.721132	0.000000
0.077642	0.778868	0.000000
0.084858	0.778868	0.000000
0.090142	0.721132	0.000000
0.097358	0.721132	0.000000
0.090142	0.778868	0.000000
0.097358	0.778868	0.000000
0.102642	0.621132	0.000000
0.109858	0.621132	0.000000
0.102642	0.678868	0.000000
0.109858	0.678868	0.000000
0.115142	0.621132	0.000000
0.122358	0.621132	0.000000
0.115142	0.678868	0.000000
0.122358	0.678868	0.000000
0.127642	0.621132	0.000001
0.134858	0.621132	0.000001
0.127642	0.678868	0.000001
0.134858	0.678868	0.000001
0.140142	0.621132	0.000002
0.147358	0.621132	0.000002
0.140142	0.678868	0.000002
0.147358	0.678868	0.000002
0.152642	0.621132	0.000004
0.159858	0.621132	0.000007
0.152642	0.678868	0.000004
0.159858	0.678868	0.000007
0.165142	0.621132	0.000009
0.172358	0.621132	0.000012
0.165142	0.678868	0.000009
0.172358	0.678868	0.000012
0.177642	0.621132	0.000022
0.184858	0.621132	0.000036
0.177642	0.678868	0.000022
0.184858	0.678868	0.000036
0.190142	0.621132	0.000045
0.197358	0.621132	0.000059
0.190142	0.678868	0.000045
0.197358	0.678868	0.000059
0.102642	0.721132	0.000000
0.109858	0.721132	0.000000
0.102642	0.778868	0.000000
0.109858	0.778868	0.000000
0.115142	0.721132	0.000000
0.122358	0.721132	0.000000
0.115142	0.778868	0.000000
0.122358	0.778868	0.000000
0.127642	0.721132	0.000001
0.134858	0.721132	0.000001
0.127642	0.778868	0.000001
0.134858	0.778868	0.000001
0.140142	0.721132	0.000002
0.147358	0.721132	0.000002
0.140142	0.778868	0.000002
0.147358	0.778868	0.000002
0.152642	0.721132	0.000004
0.159858	0.721132	0.000007
0.152642	0.778868	0.000004
0.159858	0.778868	0.000007
0.165142	0.721132	0.000009
0.172358	0.721132	0.000012
0.165142	0.778868	0.000009
0.172358	0.778868	0.000012
0.177642	0.721132	0.000022
0.184858	0.721132	0.000036
0.177642	0.778868	0.000022
0.184858	0.778868	0.000036
0.190142	0.721132	0.000045
0.197358	0.721132	0.000059
0.190142	0.778868	0.000045
0.197358	0.778868	0.000059
0.202642	0.621132	0.000109
0.209858	0.621132	0.000166
0.202642	0.678868	0.000109
0.209858	0.678868	0.000166
0.215142	0.621132	0.000207
0.222358	0.621132	0.000264
0.215142	0.678868	0.000207
0.222358	0.678868	0.000264
0.227642	0.621132	0.000465
0.234858	0.621132	0.000678
0.227642	0.678868	0.000465
0.234858	0.678868	0.000678
0.240142	0.621132	0.000833
0.247358	0.621132	0.001045
0.240142	0.678868	0.000833
0.247358	0.678868	0.001045
0.252642	0.621132	0.001755
0.259858	0.621132	0.002449
0.252642	0.678868	0.001755
0.259858	0.678868	0.002449
0.265142	0.621132	0.002956
0.272358	0.621132	0.003650
0.265142	0.678868	0.002956
0.272358	0.678868	0.003650
0.277642	0.621132	0.005837
0.284858	0.621132	0.007815
0.277642	0.678868	0.005837
0.284858	0.678868	0.007815
0.290142	0.621132	0.009263
0.297358	0.621132	0.011241
0.290142	0.678868	0.009263
0.297358	0.678868	0.011241
0.202642	0.721132	0.000109
0.209858	0.721132	0.000166
0.202642	0.778868	0.000109
0.209858	0.778868	0.000166
0.215142	0.721132	0.000207
0.222358	0.721132	0.000264
0.215142	0.778868	0.000207
0.222358	0.778868	0.000264
0.227642	0.721132	0.000465
0.234858	0.721132	0.000678
0.227642	0.778868	0.000465
0.234858	0.778868	0.000678
0.240142	0.721132	0.000833
0.247358	0.721132	0.001045
0.240142	0.778868	0.000833
0.247358	0.778868	0.001045
0.252642	0.721132	0.001755
0.259858	0.721132	0.002449
0.252642	0.778868	0.001755
0.259858	0.778868	0.002449
0.265142	0.721132	0.002956
0.272358	0.721132	0.003650
0.265142	0.778868	0.002956
0.272358	0.778868	0.003650
0.277642	0.721132	0.005837
0.284858	0.721132	0.007815
0.277642	0.778868	0.005837
0.284858	0.778868	0.007815
0.290142	0.721132	0.009263
0.297358	0.721132	0.011241
0.290142	0.778868	0.009263
0.297358	0.778868	0.011241
0.302642	0.621132	0.017111
0.309858	0.621132	0.022024
0.302642	0.678868	0.017111
0.309858	0.678868	0.022024
0.315142	0.621132	0.025621
0.322358	0.621132	0.030534
0.315142	0.678868	0.025621
0.322358	0.678868	0.030534
0.327642	0.621132	0.044220
0.334858	0.621132	0.054812
0.327642	0.678868	0.044220
0.334858	0.678868	0.054812
0.340142	0.621132	0.062566
0.347358	0.621132	0.073157
0.340142	0.678868	0.062566
0.347358	0.678868	0.073157
0.352642	0.621132	0.100754
0.359858	0.621132	0.120461
0.352642	0.678868	0.100754
0.359858	0.678868	0.120461
0.365142	0.621132	0.134887
0.372358	0.621132	0.154594
0.365142	0.678868	0.134887
0.372358	0.678868	0.154594
0.377642	0.621132	0.202399
0.384858	0.621132	0.233778
0.377642	0.678868	0.202399
0.384858	0.678868	0.233778
0.390142	0.621132	0.256750
0.397358	0.621132	0.288130
0.390142	0.678868	0.256750
0.397358	0.678868	0.288130
0.302642	0.721132	0.017111
0.309858	0.721132	0.022024
0.302642	0.778868	0.017111
0.309858	0.778868	0.022024
0.315142	0.721132	0.025621
0.322358	0.721132	0.030534
0.315142	0.778868	0.025621
0.322358	0.778868	0.030534
0.327642	0.721132	0.044220
0.334858	0.721132	0.054812
0.327642	0.778868	0.044220
0.334858	0.778868	0.054812
0.340142	0.721132	0.062566
0.347358	0.721132	0.073157
0.340142	0.778868	0.062566
0.347358	0.778868	0.073157
0.352642	0.721132	0.100754
0.359858	0.721132	0.120461
0.352642	0.778868	0.100754
0.359858	0.778868	0.120461
0.365142	0.721132	0.134887
0.372358	0.721132	0.154594
0.365142	0.778868	0.134887
0.372358	0.778868	0.154594
0.377642	0.721132	0.202399
0.384858	0.721132	0.233778
0.377642	0.778868	0.202399
0.384858	0.778868	0.233778
0.390142	0.721132	0.256750
0.397358	0.721132	0.288130
0.390142	0.778868	0.256750
0.397358	0.778868	0.288130
0.402642	0.621132	0.358493
0.409858	0.621132	0.400634
0.402642	0.678868	0.358493
0.409858	0.678868	0.400634
0.415142	0.621132	0.431484
0.422358	0.621132	0.473625
0.415142	0.678868	0.431484
0.422358	0.678868	0.473625
0.427642	0.621132	0.559885
0.434858	0.621132	0.606276
0.427642	0.678868	0.559885
0.434858	0.678868	0.606276
0.440142	0.621132	0.640238
0.447358	0.621132	0.686629
0.440142	0.678868	0.640238
0.447358	0.678868	0.686629
0.452642	0.621132	0.771043
0.459858	0.621132	0.810153
0.452642	0.678868	0.771043
0.459858	0.678868	0.810153
0.465142	0.621132	0.838784
0.472358	0.621132	0.877895
0.465142	0.678868	0.838784
0.472358	0.678868	0.877895
0.477642	0.621132	0.936345
0.484858	0.621132	0.955941
0.477642	0.678868	0.936345
0.484858	0.678868	0.955941
0.490142	0.621132	0.970286
0.497358	0.621132	0.989883
0.490142	0.678868	0.970286
0.497358	0.678868	0.989883
0.402642	0.721132	0.358493
0.409858	0.721132	0.400634
0.402642	0.778868	0.358493
0.409858	0.778868	0.400634
0.415142	0.721132	0.431484
0.422358	0.721132	0.473625
0.415142	0.778868	0.431484
0.422358	0.778868	0.473625
0.427642	0.721132	0.559885
0.434858	0.721132	0.606276
0.427642	0.778868	0.559885
0.434858	0.778868	0.606276
0.440142	0.721132	0.640238
0.447358	0.721132	0.686629
0.440142	0.778868	0.640238
0.447358	0.778868	0.686629
0.452642	0.721132	0.771043
0.459858	0.721132	0.810153
0.452642	0.778868	0.771043
0.459858	0.778868	0.810153
0.465142	0.721132	0.838784
0.472358	0.721132	0.877895
0.465142	0.778868	0.838784
0.472358	0.778868	0.877895
0.477642	0.721132	0.936345
0.484858	0.721132	0.955941
0.477642	0.778868	0.936345
0.484858	0.778868	0.955941
0.490142	0.721132	0.970286
0.497358	0.721132	0.989883
0.490142	0.778868	0.970286
0.497358	0.778868	0.989883
0.502642	0.621132	1.002730
0.509858	0.621132	0.995990
0.502642	0.678868	1.002730
0.509858	0.678868	0.995990
0.515142	0.621132	0.991057
0.522358	0.621132	0.984317
0.515142	0.678868	0.991057
0.522358	0.678868	0.984317
0.527642	0.621132	0.946970
0.534858	0.621132	0.916288
0.527642	0.678868	0.946970
0.534858	0.678868	0.916288
0.540142	0.621132	0.893827
0.547358	0.621132	0.863146
0.540142	0.678868	0.893827
0.547358	0.678868	0.863146
0.552642	0.621132	0.788686
0.559858	0.621132	0.744310
0.552642	0.678868	0.788686
0.559858	0.678868	0.744310
0.565142	0.621132	0.711824
0.572358	0.621132	0.667448
0.565142	0.678868	0.711824
0.572358	0.678868	0.667448
0.577642	0.621132	0.579294
0.584858	0.621132	0.533841
0.577642	0.678868	0.579294
0.584858	0.678868	0.533841
0.590142	0.621132	0.500567
0.597358	0.621132	0.455114
0.590142	0.678868	0.500567
0.597358	0.678868	0.455114
0.502642	0.721132	1.002730
0.509858	0.721132	0.995990
0.502642	0.778868	1.002730
0.509858	0.778868	0.995990
0.515142	0.721132	0.991057
0.522358	0.721132	0.984317
0.515142	0.778868	0.991057
0.522358	0.778868	0.984317
0.527642	0.721132	0.946970
0.534858	0.721132	0.916288
0.527642	0.778868	0.946970
0.534858	0.778868	0.916288
0.540142	0.721132	0.893827
0.547358	0.721132	0.863146
0.540142	0.778868	0.893827
0.547358	0.778868	0.863146
0.552642	0.721132	0.788686
0.559858	0.721132	0.744310
0.552642	0.778868	0.788686
0.559858	0.778868	0.744310
0.565142	0.721132	0.711824
0.572358	0.721132	0.667448
0.565142	0.778868	0.711824
0.572358	0.778868	0.667448
0.577642	0.721132	0.579294
0.584858	0.721132	0.533841
0.577642	0.778868	0.579294
0.584858	0.778868	0.533841
0.590142	0.721132	0.500567
0.597358	0.721132	0.455114
0.590142	0.778868	0.500567
0.597358	0.778868	0.455114
0.602642	0.621132	0.375259
0.609858	0.621132	0.338063
0.602642	0.678868	0.375259
0.609858	0.678868	0.338063
0.615142	0.621132	0.310834
0.622358	0.621132	0.273638
0.615142	0.678868	0.310834
0.622358	0.678868	0.273638
0.627642	0.621132	0.214392
0.634858	0.621132	0.189018
0.627642	0.678868	0.214392
0.634858	0.678868	0.189018
0.640142	0.621132	0.170442
0.647358	0.621132	0.145067
0.640142	0.678868	0.170442
0.647358	0.678868	0.145067
0.652642	0.621132	0.108030
0.659858	0.621132	0.093307
0.652642	0.678868	0.108030
0.659858	0.678868	0.093307
0.665142	0.621132	0.082530
0.672358	0.621132	0.067808
0.665142	0.678868	0.082530
0.672358	0.678868	0.067808
0.677642	0.621132	0.048011
0.684858	0.621132	0.040666
0.677642	0.678868	0.048011
0.684858	0.678868	0.040666
0.690142	0.621132	0.035289
0.697358	0.621132	0.027944
0.690142	0.678868	0.035289
0.697358	0.678868	0.027944
0.602642	0.721132	0.375259
0.609858	0.721132	0.338063
0.602642	0.778868	0.375259
0.609858	0.778868	0.338063
0.615142	0.721132	0.310834
0.622358	0.721132	0.273638
0.615142	0.778868	0.310834
0.622358	0.778868	0.273638
0.627642	0.721132	0.214392
0.634858	0.721132	0.189018
0.627642	0.778868	0.214392
0.634858	0.778868	0.189018
0.640142	0.721132	0.170442
0.647358	0.721132	0.145067
0.640142	0.778868	0.170442
0.647358	0.778868	0.145067
0.652642	0.721132	0.108030
0.659858	0.721132	0.093307
0.652642	0.778868	0.108030
0.659858	0.778868	0.093307
0.665142	0.721132	0.082530
0.672358	0.721132	0.067808
0.665142	0.778868	0.082530
0.672358	0.778868	0.067808
0.677642	0.721132	0.048011
0.684858	0.721132	0.040666
0.677642	0.778868	0.048011
0.684858	0.778868	0.040666
0.690142	0.721132	0.035289
0.697358	0.721132	0.027944
0.690142	0.778868	0.035289
0.697358	0.778868	0.027944
0.702642	0.621132	0.018820
0.709858	0.621132	0.015647
0.702642	0.678868	0.018820
0.709858	0.678868	0.015647
0.715142	0.621132	0.013325
0.722358	0.621132	0.010152
0.715142	0.678868	0.013325
0.722358	0.678868	0.010152
0.727642	0.621132	0.006507
0.734858	0.621132	0.005315
0.727642	0.678868	0.006507
0.734858	0.678868	0.005315
0.740142	0.621132	0.004443
0.747358	0.621132	0.003252
0.740142	0.678868	0.004443
0.747358	0.678868	0.003252
0.752642	0.621132	0.001984
0.759858	0.621132	0.001594
0.752642	0.678868	0.001984
0.759858	0.678868	0.001594
0.765142	0.621132	0.001308
0.772358	0.621132	0.000918
0.765142	0.678868	0.001308
0.772358	0.678868	0.000918
0.777642	0.621132	0.000534
0.784858	0.621132	0.000422
0.777642	0.678868	0.000534
0.784858	0.678868	0.000422
0.790142	0.621132	0.000340
0.797358	0.621132	0.000228
0.790142	0.678868	0.000340
0.797358	0.678868	0.000228
0.702642	0.721132	0.018820
0.709858	0.721132	0.015647
0.702642	0.778868	0.018820
0.709858	0.778868	0.015647
0.715142	0.721132	0.013325
0.722358	0.721132	0.010152
0.715142	0.778868	0.013325
0.722358	0.778868	0.010152
0.727642	0.721132	0.006507
0.734858	0.721132	0.005315
0.727642	0.778868	0.006507
0.734858	0.778868	0.005315
0.740142	0.721132	0.004443
0.747358	0.721132	0.003252
0.740142	0.778868	0.004443
0.747358	0.778868	0.003252
0.752642	0.721132	0.001984
0.759858	0.721132	0.001594
0.752642	0.778868	0.001984
0.759858	0.778868	0.001594
0.765142	0.721132	0.001308
0.772358	0.721132	0.000918
0.765142	0.778868	0.001308
0.772358	0.778868	0.000918
0.777642	0.721132	0.000534
0.784858	0.721132	0.000422
0.777642	0.778868	0.000534
0.784858	0.778868	0.000422
0.790142	0.721132	0.000340
0.797358	0.721132	0.000228
0.790142	0.778868	0.000340
0.797358	0.778868	0.000228
0.802642	0.621132	0.000127
0.809858	0.621132	0.000099
0.802642	0.678868	0.000127
0.809858	0.678868	0.000099
0.815142	0.621132	0.000078
0.822358	0.621132	0.000050
0.815142	0.678868	0.000078
0.822358	0.678868	0.000050
0.827642	0.621132	0.000027
0.834858	0.621132	0.000020
0.827642	0.678868	0.000027
0.834858	0.678868	0.000020
0.840142	0.621132	0.000016
0.847358	0.621132	0.000010
0.840142	0.678868	0.000016
0.847358	0.678868	0.000010
0.852642	0.621132	0.000005
0.859858	0.621132	0.000004
0.852642	0.678868	0.000005
0.859858	0.678868	0.000004
0.865142	0.621132	0.000003
0.872358	0.621132	0.000002
0.865142	0.678868	0.000003
0.872358	0.678868	0.000002
0.877642	0.621132	0.000001
0.884858	0.621132	0.000001
0.877642	0.678868	0.000001
0.884858	0.678868	0.000001
0.890142	0.621132	0.000000
0.897358	0.621132	0.000000
0.890142	0.678868	0.000000
0.897358	0.678868	0.000000
0.802642	0.721132	0.000127
0.809858	0.721132	0.000099
0.802642	0.778868	0.000127
0.809858	0.778868	0.000099
0.815142	0.721132	0.000078
0.822358	0.721132	0.000050
0.815142	0.778868	0.000078
0.822358	0.778868	0.000050
0.827642	0.721132	0.000027
0.834858	0.721132	0.000020
0.827642	0.778868	0.000027
0.834858	0.778868	0.000020
0.840142	0.721132	0.000016
0.847358	0.721132	0.000010
0.840142	0.778868	0.000016
0.847358	0.778868	0.000010
0.852642	0.721132	0.000005
0.859858	0.721132	0.000004
0.852642	0.778868	0.000005
0.859858	0.778868	0.000004
0.865142	0.721132	0.000003
0.872358	0.721132	0.000002
0.865142	0.778868	0.000003
0.872358	0.778868	0.000002
0.877642	0.721132	0.000001
0.884858	0.721132	0.000001
0.877642	0.778868	0.000001
0.884858	0.778868	0.000001
0.890142	0.721132	0.000000
0.897358	0.721132	0.000000
0.890142	0.778868	0.000000
0.897358	0.778868	0.000000
0.902642	0.621132	0.000000
0.909858	0.621132	0.000000
0.902642	0.678868	0.000000
0.909858	0.678868	0.000000
0.915142	0.621132	0.000000
0.922358	0.621132	0.000000
0.915142	0.678868	0.000000
0.922358	0.678868	0.000000
0.927642	0.621132	0.000000
0.934858	0.621132	0.000000
0.927642	0.678868	0.000000
0.934858	0.678868	0.000000
0.940142	0.621132	0.000000
0.947358	0.621132	0.000000
0.940142	0.678868	0.000000
0.947358	0.678868	0.000000
0.952642	0.621132	0.000000
0.959858	0.621132	0.000000
0.952642	0.678868	0.000000
0.959858	0.678868	0.000000
0.965142	0.621132	0.000000
0.972358	0.621132	0.000000
0.965142	0.678868	0.000000
0.972358	0.678868	0.000000
0.977642	0.621132	0.000000
0.984858	0.621132	0.000000
0.977642	0.678868	0.000000
0.984858	0.678868	0.000000
0.990142	0.621132	0.000000
0.997358	0.621132	0.000000
0.990142	0.678868	0.000000
0.997358	0.678868	0.000000
0.902642	0.721132	0.000000
0.909858	0.721132	0.000000
0.902642	0.778868	0.000000
0.909858	0.778868	0.000000
0.915142	0.721132	0.000000
0.922358	0.721132	0.000000
0.915142	0.778868	0.000000
0.922358	0.778868	0.000000
0.927642	0.721132	0.000000
0.934858	0.721132	0.000000
0.927642	0.778868	0.000000
0.934858	0.778868	0.000000
0.940142	0.721132	0.000000
0.947358	0.721132	0.000000
0.940142	0.778868	0.000000
0.947358	0.778868	0.000000
0.952642	0.721132	0.000000
0.959858	0.721132	0.000000
0.952642	0.778868	0.000000
0.959858	0.778868	0.000000
0.965142	0.721132	0.000000
0.972358	0.721132	0.000000
0.965142	0.778868	0.000000
0.972358	0.778868	0.000000
0.977642	0.721132	0.000000
0.984858	0.721132	0.000000
0.977642	0.778868	0.000000
0.984858	0.778868	0.000000
0.990142	0.721132	0.000000
0.997358	0.721132	0.000000
0.990142	0.778868	0.000000
0.997358	0.778868	0.000000
0.002642	0.821132	0.000000
0.009858	0.821132	0.000000
0.002642	0.878868	0.000000
0.009858	0.878868	0.000000
0.015142	0.821132	0.000000
0.022358	0.821132	0.000000
0.015142	0.878868	0.000000
0.022358	0.878868	0.000000
0.027642	0.821132	0.000000
0.034858	0.821132	0.000000
0.027642	0.878868	0.000000
0.034858	0.878868	0.000000
0.040142	0.821132	0.000000
0.047358	0.821132	0.000000
0.040142	0.878868	0.000000
0.047358	0.878868	0.000000
0.052642	0.821132	0.000000
0.059858	0.821132	0.000000
0.052642	0.878868	0.000000
0.059858	0.878868	0.000000
0.065142	0.821132	0.000000
0.072358	0.821132	0.000000
0.065142	0.878868	0.000000
0.072358	0.878868	0.000000
0.077642	0.821132	0.000000
0.084858	0.821132	0.000000
0.077642	0.878868	0.000000
0.084858	0.878868	0.000000
0.090142	0.821132	0.000000
0.097358	0.821132	0.000000
0.090142	0.878868	0.000000
0.097358	0.878868	0.000000
0.002642	0.921132	0.000000
0.009858	0.921132	0.000000
0.002642	0.978868	0.000000
0.009858	0.978868	0.000000
0.015142	0.921132	0.000000
0.022358	0.921132	0.000000
0.015142	0.978868	0.000000
0.022358	0.978868	0.000000
0.027642	0.921132	0.000000
0.034858	0.921132	0.000000
0.027642	0.978868	0.000000
0.034858	0.978868	0.000000
0.040142	0.921132	0.000000
0.047358	0.921132	0.000000
0.040142	0.978868	0.000000
0.047358	0.978868	0.000000
0.052642	0.921132	0.000000
0.059858	0.921132	0.000000
0.052642	0.978868	0.000000
0.059858	0.978868	0.000000
0.065142	0.921132	0.000000
0.072358	0.921132	0.000000
0.065142	0.978868	0.000000
0.072358	0.978868	0.000000
0.077642	0.921132	0.000000
0.084858	0.921132	0.000000
0.077642	0.978868	0.000000
0.084858	0.978868	0.000000
0.090142	0.921132	0.000000
0.097358	0.921132	0.000000
0.090142	0.978868	0.000000
0.097358	0.978868	0.000000
0.102642	0.821132	0.000000
0.109858	0.821132	0.000000
0.102642	0.878868	0.000000
0.109858	0.878868	0.000000
0.115142	0.821132	0.000000
0.122358	0.821132	0.000000
0.115142	0.878868	0.000000
0.122358	0.878868	0.000000
0.127642	0.821132	0.000001
0.134858	0.821132	0.000001
0.127642	0.878868	0.000001
0.134858	0.878868	0.000001
0.140142	0.821132	0.000002
0.147358	0.821132	0.000002
0.140142	0.878868	0.000002
0.147358	0.878868	0.000002
0.152642	0.821132	0.000004
0.159858	0.821132	0.000007
0.152642	0.878868	0.000004
0.159858	0.878868	0.000007
0.165142	0.821132	0.000009
0.172358	0.821132	0.000012
0.165142	0.878868	0.000009
0.172358	0.878868	0.000012
0.177642	0.821132	0.000022
0.184858	0.821132	0.000036
0.177642	0.878868	0.000022
0.184858	0.878868	0.000036
0.190142	0.821132	0.000045
0.197358	0.821132	0.000059
0.190142	0.878868	0.000045
0.197358	0.878868	0.000059
0.102642	0.921132	0.000000
0.109858	0.921132	0.000000
0.102642	0.978868	0.000000
0.109858	0.978868	0.000000
0.115142	0.921132	0.000000
0.122358	0.921132	0.000000
0.115142	0.978868	0.000000
0.122358	0.978868	0.000000
0.127642	0.921132	0.000001
0.134858	0.921132	0.000001
0.127642	0.978868	0.000001
0.134858	0.978868	0.000001
0.140142	0.921132	0.000002
0.147358	0.921132	0.000002
0.140142	0.978868	0.000002
0.147358	0.978868	0.000002
0.152642	0.921132	0.000004
0.159858	0.921132	0.000007
0.152642	0.978868	0.000004
0.159858	0.978868	0.000007
0.165142	0.921132	0.000009
0.172358	0.921132	0.000012
0.165142	0.978868	0.000009
0.172358	0.978868	0.000012
0.177642	0.921132	0.000022
0.184858	0.921132	0.000036
0.177642	0.978868	0.000022
0.184858	0.978868	0.000036
0.190142	0.921132	0.000045
0.197358	0.921132	0.000059
0.190142	0.978868	0.000045
0.197358	0.978868	0.000059
0.202642	0.821132	0.000109
0.209858	0.821132	0.000166
0.202642	0.878868	0.000109
0.209858	0.878868	0.000166
0.215142	0.821132	0.000207
0.222358	0.821132	0.000264
0.215142	0.878868	0.000207
0.222358	0.878868	0.000264
0.227642	0.821132	0.000465
0.234858	0.821132	0.000678
0.227642	0.878868	0.000465
0.234858	0.878868	0.000678
0.240142	0.821132	0.000833
0.247358	0.821132	0.001045
0.240142	0.878868	0.000833
0.247358	0.878868	0.001045
0.252642	0.821132	0.001755
0.259858	0.821132	0.002449
0.252642	0.878868	0.001755
0.259858	0.878868	0.002449
0.265142	0.821132	0.002956
0.272358	0.821132	0.003650
0.265142	0.878868	0.002956
0.272358	0.878868	0.003650
0.277642	0.821132	0.005837
0.284858	0.821132	0.007815
0.277642	0.878868	0.005837
0.284858	0.878868	0.007815
0.290142	0.821132	0.009263
0.297358	0.821132	0.011241
0.290142	0.878868	0.009263
0.297358	0.878868	0.011241
0.202642	0.921132	0.000109
0.209858	0.921132	0.000166
0.202642	0.978868	0.000109
0.209858	0.978868	0.000166
0.215142	0.921132	0.000207
0.222358	0.921132	0.000264
0.215142	0.978868	0.000207
0.222358	0.978868	0.000264
0.227642	0.921132	0.000465
0.234858	0.921132	0.000678
0.227642	0.978868	0.000465
0.234858	0.978868	0.000678
0.240142	0.921132	0.000833
0.247358	0.921132	0.001045
0.240142	0.978868	0.000833
0.247358	0.978868	0.001045
0.252642	0.921132	0.001755
0.259858	0.921132	0.002449
0.252642	0.978868	0.001755
0.259858	0.978868	0.002449
0.265142	0.921132	0.002956
0.272358	0.921132	0.003650
0.265142	0.978868	0.002956
0.272358	0.978868	0.003650
0.277642	0.921132	0.005837
0.284858	0.921132	0.007815
0.277642	0.978868	0.005837
0.284858	0.978868	0.007815
0.290142	0.921132	0.009263
0.297358	0.921132	0.011241
0.290142	0.978868	0.009263
0.297358	0.978868	0.011241
0.302642	0.821132	0.017111
0.309858	0.821132	0.022024
0.302642	0.878868	0.017111
0.309858	0.878868	0.022024
0.315142	0.821132	0.025621
0.322358	0.821132	0.030534
0.315142	0.878868	0.025621
0.322358	0.878868	0.030534
0.327642	0.821132	0.044220
0.334858	0.821132	0.054812
0.327642	0.878868	0.044220
0.334858	0.878868	0.054812
0.340142	0.821132	0.062566
0.347358	0.821132	0.073157
0.340142	0.878868	0.062566
0.347358	0.878868	0.073157
0.352642	0.821132	0.100754
0.359858	0.821132	0.120461
0.352642	0.878868	0.100754
0.359858	0.878868	0.120461
0.365142	0.821132	0.134887
0.372358	0.821132	0.154594
0.365142	0.878868	0.134887
0.372358	0.878868	0.154594
0.377642	0.821132	0.202399
0.384858	0.821132	0.233778
0.377642	0.878868	0.202399
0.384858	0.878868	0.233778
0.390142	0.821132	0.256750
0.397358	0.821132	0.288130
0.390142	0.878868	0.256750
0.397358	0.878868	0.288130
0.302642	0.921132	0.017111
0.309858	0.921132	0.022024
0.302642	0.978868	0.017111
0.309858	0.978868	0.022024
0.315142	0.921132	0.025621
0.322358	0.921132	0.030534
0.315142	0.978868	0.025621
0.322358	0.978868	0.030534
0.327642	0.921132	0.044220
0.334858	0.921132	0.054812
0.327642	0.978868	0.044220
0.334858	0.978868	0.054812
0.340142	0.921132	0.062566
0.347358	0.921132	0.073157
0.340142	0.978868	0.062566
0.347358	0.978868	0.073157
0.352642	0.921132	0.100754
0.359858	0.921132	0.120461
0.352642	0.978868	0.100754
0.359858	0.978868	0.120461
0.365142	0.921132	0.134887
0.372358	0.921132	0.154594
0.365142	0.978868	0.134887
0.372358	0.978868	0.154594
0.377642	0.921132	0.202399
0.384858	0.921132	0.233778
0.377642	0.978868	0.202399
0.384858	0.978868	0.233778
0.390142	0.921132	0.256750
0.397358	0.921132	0.288130
0.390142	0.978868	0.256750
0.397358	0.978868	0.288130
0.402642	0.821132	0.358493
0.409858	0.821132	0.400634
0.402642	0.878868	0.358493
0.409858	0.878868	0.400634
0.415142	0.821132	0.431484
0.422358	0.821132	0.473625
0.415142	0.878868	0.431484
0.422358	0.878868	0.473625
0.427642	0.821132	0.559885
0.434858	0.821132	0.606276
0.427642	0.878868	0.559885
0.434858	0.878868	0.606276
0.440142	0.821132	0.640238
0.447358	0.821132	0.686629
0.440142	0.878868	0.640238
0.447358	0.878868	0.686629
0.452642	0.821132	0.771043
0.459858	0.821132	0.810153
0.452642	0.878868	0.771043
0.459858	0.878868	0.810153
0.465142	0.821132	0.838784
0.472358	0.821132	0.877895
0.465142	0.878868	0.838784
0.472358	0.878868	0.877895
0.477642	0.821132	0.936345
0.484858	0.821132	0.955941
0.477642	0.878868	0.936345
0.484858	0.878868	0.955941
0.490142	0.821132	0.970286
0.497358	0.821132	0.989883
0.490142	0.878868	0.970286
0.497358	0.878868	0.989883
0.402642	0.921132	0.358493
0.409858	0.921132	0.400634
0.402642	0.978868	0.358493
0.409858	0.978868	0.400634
0.415142	0.921132	0.431484
0.422358	0.921132	0.473625
0.415142	0.978868	0.431484
0.422358	0.978868	0.473625
0.427642	0.921132	0.559885
0.434858	0.921132	0.606276
0.427642	0.978868	0.559885
0.434858	0.978868	0.606276
0.440142	0.921132	0.640238
0.447358	0.921132	0.686629
0.440142	0.978868	0.640238
0.447358	0.978868	0.686629
0.452642	0.921132	0.771043
0.459858	0.921132	0.810153
0.452642	0.978868	0.771043
0.459858	0.978868	0.810153
0.465142	0.921132	0.838784
0.472358	0.921132	0.877895
0.465142	0.978868	0.838784
0.472358	0.978868	0.877895
0.477642	0.921132	0.936345
0.484858	0.921132	0.955941
0.477642	0.978868	0.936345
0.484858	0.978868	0.955941
0.490142	0.921132	0.970286
0.497358	0.921132	0.989883
0.490142	0.978868	0.970286
0.497358	0.978868	0.989883
0.502642	0.821132	1.002730
0.509858	0.821132	0.995990
0.502642	0.878868	1.002730
0.509858	0.878868	0.995990
0.515142	0.821132	0.991057
0.522358	0.821132	0.984317
0.515142	0.878868	0.991057
0.522358	0.878868	0.984317
0.527642	0.821132	0.946970
0.534858	0.821132	0.916288
0.527642	0.878868	0.946970
0.534858	0.878868	0.916288
0.540142	0.821132	0.893827
0.547358	0.821132	0.863146
0.540142	0.878868	0.893827
0.547358	0.878868	0.863146
0.552642	0.821132	0.788686
0.559858	0.821132	0.744310
0.552642	0.878868	0.788686
0.559858	0.878868	0.744310
0.565142	0.821132	0.711824
0.572358	0.821132	0.667448
0.565142	0.878868	0.711824
0.572358	0.878868	0.667448
0.577642	0.821132	0.579294
0.584858	0.821132	0.533841
0.577642	0.878868	0.579294
0.584858	0.878868	0.533841
0.590142	0.821132	0.500567
0.597358	0.821132	0.455114
0.590142	0.878868	0.500567
0.597358	0.878868	0.455114
0.502642	0.921132	1.002730
0.509858	0.921132	0.995990
0.502642	0.978868	1.002730
0.509858	0.978868	0.995990
0.515142	0.921132	0.991057
0.522358	0.921132	0.984317
0.515142	0.978868	0.991057
0.522358	0.978868	0.984317
0.527642	0.921132	0.946970
0.534858	0.921132	0.916288
0.527642	0.978868	0.946970
0.534858	0.978868	0.916288
0.540142	0.921132	0.893827
0.547358	0.921132	0.863146
0.540142	0.978868	0.893827
0.547358	0.978868	0.863146
0.552642	0.921132	0.788686
0.559858	0.921132	0.744310
0.552642	0.978868	0.788686
0.559858	0.978868	0.744310
0.565142	0.921132	0.711824
0.572358	0.921132	0.667448
0.565142	0.978868	0.711824
0.572358	0.978868	0.667448
0.577642	0.921132	0.579294
0.584858	0.921132	0.533841
0.577642	0.978868	0.579294
0.584858	0.978868	0.533841
0.590142	0.921132	0.500567
0.597358	0.921132	0.455114
0.590142	0.978868	0.500567
0.597358	0.978868	0.455114
0.602642	0.821132	0.375259
0.609858	0.821132	0.338063
0.602642	0.878868	0.375259
0.609858	0.878868	0.338063
0.615142	0.821132	0.310834
0.622358	0.821132	0.273638
0.615142	0.878868	0.310834
0.622358	0.878868	0.273638
0.627642	0.821132	0.214392
0.634858	0.821132	0.189018
0.627642	0.878868	0.214392
0.634858	0.878868	0.189018
0.640142	0.821132	0.170442
0.647358	0.821132	0.145067
0.640142	0.878868	0.170442
0.647358	0.878868	0.145067
0.652642	0.821132	0.108030
0.659858	0.821132	0.093307
0.652642	0.878868	0.108030
0.659858	0.878868	0.093307
0.665142	0.821132	0.082530
0.672358	0.821132	0.067808
0.665142	0.878868	0.082530
0.672358	0.878868	0.067808
0.677642	0.821132	0.048011
0.684858	0.821132	0.040666
0.677642	0.878868	0.048011
0.684858	0.878868	0.040666
0.690142	0.821132	0.035289
0.697358	0.821132	0.027944
0.690142	0.878868	0.035289
0.697358	0.878868	0.027944
0.602642	0.921132	0.375259
0.609858	0.921132	0.338063
0.602642	0.978868	0.375259
0.609858	0.978868	0.338063
0.615142	0.921132	0.310834
0.622358	0.921132	0.273638
0.615142	0.978868	0.310834
0.622358	0.978868	0.273638
0.627642	0.921132	0.214392
0.634858	0.921132	0.189018
0.627642	0.978868	0.214392
0.634858	0.978868	0.189018
0.640142	0.921132	0.170442
0.647358	0.921132	0.145067
0.640142	0.978868	0.170442
0.647358	0.978868	0.145067
0.652642	0.921132	0.108030
0.659858	0.921132	0.093307
0.652642	0.978868	0.108030
0.659858	0.978868	0.093307
0.665142	0.921132	0.082530
0.672358	0.921132	0.067808
0.665142	0.978868	0.082530
0.672358	0.978868	0.067808
0.677642	0.921132	0.048011
0.684858	0.921132	0.040666
0.677642	0.978868	0.048011
0.684858	0.978868	0.040666
0.690142	0.921132	0.035289
0.697358	0.921132	0.027944
0.690142	0.978868	0.035289
0.697358	0.978868	0.027944
0.702642	0.821132	0.018820
0.709858	0.821132	0.015647
0.702642	0.878868	0.018820
0.709858	0.878868	0.015647
0.715142	0.821132	0.013325
0.722358	0.821132	0.010152
0.715142	0.878868	0.013325
0.722358	0.878868	0.010152
0.727642	0.821132	0.006507
0.734858	0.821132	0.005315
0.727642	0.878868	0.006507
0.734858	0.878868	0.005315
0.740142	0.821132	0.004443
0.747358	0.821132	0.003252
0.740142	0.878868	0.004443
0.747358	0.878868	0.003252
0.752642	0.821132	0.001984
0.759858	0.821132	0.001594
0.752642	0.878868	0.001984
0.759858	0.878868	0.001594
0.765142	0.821132	0.001308
0.772358	0.821132	0.000918
0.765142	0.878868	0.001308
0.772358	0.878868	0.000918
0.777642	0.821132	0.000534
0.784858	0.821132	0.000422
0.777642	0.878868	0.000534
0.784858	0.878868	0.000422
0.790142	0.821132	0.000340
0.797358	0.821132	0.000228
0.790142	0.878868	0.000340
0.797358	0.878868	0.000228
0.702642	0.921132	0.018820
0.709858	0.921132	0.015647
0.702642	0.978868	0.018820
0.709858	0.978868	0.015647
0.715142	0.921132	0.013325
0.722358	0.921132	0.010152
0.715142	0.978868	0.013325
0.722358	0.978868	0.010152
0.727642	0.921132	0.006507
0.734858	0.921132	0.005315
0.727642	0.978868	0.006507
0.734858	0.978868	0.005315
0.740142	0.921132	0.004443
0.747358	0.921132	0.003252
0.740142	0.978868	0.004443
0.747358	0.978868	0.003252
0.752642	0.921132	0.001984
0.759858	0.921132	0.001594
0.752642	0.978868	0.001984
0.759858	0.978868	0.001594
0.765142	0.921132	0.001308
0.772358	0.921132	0.000918
0.765142	0.978868	0.001308
0.772358	0.978868	0.000918
0.777642	0.921132	0.000534
0.784858	0.921132	0.000422
0.777642	0.978868	0.000534
0.784858	0.978868	0.000422
0.790142	0.921132	0.000340
0.797358	0.921132	0.000228
0.790142	0.978868	0.000340
0.797358	0.978868	0.000228
0.802642	0.821132	0.000127
0.809858	0.821132	0.000099
0.802642	0.878868	0.000127
0.809858	0.878868	0.000099
0.815142	0.821132	0.000078
0.822358	0.821132	0.000050
0.815142	0.878868	0.000078
0.822358	0.878868	0.000050
0.827642	0.821132	0.000027
0.834858	0.821132	0.000020
0.827642	0.878868	0.000027
0.834858	0.878868	0.000020
0.840142	0.821132	0.000016
0.847358	0.821132	0.000010
0.840142	0.878868	0.000016
0.847358	0.878868	0.000010
0.852642	0.821132	0.000005
0.859858	0.821132	0.000004
0.852642	0.878868	0.000005
0.859858	0.878868	0.000004
0.865142	0.821132	0.000003
0.872358	0.821132	0.000002
0.865142	0.878868	0.000003
0.872358	0.878868	0.000002
0.877642	0.821132	0.000001
0.884858	0.821132	0.000001
0.877642	0.878868	0.000001
0.884858	0.878868	0.000001
0.890142	0.821132	0.000000
0.897358	0.821132	0.000000
0.890142	0.878868	0.000000
0.897358	0.878868	0.000000
0.802642	0.921132	0.000127
0.809858	0.921132	0.000099
0.802642	0.978868	0.000127
0.809858	0.978868	0.000099
0.815142	0.921132	0.000078
0.822358	0.921132	0.000050
0.815142	0.978868	0.000078
0.822358	0.978868	0.000050
0.827642	0.921132	0.000027
0.834858	0.921132	0.000020
0.827642	0.978868	0.000027
0.834858	0.978868	0.000020
0.840142	0.921132	0.000016
0.847358	0.921132	0.000010
0.840142	0.978868	0.000016
0.847358	0.978868	0.000010
0.852642	0.921132	0.000005
0.859858	0.921132	0.000004
0.852642	0.978868	0.000005
0.859858	0.978868	0.000004
0.865142	0.921132	0.000003
0.872358	0.921132	0.000002
0.865142	0.978868	0.000003
0.872358	0.978868	0.000002
0.877642	0.921132	0.000001
0.884858	0.921132	0.000001
0.877642	0.978868	0.000001
0.884858	0.978868	0.000001
0.890142	0.921132	0.000000
0.897358	0.921132	0.000000
0.890142	0.978868	0.000000
0.897358	0.978868	0.000000
0.902642	0.821132	0.000000
0.909858	0.821132	0.000000
0.902642	0.878868	0.000000
0.909858	0.878868	0.000000
0.915142	0.821132	0.000000
0.922358	0.821132	0.000000
0.915142	0.878868	0.000000
0.922358	0.878868	0.000000
0.927642	0.821132	0.000000
0.934858	0.821132	0.000000
0.927642	0.878868	0.000000
0.934858	0.878868	0.000000
0.940142	0.821132	0.000000
0.947358	0.821132	0.000000
0.940142	0.878868	0.000000
0.947358	0.878868	0.000000
0.952642	0.821132	0.000000
0.959858	0.821132	0.000000
0.952642	0.878868	0.000000
0.959858	0.878868	0.000000
0.965142	0.821132	0.000000
0.972358	0.821132	0.000000
0.965142	0.878868	0.000000
0.972358	0.878868	0.000000
0.977642	0.821132	0.000000
0.984858	0.821132	0.000000
0.977642	0.878868	0.000000
0.984858	0.878868	0.000000
0.990142	0.821132	0.000000
0.997358	0.821132	0.000000
0.990142	0.878868	0.000000
0.997358	0.878868	0.000000
0.902642	0.921132	0.000000
0.909858	0.921132	0.000000
0.902642	0.978868	0.000000
0.909858	0.978868	0.000000
0.915142	0.921132	0.000000
0.922358	0.921132	0.000000
0.915142	0.978868	0.000000
0.922358	0.978868	0.000000
0.927642	0.921132	0.000000
0.934858	0.921132	0.000000
0.927642	0.978868	0.000000
0.934858	0.978868	0.000000
0.940142	0.921132	0.000000
0.947358	0.921132	0.000000
0.940142	0.978868	0.000000
0.947358	0.978868	0.000000
0.952642	0.921132	0.000000
0.959858	0.921132	0.000000
0.952642	0.978868	0.000000
0.959858	0.978868	0.000000
0.965142	0.921132	0.000000
0.972358	0.921132	0.000000
0.965142	0.978868	0.000000
0.972358	0.978868	0.000000
0.977642	0.921132	0.000000
0.984858	0.921132	0.000000
0.977642	0.978868	0.000000
0.984858	0.978868	0.000000
0.990142	0.921132	0.000000
0.997358	0.921132	0.000000
0.990142	0.978868	0.000000
0.997358	0.978868	0.000000
