0.121132	0.021132	0.000014
0.178868	0.021132	0.000014
0.121132	0.078868	-0.000053
0.178868	0.078868	-0.000053
0.121132	0.121132	-0.000102
0.178868	0.121132	-0.000102
0.121132	0.178868	-0.000168
0.178868	0.178868	-0.000168
0.221132	0.021132	0.000057
0.278868	0.021132	0.000056
0.221132	0.078868	-0.000041
0.278868	0.078868	-0.000041
0.321132	0.021132	0.000056
0.378868	0.021132	0.000056
0.321132	0.078868	-0.000041
0.378868	0.078868	-0.000041
0.421132	0.021132	0.000051
0.478868	0.021132	0.000036
0.421132	0.078868	-0.000037
0.478868	0.078868	-0.000026
0.521132	0.021132	0.000025
0.578868	0.021132	0.000010
0.521132	0.078868	-0.000018
0.578868	0.078868	-0.000007
0.621132	0.021132	0.000002
0.678868	0.021132	0.000001
0.621132	0.078868	-0.000001
0.678868	0.078868	-0.000001
0.721132	0.021132	0.000000
0.778868	0.021132	-0.000000
0.721132	0.078868	-0.000000
0.778868	0.078868	0.000000
0.921132	0.521132	0.000010
0.978868	0.521132	-0.000013
0.921132	0.578868	0.000011
0.978868	0.578868	-0.000015
0.021132	0.721132	0.205167
0.078868	0.721132	0.204329
0.021132	0.778868	-0.114737
0.078868	0.778868	-0.117864
0.510566	0.210566	0.001905
0.539434	0.210566	0.001279
0.510566	0.239434	-0.007576
0.539434	0.239434	-0.005266
0.560566	0.360566	-0.078062
0.589434	0.360566	-0.018288
0.560566	0.389434	-0.105532
0.589434	0.389434	-0.023117
0.610566	0.610566	0.172718
0.639434	0.610566	0.115292
0.610566	0.639434	0.121315
0.639434	0.639434	0.080541
0.610566	0.660566	0.083685
0.639434	0.660566	0.055102
0.610566	0.689434	0.032282
0.639434	0.689434	0.020351
0.760566	0.610566	0.001614
0.789434	0.610566	-0.000541
0.760566	0.639434	0.001153
0.789434	0.639434	-0.000300
0.710566	0.660566	0.002444
0.739434	0.660566	0.001504
0.710566	0.689434	0.000768
0.739434	0.689434	0.000530
0.760566	0.660566	0.000816
0.789434	0.660566	-0.000123
0.760566	0.689434	0.000356
0.789434	0.689434	0.000118
0.610566	0.710566	0.006986
0.639434	0.710566	0.004808
0.610566	0.739434	0.004454
0.639434	0.739434	0.003065
0.660566	0.710566	0.003214
0.689434	0.710566	0.001036
0.660566	0.739434	0.002049
0.689434	0.739434	0.000660
0.610566	0.760566	0.002600
0.639434	0.760566	0.001789
0.610566	0.789434	0.000068
0.639434	0.789434	0.000046
0.660566	0.760566	0.001195
0.689434	0.760566	0.000384
0.660566	0.789434	0.000030
0.689434	0.789434	0.000008
0.010566	0.010566	-0.000000
0.039434	0.010566	-0.000000
0.010566	0.039434	-0.000000
0.039434	0.039434	-0.000000
0.060566	0.010566	-0.000000
0.089434	0.010566	-0.000000
0.060566	0.039434	-0.000000
0.089434	0.039434	-0.000000
0.010566	0.060566	-0.000000
0.039434	0.060566	-0.000000
0.010566	0.089434	-0.000000
0.039434	0.089434	-0.000000
0.060566	0.060566	-0.000000
0.089434	0.060566	-0.000000
0.060566	0.089434	-0.000000
0.089434	0.089434	-0.000000
0.010566	0.110566	-0.000154
0.039434	0.110566	-0.000154
0.010566	0.139434	-0.000154
0.039434	0.139434	-0.000154
0.060566	0.110566	-0.000154
0.089434	0.110566	-0.000154
0.060566	0.139434	-0.000154
0.089434	0.139434	-0.000154
0.010566	0.160566	-0.000154
0.039434	0.160566	-0.000154
0.010566	0.189434	-0.000154
0.039434	0.189434	-0.000154
0.060566	0.160566	-0.000154
0.089434	0.160566	-0.000154
0.060566	0.189434	-0.000154
0.089434	0.189434	-0.000154
0.310566	0.110566	0.000016
0.339434	0.110566	0.000016
0.310566	0.139434	-0.000108
0.339434	0.139434	-0.000108
0.360566	0.110566	0.000016
0.389434	0.110566	0.000016
0.360566	0.139434	-0.000107
0.389434	0.139434	-0.000106
0.310566	0.160566	-0.000200
0.339434	0.160566	-0.000198
0.310566	0.189434	-0.000324
0.339434	0.189434	-0.000321
0.360566	0.160566	-0.000196
0.389434	0.160566	-0.000195
0.360566	0.189434	-0.000319
0.389434	0.189434	-0.000316
0.510566	0.110566	0.000007
0.539434	0.110566	0.000005
0.510566	0.139434	-0.000047
0.539434	0.139434	-0.000036
0.560566	0.110566	0.000004
0.589434	0.110566	0.000002
0.560566	0.139434	-0.000027
0.589434	0.139434	-0.000016
0.510566	0.160566	-0.000087
0.539434	0.160566	-0.000066
0.510566	0.189434	-0.000141
0.539434	0.189434	-0.000106
0.560566	0.160566	-0.000050
0.589434	0.160566	-0.000029
0.560566	0.189434	-0.000081
0.589434	0.189434	-0.000047
0.710566	0.110566	0.000000
0.739434	0.110566	0.000000
0.710566	0.139434	-0.000000
0.739434	0.139434	-0.000000
0.760566	0.110566	0.000000
0.789434	0.110566	-0.000000
0.760566	0.139434	-0.000000
0.789434	0.139434	0.000000
0.710566	0.160566	-0.000000
0.739434	0.160566	-0.000000
0.710566	0.189434	-0.000000
0.739434	0.189434	-0.000000
0.760566	0.160566	-0.000000
0.789434	0.160566	0.000000
0.760566	0.189434	-0.000000
0.789434	0.189434	0.000000
0.810566	0.010566	0.000000
0.839434	0.010566	0.000000
0.810566	0.039434	-0.000000
0.839434	0.039434	-0.000000
0.860566	0.010566	0.000000
0.889434	0.010566	-0.000000
0.860566	0.039434	-0.000000
0.889434	0.039434	0.000000
0.810566	0.060566	-0.000000
0.839434	0.060566	-0.000000
0.810566	0.089434	-0.000000
0.839434	0.089434	-0.000000
0.860566	0.060566	-0.000000
0.889434	0.060566	0.000000
0.860566	0.089434	-0.000000
0.889434	0.089434	0.000000
0.910566	0.010566	-0.000000
0.939434	0.010566	-0.000000
0.910566	0.039434	-0.000000
0.939434	0.039434	-0.000000
0.960566	0.010566	-0.000000
0.989434	0.010566	0.000000
0.960566	0.039434	0.000000
0.989434	0.039434	0.000000
0.910566	0.060566	0.000000
0.939434	0.060566	0.000000
0.910566	0.089434	0.000000
0.939434	0.089434	0.000000
0.960566	0.060566	0.000000
0.989434	0.060566	0.000000
0.960566	0.089434	0.000000
0.989434	0.089434	0.000000
0.810566	0.110566	-0.000000
0.839434	0.110566	-0.000000
0.810566	0.139434	0.000000
0.839434	0.139434	0.000000
0.860566	0.110566	-0.000000
0.889434	0.110566	-0.000000
0.860566	0.139434	0.000000
0.889434	0.139434	0.000000
0.810566	0.160566	0.000000
0.839434	0.160566	0.000000
0.810566	0.189434	0.000000
0.839434	0.189434	0.000000
0.910566	0.110566	-0.000000
0.939434	0.110566	-0.000000
0.910566	0.139434	0.000000
0.939434	0.139434	0.000000
0.910566	0.160566	0.000000
0.939434	0.160566	0.000000
0.910566	0.189434	0.000000
0.939434	0.189434	0.000000
0.960566	0.160566	0.000000
0.989434	0.160566	-0.000000
0.960566	0.189434	0.000000
0.989434	0.189434	-0.000000
0.110566	0.210566	-0.001183
0.139434	0.210566	-0.001183
0.110566	0.239434	-0.022973
0.139434	0.239434	-0.022973
0.160566	0.210566	-0.001183
0.189434	0.210566	-0.001183
0.160566	0.239434	-0.022973
0.189434	0.239434	-0.022973
0.110566	0.260566	-0.038924
0.139434	0.260566	-0.038924
0.110566	0.289434	-0.060714
0.139434	0.289434	-0.060714
0.160566	0.260566	-0.038924
0.189434	0.260566	-0.038924
0.160566	0.289434	-0.060714
0.189434	0.289434	-0.060714
0.010566	0.310566	-0.254757
0.039434	0.310566	-0.215671
0.010566	0.339434	-0.520007
0.039434	0.339434	-0.509534
0.010566	0.360566	-0.714183
0.039434	0.360566	-0.724657
0.010566	0.389434	-0.979433
0.039434	0.389434	-1.018520
0.610566	0.210566	0.000042
0.639434	0.210566	0.000012
0.610566	0.239434	-0.000574
0.639434	0.239434	-0.000354
0.660566	0.260566	-0.000327
0.689434	0.260566	0.000076
0.660566	0.289434	-0.000510
0.689434	0.289434	0.000142
0.610566	0.310566	-0.006359
0.639434	0.310566	-0.004136
0.610566	0.339434	-0.000875
0.639434	0.339434	0.000118
0.660566	0.310566	-0.002508
0.689434	0.310566	-0.000285
0.660566	0.339434	0.000846
0.689434	0.339434	0.001839
0.610566	0.360566	0.003139
0.639434	0.360566	0.003232
0.610566	0.389434	0.008622
0.639434	0.389434	0.007486
0.910566	0.210566	-0.000000
0.939434	0.210566	-0.000000
0.910566	0.239434	0.000000
0.939434	0.239434	0.000000
0.910566	0.260566	0.000000
0.939434	0.260566	0.000000
0.910566	0.289434	0.000000
0.939434	0.289434	0.000000
0.960566	0.260566	0.000000
0.989434	0.260566	-0.000000
0.960566	0.289434	0.000000
0.989434	0.289434	-0.000000
0.810566	0.310566	0.000001
0.839434	0.310566	0.000001
0.810566	0.339434	0.000006
0.839434	0.339434	0.000003
0.860566	0.310566	0.000000
0.889434	0.310566	-0.000000
0.860566	0.339434	0.000002
0.889434	0.339434	-0.000000
0.810566	0.360566	0.000009
0.839434	0.360566	0.000005
0.810566	0.389434	0.000013
0.839434	0.389434	0.000008
0.860566	0.360566	0.000003
0.889434	0.360566	-0.000000
0.860566	0.389434	0.000004
0.889434	0.389434	-0.000001
0.910566	0.310566	0.000000
0.939434	0.310566	0.000000
0.910566	0.339434	0.000000
0.939434	0.339434	0.000000
0.960566	0.310566	0.000000
0.989434	0.310566	-0.000000
0.960566	0.339434	0.000000
0.989434	0.339434	-0.000000
0.910566	0.360566	0.000000
0.939434	0.360566	0.000000
0.910566	0.389434	0.000000
0.939434	0.389434	0.000000
0.960566	0.360566	0.000000
0.989434	0.360566	-0.000000
0.960566	0.389434	0.000000
0.989434	0.389434	-0.000000
0.010566	0.410566	-1.535173
0.039434	0.410566	-1.581192
0.010566	0.439434	-1.245045
0.039434	0.439434	-1.257375
0.060566	0.410566	-1.614881
0.089434	0.410566	-1.660900
0.060566	0.439434	-1.266402
0.089434	0.439434	-1.278733
0.010566	0.460566	-1.032656
0.039434	0.460566	-1.020325
0.010566	0.489434	-0.742528
0.039434	0.489434	-0.696508
0.010566	0.510566	0.710979
0.039434	0.510566	0.704699
0.010566	0.539434	1.020049
0.039434	0.539434	1.018366
0.510566	0.410566	-0.341127
0.539434	0.410566	-0.194942
0.510566	0.439434	0.046619
0.539434	0.439434	0.114161
0.410566	0.510566	0.989046
0.439434	0.510566	1.108768
0.410566	0.539434	1.212475
0.439434	0.539434	1.294270
0.410566	0.560566	1.397602
0.439434	0.560566	1.447973
0.410566	0.589434	1.621032
0.439434	0.589434	1.633475
0.460566	0.560566	1.484846
0.489434	0.560566	1.535217
0.460566	0.589434	1.642585
0.489434	0.589434	1.655029
0.810566	0.410566	0.000038
0.839434	0.410566	0.000023
0.810566	0.439434	0.000055
0.839434	0.439434	0.000034
0.860566	0.410566	0.000013
0.889434	0.410566	-0.000002
0.860566	0.439434	0.000019
0.889434	0.439434	-0.000003
0.810566	0.460566	0.000068
0.839434	0.460566	0.000042
0.810566	0.489434	0.000086
0.839434	0.489434	0.000053
0.860566	0.460566	0.000023
0.889434	0.460566	-0.000003
0.860566	0.489434	0.000029
0.889434	0.489434	-0.000004
0.810566	0.610566	0.000029
0.839434	0.610566	0.000018
0.810566	0.639434	0.000020
0.839434	0.639434	0.000013
0.860566	0.610566	0.000010
0.889434	0.610566	-0.000001
0.860566	0.639434	0.000007
0.889434	0.639434	-0.000001
0.810566	0.660566	0.000014
0.839434	0.660566	0.000009
0.810566	0.689434	0.000005
0.839434	0.689434	0.000003
0.860566	0.660566	0.000005
0.889434	0.660566	-0.000001
0.860566	0.689434	0.000002
0.889434	0.689434	-0.000000
0.810566	0.710566	0.000001
0.839434	0.710566	0.000001
0.810566	0.739434	0.000001
0.839434	0.739434	0.000000
0.860566	0.710566	0.000000
0.889434	0.710566	-0.000000
0.860566	0.739434	0.000000
0.889434	0.739434	-0.000000
0.810566	0.760566	0.000000
0.839434	0.760566	0.000000
0.810566	0.789434	0.000000
0.839434	0.789434	0.000000
0.860566	0.760566	0.000000
0.889434	0.760566	-0.000000
0.860566	0.789434	0.000000
0.889434	0.789434	-0.000000
0.910566	0.710566	0.000000
0.939434	0.710566	0.000000
0.910566	0.739434	0.000000
0.939434	0.739434	0.000000
0.960566	0.710566	0.000000
0.989434	0.710566	-0.000000
0.960566	0.739434	0.000000
0.989434	0.739434	-0.000000
0.910566	0.760566	0.000000
0.939434	0.760566	0.000000
0.910566	0.789434	0.000000
0.939434	0.789434	0.000000
0.960566	0.760566	0.000000
0.989434	0.760566	-0.000000
0.960566	0.789434	0.000000
0.989434	0.789434	-0.000000
0.010566	0.810566	0.000324
0.039434	0.810566	0.000324
0.010566	0.839434	0.000200
0.039434	0.839434	0.000200
0.060566	0.810566	0.000324
0.089434	0.810566	0.000324
0.060566	0.839434	0.000200
0.089434	0.839434	0.000200
0.010566	0.860566	0.000109
0.039434	0.860566	0.000109
0.010566	0.889434	-0.000016
0.039434	0.889434	-0.000016
0.060566	0.860566	0.000109
0.089434	0.860566	0.000109
0.060566	0.889434	-0.000016
0.089434	0.889434	-0.000016
0.110566	0.810566	0.000324
0.139434	0.810566	0.000324
0.110566	0.839434	0.000200
0.139434	0.839434	0.000200
0.160566	0.810566	0.000324
0.189434	0.810566	0.000324
0.160566	0.839434	0.000200
0.189434	0.839434	0.000200
0.110566	0.860566	0.000109
0.139434	0.860566	0.000109
0.110566	0.889434	-0.000016
0.139434	0.889434	-0.000016
0.160566	0.860566	0.000109
0.189434	0.860566	0.000109
0.160566	0.889434	-0.000016
0.189434	0.889434	-0.000016
0.010566	0.910566	0.000000
0.039434	0.910566	0.000000
0.010566	0.939434	0.000000
0.039434	0.939434	0.000000
0.060566	0.910566	0.000000
0.089434	0.910566	0.000000
0.060566	0.939434	0.000000
0.089434	0.939434	0.000000
0.010566	0.960566	0.000000
0.039434	0.960566	0.000000
0.010566	0.989434	-0.000000
0.039434	0.989434	-0.000000
0.060566	0.960566	0.000000
0.089434	0.960566	0.000000
0.060566	0.989434	-0.000000
0.089434	0.989434	-0.000000
0.210566	0.810566	0.000324
0.239434	0.810566	0.000324
0.210566	0.839434	0.000200
0.239434	0.839434	0.000200
0.260566	0.810566	0.000324
0.289434	0.810566	0.000324
0.260566	0.839434	0.000200
0.289434	0.839434	0.000200
0.210566	0.860566	0.000109
0.239434	0.860566	0.000109
0.210566	0.889434	-0.000016
0.239434	0.889434	-0.000016
0.260566	0.860566	0.000109
0.289434	0.860566	0.000109
0.260566	0.889434	-0.000016
0.289434	0.889434	-0.000016
0.210566	0.910566	0.000000
0.239434	0.910566	0.000000
0.210566	0.939434	0.000000
0.239434	0.939434	0.000000
0.260566	0.910566	0.000000
0.289434	0.910566	0.000000
0.260566	0.939434	0.000000
0.289434	0.939434	0.000000
0.210566	0.960566	0.000000
0.239434	0.960566	0.000000
0.210566	0.989434	-0.000000
0.239434	0.989434	-0.000000
0.310566	0.910566	0.000000
0.339434	0.910566	0.000000
0.310566	0.939434	0.000000
0.339434	0.939434	0.000000
0.360566	0.910566	0.000000
0.389434	0.910566	0.000000
0.360566	0.939434	0.000000
0.389434	0.939434	0.000000
0.310566	0.960566	0.000000
0.339434	0.960566	0.000000
0.310566	0.989434	-0.000000
0.339434	0.989434	-0.000000
0.360566	0.960566	0.000000
0.389434	0.960566	0.000000
0.360566	0.989434	-0.000000
0.389434	0.989434	-0.000000
0.410566	0.810566	0.000309
0.439434	0.810566	0.000292
0.410566	0.839434	0.000195
0.439434	0.839434	0.000184
0.460566	0.810566	0.004918
0.489434	0.810566	0.000263
0.460566	0.839434	0.000176
0.489434	0.839434	0.000166
0.410566	0.860566	0.000100
0.439434	0.860566	0.000095
0.410566	0.889434	-0.000014
0.439434	0.889434	-0.000013
0.460566	0.860566	0.000091
0.489434	0.860566	0.000085
0.460566	0.889434	-0.000013
0.489434	0.889434	-0.000012
0.510566	0.810566	0.000199
0.539434	0.810566	0.000159
0.510566	0.839434	0.000123
0.539434	0.839434	0.000098
0.560566	0.810566	0.000130
0.589434	0.810566	0.000090
0.560566	0.839434	0.000080
0.589434	0.839434	0.000055
0.510566	0.860566	0.000067
0.539434	0.860566	0.000053
0.510566	0.889434	-0.000010
0.539434	0.889434	-0.000008
0.560566	0.860566	0.000043
0.589434	0.860566	0.000030
0.560566	0.889434	-0.000007
0.589434	0.889434	-0.000005
0.410566	0.910566	0.000000
0.439434	0.910566	0.000000
0.410566	0.939434	0.000000
0.439434	0.939434	0.000000
0.460566	0.910566	0.000000
0.489434	0.910566	0.000000
0.460566	0.939434	0.000000
0.489434	0.939434	0.000000
0.410566	0.960566	0.000000
0.439434	0.960566	0.000000
0.410566	0.989434	-0.000000
0.439434	0.989434	-0.000000
0.460566	0.960566	0.000000
0.489434	0.960566	0.000000
0.460566	0.989434	-0.000000
0.489434	0.989434	-0.000000
0.510566	0.910566	0.000000
0.539434	0.910566	0.000000
0.510566	0.939434	0.000000
0.539434	0.939434	0.000000
0.560566	0.910566	0.000000
0.589434	0.910566	0.000000
0.560566	0.939434	0.000000
0.589434	0.939434	0.000000
0.510566	0.960566	0.000000
0.539434	0.960566	0.000000
0.510566	0.989434	-0.000000
0.539434	0.989434	-0.000000
0.560566	0.960566	0.000000
0.589434	0.960566	0.000000
0.560566	0.989434	-0.000000
0.589434	0.989434	-0.000000
0.610566	0.810566	0.000037
0.639434	0.810566	0.000025
0.610566	0.839434	0.000023
0.639434	0.839434	0.000015
0.660566	0.810566	0.000017
0.689434	0.810566	0.000005
0.660566	0.839434	0.000010
0.689434	0.839434	0.000003
0.610566	0.860566	0.000012
0.639434	0.860566	0.000008
0.610566	0.889434	-0.000002
0.639434	0.889434	-0.000001
0.660566	0.860566	0.000006
0.689434	0.860566	0.000002
0.660566	0.889434	-0.000001
0.689434	0.889434	-0.000000
0.710566	0.810566	0.000001
0.739434	0.810566	0.000001
0.710566	0.839434	0.000001
0.739434	0.839434	0.000000
0.760566	0.810566	0.000000
0.789434	0.810566	0.000000
0.760566	0.839434	0.000000
0.789434	0.839434	0.000000
0.710566	0.860566	0.000000
0.739434	0.860566	0.000000
0.710566	0.889434	-0.000000
0.739434	0.889434	-0.000000
0.760566	0.860566	0.000000
0.789434	0.860566	0.000000
0.760566	0.889434	-0.000000
0.789434	0.889434	-0.000000
0.610566	0.910566	0.000000
0.639434	0.910566	0.000000
0.610566	0.939434	0.000000
0.639434	0.939434	0.000000
0.660566	0.910566	0.000000
0.689434	0.910566	0.000000
0.660566	0.939434	0.000000
0.689434	0.939434	0.000000
0.610566	0.960566	0.000000
0.639434	0.960566	0.000000
0.610566	0.989434	-0.000000
0.639434	0.989434	-0.000000
0.660566	0.960566	0.000000
0.689434	0.960566	0.000000
0.660566	0.989434	-0.000000
0.689434	0.989434	-0.000000
0.710566	0.910566	0.000000
0.739434	0.910566	0.000000
0.710566	0.939434	0.000000
0.739434	0.939434	0.000000
0.760566	0.910566	0.000000
0.789434	0.910566	0.000000
0.760566	0.939434	0.000000
0.789434	0.939434	0.000000
0.710566	0.960566	0.000000
0.739434	0.960566	0.000000
0.710566	0.989434	-0.000000
0.739434	0.989434	-0.000000
0.760566	0.960566	0.000000
0.789434	0.960566	0.000000
0.760566	0.989434	-0.000000
0.789434	0.989434	-0.000000
0.810566	0.810566	0.000000
0.839434	0.810566	0.000000
0.810566	0.839434	0.000000
0.839434	0.839434	0.000000
0.860566	0.810566	0.000000
0.889434	0.810566	-0.000000
0.860566	0.839434	0.000000
0.889434	0.839434	-0.000000
0.810566	0.860566	0.000000
0.839434	0.860566	0.000000
0.810566	0.889434	-0.000000
0.839434	0.889434	-0.000000
0.860566	0.860566	0.000000
0.889434	0.860566	-0.000000
0.860566	0.889434	-0.000000
0.889434	0.889434	0.000000
0.910566	0.810566	0.000000
0.939434	0.810566	0.000000
0.910566	0.839434	0.000000
0.939434	0.839434	0.000000
0.960566	0.810566	0.000000
0.989434	0.810566	-0.000000
0.960566	0.839434	0.000000
0.989434	0.839434	-0.000000
0.910566	0.860566	0.000000
0.939434	0.860566	0.000000
0.910566	0.889434	-0.000000
0.939434	0.889434	-0.000000
0.960566	0.860566	0.000000
0.989434	0.860566	-0.000000
0.960566	0.889434	-0.000000
0.989434	0.889434	0.000000
0.810566	0.910566	0.000000
0.839434	0.910566	0.000000
0.810566	0.939434	0.000000
0.839434	0.939434	0.000000
0.860566	0.910566	0.000000
0.889434	0.910566	-0.000000
0.860566	0.939434	0.000000
0.889434	0.939434	-0.000000
0.810566	0.960566	0.000000
0.839434	0.960566	0.000000
0.810566	0.989434	-0.000000
0.839434	0.989434	-0.000000
0.860566	0.960566	0.000000
0.889434	0.960566	-0.000000
0.860566	0.989434	-0.000000
0.889434	0.989434	0.000000
0.910566	0.910566	0.000000
0.939434	0.910566	0.000000
0.910566	0.939434	0.000000
0.939434	0.939434	0.000000
0.960566	0.910566	0.000000
0.989434	0.910566	-0.000000
0.960566	0.939434	0.000000
0.989434	0.939434	-0.000000
0.910566	0.960566	0.000000
0.939434	0.960566	0.000000
0.910566	0.989434	0.000000
0.939434	0.989434	0.000000
0.960566	0.960566	0.000000
0.989434	0.960566	-0.000000
0.960566	0.989434	-0.000000
0.989434	0.989434	0.000000
0.210566	0.110566	0.000016
0.239434	0.110566	0.000016
0.210566	0.139434	-0.000109
0.239434	0.139434	-0.000109
0.260566	0.110566	0.000016
0.289434	0.110566	0.000016
0.260566	0.139434	-0.000109
0.289434	0.139434	-0.000109
0.210566	0.160566	-0.000200
0.239434	0.160566	-0.000200
0.210566	0.189434	-0.000324
0.239434	0.189434	-0.000324
0.260566	0.160566	-0.000200
0.289434	0.160566	-0.000200
0.260566	0.189434	-0.000324
0.289434	0.189434	-0.000324
0.410566	0.110566	0.000010
0.439434	0.110566	0.000009
0.410566	0.139434	-0.000098
0.439434	0.139434	-0.000089
0.460566	0.110566	0.000008
0.489434	0.110566	0.000007
0.460566	0.139434	-0.000082
0.489434	0.139434	-0.000073
0.410566	0.160566	-0.000187
0.439434	0.160566	-0.000169
0.410566	0.189434	-0.000295
0.439434	0.189434	-0.000267
0.460566	0.160566	-0.000157
0.489434	0.160566	-0.000139
0.460566	0.189434	-0.000247
0.489434	0.189434	-0.000219
0.610566	0.110566	0.000001
0.639434	0.110566	0.000000
0.610566	0.139434	-0.000005
0.639434	0.139434	-0.000003
0.660566	0.110566	0.000000
0.689434	0.110566	0.000000
0.660566	0.139434	-0.000002
0.689434	0.139434	-0.000000
0.610566	0.160566	-0.000009
0.639434	0.160566	-0.000006
0.610566	0.189434	-0.000015
0.639434	0.189434	-0.000010
0.660566	0.160566	-0.000004
0.689434	0.160566	-0.000001
0.660566	0.189434	-0.000006
0.689434	0.189434	-0.000001
0.010566	0.210566	-0.001183
0.039434	0.210566	-0.001183
0.010566	0.239434	-0.022973
0.039434	0.239434	-0.022973
0.060566	0.210566	-0.001183
0.089434	0.210566	-0.001183
0.060566	0.239434	-0.022973
0.089434	0.239434	-0.022973
0.010566	0.260566	-0.038924
0.039434	0.260566	-0.038924
0.010566	0.289434	-0.060714
0.039434	0.289434	-0.060714
0.060566	0.260566	-0.038924
0.089434	0.260566	-0.038924
0.060566	0.289434	-0.060714
0.089434	0.289434	-0.060714
0.710566	0.210566	-0.000002
0.739434	0.210566	-0.000001
0.710566	0.239434	-0.000001
0.739434	0.239434	-0.000000
0.760566	0.210566	-0.000001
0.789434	0.210566	0.000000
0.760566	0.239434	0.000000
0.789434	0.239434	0.000001
0.710566	0.260566	0.000001
0.739434	0.260566	0.000001
0.710566	0.289434	0.000002
0.739434	0.289434	0.000002
0.760566	0.260566	0.000001
0.789434	0.260566	0.000001
0.760566	0.289434	0.000002
0.789434	0.289434	0.000002
0.710566	0.310566	0.000056
0.739434	0.310566	0.000039
0.710566	0.339434	0.000678
0.739434	0.339434	0.000439
0.760566	0.310566	0.000026
0.789434	0.310566	0.000009
0.760566	0.339434	0.000265
0.789434	0.339434	0.000027
0.710566	0.360566	0.001133
0.739434	0.360566	0.000733
0.710566	0.389434	0.001754
0.739434	0.389434	0.001133
0.760566	0.360566	0.000440
0.789434	0.360566	0.000039
0.760566	0.389434	0.000678
0.789434	0.389434	0.000057
0.810566	0.210566	-0.000000
0.839434	0.210566	-0.000000
0.810566	0.239434	0.000000
0.839434	0.239434	0.000000
0.860566	0.210566	-0.000000
0.889434	0.210566	0.000000
0.860566	0.239434	0.000000
0.889434	0.239434	-0.000000
0.810566	0.260566	0.000000
0.839434	0.260566	0.000000
0.810566	0.289434	0.000000
0.839434	0.289434	0.000000
0.860566	0.260566	0.000000
0.889434	0.260566	-0.000000
0.860566	0.289434	0.000000
0.889434	0.289434	-0.000000
0.910566	0.410566	0.000000
0.939434	0.410566	0.000000
0.910566	0.439434	0.000000
0.939434	0.439434	0.000000
0.960566	0.410566	0.000000
0.989434	0.410566	-0.000000
0.960566	0.439434	0.000000
0.989434	0.439434	-0.000000
0.910566	0.460566	0.000000
0.939434	0.460566	0.000000
0.910566	0.489434	0.000000
0.939434	0.489434	0.000000
0.960566	0.460566	0.000000
0.989434	0.460566	-0.000000
0.960566	0.489434	0.000000
0.989434	0.489434	-0.000000
0.810566	0.510566	0.000098
0.839434	0.510566	0.000061
0.810566	0.539434	0.000086
0.839434	0.539434	0.000053
0.860566	0.510566	0.000033
0.889434	0.510566	-0.000005
0.860566	0.539434	0.000029
0.889434	0.539434	-0.000004
0.810566	0.560566	0.000076
0.839434	0.560566	0.000047
0.810566	0.589434	0.000064
0.839434	0.589434	0.000039
0.860566	0.560566	0.000026
0.889434	0.560566	-0.000004
0.860566	0.589434	0.000021
0.889434	0.589434	-0.000003
0.010566	0.610566	0.984149
0.039434	0.610566	0.984149
0.010566	0.639434	0.713171
0.039434	0.639434	0.713171
0.060566	0.610566	0.984149
0.089434	0.610566	0.984149
0.060566	0.639434	0.713171
0.089434	0.639434	0.713171
0.010566	0.660566	0.514802
0.039434	0.660566	0.514802
0.010566	0.689434	0.243825
0.039434	0.689434	0.243825
0.060566	0.660566	0.514802
0.089434	0.660566	0.514802
0.060566	0.689434	0.243825
0.089434	0.689434	0.243825
0.110566	0.710566	0.059668
0.139434	0.710566	0.059668
0.110566	0.739434	0.038339
0.139434	0.739434	0.038339
0.160566	0.710566	0.059668
0.189434	0.710566	0.059668
0.160566	0.739434	0.038339
0.189434	0.739434	0.038339
0.110566	0.760566	0.022726
0.139434	0.760566	0.022726
0.110566	0.789434	0.001397
0.139434	0.789434	0.001397
0.160566	0.760566	0.022726
0.189434	0.760566	0.022726
0.160566	0.789434	0.001397
0.189434	0.789434	0.001397
0.310566	0.610566	0.985544
0.339434	0.610566	0.987861
0.310566	0.639434	0.714098
0.339434	0.639434	0.715495
0.360566	0.610566	0.989557
0.389434	0.610566	0.991874
0.360566	0.639434	0.716518
0.389434	0.639434	0.717916
0.310566	0.660566	0.515385
0.339434	0.660566	0.516110
0.310566	0.689434	0.243938
0.339434	0.689434	0.243744
0.360566	0.660566	0.516640
0.389434	0.660566	0.517365
0.360566	0.689434	0.243602
0.389434	0.689434	0.243408
0.210566	0.710566	0.059668
0.239434	0.710566	0.059669
0.210566	0.739434	0.038339
0.239434	0.739434	0.038340
0.260566	0.710566	0.059669
0.289434	0.710566	0.059670
0.260566	0.739434	0.038340
0.289434	0.739434	0.038341
0.210566	0.760566	0.022726
0.239434	0.760566	0.022726
0.210566	0.789434	0.001397
0.239434	0.789434	0.001397
0.260566	0.760566	0.022726
0.289434	0.760566	0.022726
0.260566	0.789434	0.001397
0.289434	0.789434	0.001397
0.710566	0.710566	0.000232
0.739434	0.710566	0.000147
0.710566	0.739434	0.000148
0.739434	0.739434	0.000094
0.760566	0.710566	0.000086
0.789434	0.710566	0.000001
0.760566	0.739434	0.000054
0.789434	0.739434	0.000001
0.710566	0.760566	0.000086
0.739434	0.760566	0.000055
0.710566	0.789434	0.000002
0.739434	0.789434	0.000001
0.760566	0.760566	0.000032
0.789434	0.760566	0.000000
0.760566	0.789434	0.000001
0.789434	0.789434	-0.000000
0.910566	0.610566	0.000000
0.939434	0.610566	0.000000
0.910566	0.639434	0.000000
0.939434	0.639434	0.000000
0.960566	0.610566	0.000000
0.989434	0.610566	-0.000000
0.960566	0.639434	0.000000
0.989434	0.639434	-0.000000
0.910566	0.660566	0.000000
0.939434	0.660566	0.000000
0.910566	0.689434	0.000000
0.939434	0.689434	0.000000
0.960566	0.660566	0.000000
0.989434	0.660566	-0.000000
0.960566	0.689434	0.000000
0.989434	0.689434	-0.000000
0.110566	0.910566	0.000000
0.139434	0.910566	0.000000
0.110566	0.939434	0.000000
0.139434	0.939434	0.000000
0.160566	0.910566	0.000000
0.189434	0.910566	0.000000
0.160566	0.939434	0.000000
0.189434	0.939434	0.000000
0.110566	0.960566	0.000000
0.139434	0.960566	0.000000
0.110566	0.989434	-0.000000
0.139434	0.989434	-0.000000
0.160566	0.960566	0.000000
0.189434	0.960566	0.000000
0.160566	0.989434	-0.000000
0.189434	0.989434	-0.000000
0.310566	0.810566	0.000324
0.339434	0.810566	0.000323
0.310566	0.839434	0.000200
0.339434	0.839434	0.000199
0.360566	0.810566	0.000323
0.389434	0.810566	0.000322
0.360566	0.839434	0.000199
0.389434	0.839434	0.000198
0.310566	0.860566	0.000109
0.339434	0.860566	0.000108
0.310566	0.889434	-0.000016
0.339434	0.889434	-0.000016
0.360566	0.860566	0.000108
0.389434	0.860566	0.000108
0.360566	0.889434	-0.000016
0.389434	0.889434	-0.000016
0.105283	0.305283	-0.178491
0.119717	0.305283	-0.178491
0.105283	0.319717	-0.270245
0.119717	0.319717	-0.270245
0.130283	0.305283	-0.178491
0.144717	0.305283	-0.178491
0.130283	0.319717	-0.270245
0.144717	0.319717	-0.270245
0.105283	0.330283	-0.337413
0.119717	0.330283	-0.337413
0.105283	0.344717	-0.429167
0.119717	0.344717	-0.429167
0.130283	0.330283	-0.337413
0.144717	0.330283	-0.337413
0.130283	0.344717	-0.429167
0.144717	0.344717	-0.429167
0.155283	0.305283	-0.178491
0.169717	0.305283	-0.178490
0.155283	0.319717	-0.270245
0.169717	0.319717	-0.270244
0.180283	0.305283	-0.178490
0.194717	0.305283	-0.178490
0.180283	0.319717	-0.270244
0.194717	0.319717	-0.270243
0.155283	0.330283	-0.337413
0.169717	0.330283	-0.337412
0.155283	0.344717	-0.429167
0.169717	0.344717	-0.429166
0.180283	0.330283	-0.337412
0.194717	0.330283	-0.337411
0.180283	0.344717	-0.429165
0.194717	0.344717	-0.429165
0.105283	0.355283	-0.694634
0.119717	0.355283	-0.694634
0.105283	0.369717	-0.867199
0.119717	0.369717	-0.867198
0.130283	0.355283	-0.694634
0.144717	0.355283	-0.694634
0.130283	0.369717	-0.867198
0.144717	0.369717	-0.867198
0.105283	0.380283	-0.993525
0.119717	0.380283	-0.993524
0.105283	0.394717	-1.166089
0.119717	0.394717	-1.166089
0.130283	0.380283	-0.993524
0.144717	0.380283	-0.993524
0.130283	0.394717	-1.166089
0.144717	0.394717	-1.166089
0.255283	0.255283	-0.025112
0.269717	0.255283	-0.025102
0.255283	0.269717	-0.047791
0.269717	0.269717	-0.047769
0.280283	0.255283	-0.025094
0.294717	0.255283	-0.025083
0.280283	0.269717	-0.047753
0.294717	0.269717	-0.047732
0.255283	0.280283	-0.064392
0.269717	0.280283	-0.064363
0.255283	0.294717	-0.087071
0.269717	0.294717	-0.087030
0.280283	0.280283	-0.064341
0.294717	0.280283	-0.064312
0.280283	0.294717	-0.087001
0.294717	0.294717	-0.086961
0.305283	0.205283	-0.003305
0.319717	0.205283	-0.003299
0.305283	0.219717	-0.005107
0.319717	0.219717	-0.005092
0.330283	0.205283	-0.003295
0.344717	0.205283	-0.003289
0.330283	0.219717	-0.005081
0.344717	0.219717	-0.005066
0.305283	0.230283	-0.006427
0.319717	0.230283	-0.006405
0.305283	0.244717	-0.008229
0.319717	0.244717	-0.008198
0.330283	0.230283	-0.006389
0.344717	0.230283	-0.006367
0.330283	0.244717	-0.008175
0.344717	0.244717	-0.008143
0.355283	0.205283	-0.003265
0.369717	0.205283	-0.003238
0.355283	0.219717	-0.005004
0.369717	0.219717	-0.004935
0.380283	0.205283	-0.003219
0.394717	0.205283	-0.003192
0.380283	0.219717	-0.004884
0.394717	0.219717	-0.004815
0.355283	0.230283	-0.006277
0.369717	0.230283	-0.006177
0.355283	0.244717	-0.008015
0.369717	0.244717	-0.007874
0.380283	0.230283	-0.006104
0.394717	0.230283	-0.006004
0.380283	0.244717	-0.007770
0.394717	0.244717	-0.007628
0.305283	0.255283	-0.025030
0.319717	0.255283	-0.024950
0.305283	0.269717	-0.047626
0.319717	0.269717	-0.047466
0.330283	0.255283	-0.024891
0.344717	0.255283	-0.024811
0.330283	0.269717	-0.047349
0.344717	0.269717	-0.047189
0.305283	0.280283	-0.064167
0.319717	0.280283	-0.063949
0.305283	0.294717	-0.086763
0.319717	0.294717	-0.086465
0.330283	0.280283	-0.063789
0.344717	0.280283	-0.063570
0.330283	0.294717	-0.086246
0.344717	0.294717	-0.085948
0.255283	0.355283	-0.694334
0.269717	0.355283	-0.693929
0.255283	0.369717	-0.866793
0.269717	0.369717	-0.866247
0.280283	0.355283	-0.693632
0.294717	0.355283	-0.693226
0.280283	0.369717	-0.865848
0.294717	0.369717	-0.865302
0.255283	0.380283	-0.993042
0.269717	0.380283	-0.992394
0.255283	0.394717	-1.165501
0.269717	0.394717	-1.164712
0.280283	0.380283	-0.991919
0.294717	0.380283	-0.991271
0.280283	0.394717	-1.164135
0.294717	0.394717	-1.163347
0.355283	0.305283	-0.173466
0.369717	0.305283	-0.170659
0.355283	0.319717	-0.262185
0.369717	0.319717	-0.257717
0.380283	0.305283	-0.168603
0.394717	0.305283	-0.165796
0.380283	0.319717	-0.254447
0.394717	0.319717	-0.249979
0.355283	0.330283	-0.327133
0.369717	0.330283	-0.321449
0.355283	0.344717	-0.415852
0.369717	0.344717	-0.408508
0.380283	0.330283	-0.317288
0.394717	0.330283	-0.311604
0.380283	0.344717	-0.403131
0.394717	0.344717	-0.395787
0.455283	0.255283	-0.017213
0.469717	0.255283	-0.015679
0.455283	0.269717	-0.032281
0.469717	0.269717	-0.029315
0.480283	0.255283	-0.014556
0.494717	0.255283	-0.013022
0.480283	0.269717	-0.027144
0.494717	0.269717	-0.024178
0.455283	0.280283	-0.043312
0.469717	0.280283	-0.039298
0.455283	0.294717	-0.058380
0.469717	0.294717	-0.052934
0.480283	0.280283	-0.036010
0.494717	0.280283	-0.032036
0.480283	0.294717	-0.048786
0.494717	0.294717	-0.043359
0.555283	0.205283	-0.000454
0.569717	0.205283	-0.000388
0.555283	0.219717	-0.000814
0.569717	0.219717	-0.000656
0.580283	0.205283	-0.000341
0.594717	0.205283	-0.000275
0.580283	0.219717	-0.000541
0.594717	0.219717	-0.000383
0.555283	0.230283	-0.001078
0.569717	0.230283	-0.000852
0.555283	0.244717	-0.001438
0.569717	0.244717	-0.001120
0.580283	0.230283	-0.000688
0.594717	0.230283	-0.000462
0.580283	0.244717	-0.000888
0.594717	0.244717	-0.000570
0.555283	0.255283	-0.003935
0.569717	0.255283	-0.003162
0.555283	0.269717	-0.006954
0.569717	0.269717	-0.005534
0.580283	0.255283	-0.002595
0.594717	0.255283	-0.001822
0.580283	0.269717	-0.004494
0.594717	0.269717	-0.003074
0.555283	0.280283	-0.009164
0.569717	0.280283	-0.007270
0.555283	0.294717	-0.012183
0.569717	0.294717	-0.009643
0.580283	0.280283	-0.005884
0.594717	0.280283	-0.003991
0.580283	0.294717	-0.007783
0.594717	0.294717	-0.005243
0.405283	0.305283	-0.156743
0.419717	0.305283	-0.149401
0.405283	0.319717	-0.235635
0.419717	0.319717	-0.224084
0.430283	0.305283	-0.146884
0.444717	0.305283	-0.139374
0.430283	0.319717	-0.214708
0.444717	0.319717	-0.203211
0.405283	0.330283	-0.293389
0.419717	0.330283	-0.278757
0.405283	0.344717	-0.372281
0.419717	0.344717	-0.353440
0.430283	0.330283	-0.268045
0.444717	0.330283	-0.253413
0.430283	0.344717	-0.339648
0.444717	0.344717	-0.320807
0.455283	0.305283	-0.097289
0.469717	0.305283	-0.088268
0.455283	0.319717	-0.097289
0.469717	0.319717	-0.088268
0.480283	0.305283	-0.097322
0.494717	0.305283	-0.086214
0.480283	0.319717	-0.144293
0.494717	0.319717	-0.126924
0.455283	0.330283	-0.097289
0.469717	0.330283	-0.088268
0.455283	0.344717	-0.273780
0.469717	0.344717	-0.245647
0.480283	0.330283	-0.178769
0.494717	0.330283	-0.156805
0.480283	0.344717	-0.225052
0.494717	0.344717	-0.196918
0.405283	0.355283	-0.596248
0.419717	0.355283	-0.564113
0.405283	0.369717	-0.737046
0.419717	0.369717	-0.695126
0.430283	0.355283	-0.540589
0.444717	0.355283	-0.508454
0.430283	0.369717	-0.664439
0.444717	0.369717	-0.622520
0.405283	0.380283	-0.840116
0.419717	0.380283	-0.791034
0.405283	0.394717	-0.980914
0.419717	0.394717	-0.922047
0.430283	0.380283	-0.760048
0.444717	0.380283	-0.702858
0.430283	0.394717	-0.877361
0.444717	0.394717	-0.818620
0.455283	0.355283	-0.428947
0.469717	0.355283	-0.381983
0.455283	0.369717	-0.519738
0.469717	0.369717	-0.459833
0.480283	0.355283	-0.347602
0.494717	0.355283	-0.300638
0.480283	0.369717	-0.415979
0.494717	0.369717	-0.356073
0.455283	0.380283	-0.586202
0.469717	0.380283	-0.516823
0.455283	0.394717	-0.676994
0.469717	0.394717	-0.594673
0.480283	0.380283	-0.464137
0.494717	0.380283	-0.398868
0.480283	0.394717	-0.533531
0.494717	0.394717	-0.451377
0.505283	0.305283	-0.065502
0.519717	0.305283	-0.055485
0.505283	0.319717	-0.094062
0.519717	0.319717	-0.078973
0.530283	0.305283	-0.048151
0.544717	0.305283	-0.038134
0.530283	0.319717	-0.067927
0.544717	0.319717	-0.052838
0.505283	0.330283	-0.114970
0.519717	0.330283	-0.096168
0.505283	0.344717	-0.143530
0.519717	0.344717	-0.119657
0.530283	0.330283	-0.082404
0.544717	0.330283	-0.063602
0.530283	0.344717	-0.102180
0.544717	0.344717	-0.078307
0.555283	0.305283	-0.023703
0.569717	0.305283	-0.018717
0.555283	0.319717	-0.031557
0.569717	0.319717	-0.024404
0.580283	0.305283	-0.015067
0.594717	0.305283	-0.010081
0.580283	0.319717	-0.019168
0.594717	0.319717	-0.012015
0.555283	0.330283	-0.037306
0.569717	0.330283	-0.028567
0.555283	0.344717	-0.045160
0.569717	0.344717	-0.034254
0.580283	0.330283	-0.022170
0.594717	0.330283	-0.013431
0.580283	0.344717	-0.026271
0.594717	0.344717	-0.015366
0.505283	0.355283	-0.212882
0.519717	0.355283	-0.174476
0.505283	0.369717	-0.245992
0.519717	0.369717	-0.198971
0.530283	0.355283	-0.146362
0.544717	0.355283	-0.107956
0.530283	0.369717	-0.164550
0.544717	0.369717	-0.117529
0.505283	0.380283	-0.270229
0.519717	0.380283	-0.216902
0.505283	0.394717	-0.303339
0.519717	0.394717	-0.241397
0.530283	0.380283	-0.177864
0.544717	0.380283	-0.124537
0.530283	0.394717	-0.196052
0.544717	0.394717	-0.134110
0.155283	0.555283	1.438855
0.169717	0.555283	1.438860
0.155283	0.569717	1.470479
0.169717	0.569717	1.470482
0.180283	0.555283	1.438863
0.194717	0.555283	1.438868
0.180283	0.569717	1.470485
0.194717	0.569717	1.470489
0.155283	0.580283	1.493629
0.169717	0.580283	1.493632
0.155283	0.594717	1.525252
0.169717	0.594717	1.525255
0.180283	0.580283	1.493635
0.194717	0.580283	1.493638
0.180283	0.594717	1.525257
0.194717	0.594717	1.525260
0.205283	0.405283	-1.343630
0.219717	0.405283	-1.343536
0.205283	0.419717	-1.442485
0.219717	0.419717	-1.442376
0.230283	0.405283	-1.343467
0.244717	0.405283	-1.343372
0.230283	0.419717	-1.442297
0.244717	0.419717	-1.442188
0.205283	0.430283	-1.524394
0.219717	0.430283	-1.524273
0.205283	0.444717	-1.623248
0.219717	0.444717	-1.623114
0.230283	0.430283	-1.524185
0.244717	0.430283	-1.524064
0.230283	0.444717	-1.623015
0.244717	0.444717	-1.622880
0.255283	0.405283	-1.338663
0.269717	0.405283	-1.337538
0.255283	0.419717	-1.442900
0.269717	0.419717	-1.441602
0.280283	0.405283	-1.336714
0.294717	0.405283	-1.335589
0.280283	0.419717	-1.440652
0.294717	0.419717	-1.439354
0.255283	0.430283	-1.519206
0.269717	0.430283	-1.517782
0.255283	0.444717	-1.623443
0.269717	0.444717	-1.621846
0.280283	0.430283	-1.516739
0.294717	0.430283	-1.515315
0.280283	0.444717	-1.620677
0.294717	0.444717	-1.619080
0.155283	0.355283	-0.694634
0.169717	0.355283	-0.694632
0.155283	0.369717	-0.867198
0.169717	0.369717	-0.867196
0.180283	0.355283	-0.694631
0.194717	0.355283	-0.694629
0.180283	0.369717	-0.867194
0.194717	0.369717	-0.867192
0.155283	0.380283	-0.993524
0.169717	0.380283	-0.993521
0.155283	0.394717	-1.166088
0.169717	0.394717	-1.166085
0.180283	0.380283	-0.993519
0.194717	0.380283	-0.993517
0.180283	0.394717	-1.166083
0.194717	0.394717	-1.166079
0.205283	0.205283	-0.003384
0.219717	0.205283	-0.003384
0.205283	0.219717	-0.005101
0.219717	0.219717	-0.005101
0.230283	0.205283	-0.003384
0.244717	0.205283	-0.003384
0.230283	0.219717	-0.005101
0.244717	0.219717	-0.005101
0.205283	0.230283	-0.006524
0.219717	0.230283	-0.006524
0.205283	0.244717	-0.008241
0.219717	0.244717	-0.008241
0.230283	0.230283	-0.006523
0.244717	0.230283	-0.006523
0.230283	0.244717	-0.008240
0.244717	0.244717	-0.008240
0.255283	0.205283	-0.003311
0.269717	0.205283	-0.003310
0.255283	0.219717	-0.005123
0.269717	0.219717	-0.005121
0.280283	0.205283	-0.003310
0.294717	0.205283	-0.003309
0.280283	0.219717	-0.005120
0.294717	0.219717	-0.005118
0.255283	0.230283	-0.006449
0.269717	0.230283	-0.006446
0.255283	0.244717	-0.008261
0.269717	0.244717	-0.008257
0.280283	0.230283	-0.006444
0.294717	0.230283	-0.006441
0.280283	0.244717	-0.008254
0.294717	0.244717	-0.008250
0.205283	0.255283	-0.026025
0.219717	0.255283	-0.026025
0.205283	0.269717	-0.047514
0.219717	0.269717	-0.047512
0.230283	0.255283	-0.026024
0.244717	0.255283	-0.026023
0.230283	0.269717	-0.047511
0.244717	0.269717	-0.047509
0.205283	0.280283	-0.065318
0.219717	0.280283	-0.065316
0.205283	0.294717	-0.086806
0.219717	0.294717	-0.086803
0.230283	0.280283	-0.065314
0.244717	0.280283	-0.065312
0.230283	0.294717	-0.086801
0.244717	0.294717	-0.086798
0.355283	0.255283	-0.024485
0.369717	0.255283	-0.024125
0.355283	0.269717	-0.046540
0.369717	0.269717	-0.045826
0.380283	0.255283	-0.023861
0.394717	0.255283	-0.023500
0.380283	0.269717	-0.045304
0.394717	0.269717	-0.044590
0.355283	0.280283	-0.062686
0.369717	0.280283	-0.061713
0.355283	0.294717	-0.084741
0.369717	0.294717	-0.083415
0.380283	0.280283	-0.061001
0.394717	0.280283	-0.060029
0.380283	0.294717	-0.082444
0.394717	0.294717	-0.081119
0.205283	0.305283	-0.182151
0.219717	0.305283	-0.182144
0.205283	0.319717	-0.269060
0.219717	0.319717	-0.269048
0.230283	0.305283	-0.182138
0.244717	0.305283	-0.182131
0.230283	0.319717	-0.269040
0.244717	0.319717	-0.269029
0.205283	0.330283	-0.341070
0.219717	0.330283	-0.341055
0.205283	0.344717	-0.427978
0.219717	0.344717	-0.427960
0.230283	0.330283	-0.341044
0.244717	0.330283	-0.341030
0.230283	0.344717	-0.427946
0.244717	0.344717	-0.427927
0.255283	0.305283	-0.178428
0.269717	0.305283	-0.178342
0.255283	0.319717	-0.270143
0.269717	0.319717	-0.270004
0.280283	0.305283	-0.178279
0.294717	0.305283	-0.178193
0.280283	0.319717	-0.269902
0.294717	0.319717	-0.269764
0.255283	0.330283	-0.337283
0.269717	0.330283	-0.337105
0.255283	0.344717	-0.428998
0.269717	0.344717	-0.428767
0.280283	0.330283	-0.336975
0.294717	0.330283	-0.336798
0.280283	0.344717	-0.428599
0.294717	0.344717	-0.428368
0.205283	0.355283	-0.701508
0.219717	0.355283	-0.701474
0.205283	0.369717	-0.864958
0.219717	0.369717	-0.864913
0.230283	0.355283	-0.701449
0.244717	0.355283	-0.701415
0.230283	0.369717	-0.864880
0.244717	0.369717	-0.864836
0.205283	0.380283	-1.000388
0.219717	0.380283	-1.000334
0.205283	0.394717	-1.163839
0.219717	0.394717	-1.163774
0.230283	0.380283	-1.000295
0.244717	0.380283	-1.000241
0.230283	0.394717	-1.163726
0.244717	0.394717	-1.163661
0.305283	0.305283	-0.177770
0.319717	0.305283	-0.177134
0.305283	0.319717	-0.269081
0.319717	0.319717	-0.268060
0.330283	0.305283	-0.176668
0.344717	0.305283	-0.176032
0.330283	0.319717	-0.267312
0.344717	0.319717	-0.266291
0.305283	0.330283	-0.335926
0.319717	0.330283	-0.334623
0.305283	0.344717	-0.427237
0.319717	0.344717	-0.425549
0.330283	0.330283	-0.333669
0.344717	0.330283	-0.332366
0.330283	0.344717	-0.424313
0.344717	0.344717	-0.422625
0.305283	0.355283	-0.691240
0.319717	0.355283	-0.688291
0.305283	0.369717	-0.862635
0.319717	0.369717	-0.858696
0.330283	0.355283	-0.686132
0.344717	0.355283	-0.683183
0.330283	0.369717	-0.855811
0.344717	0.369717	-0.851872
0.305283	0.380283	-0.988106
0.319717	0.380283	-0.983441
0.305283	0.394717	-1.159501
0.319717	0.394717	-1.153845
0.330283	0.380283	-0.980025
0.344717	0.380283	-0.975360
0.330283	0.394717	-1.149705
0.344717	0.394717	-1.144049
0.355283	0.355283	-0.671393
0.369717	0.355283	-0.658689
0.355283	0.369717	-0.836175
0.369717	0.369717	-0.819367
0.380283	0.355283	-0.649389
0.394717	0.355283	-0.636685
0.380283	0.369717	-0.807062
0.394717	0.369717	-0.790254
0.355283	0.380283	-0.956804
0.369717	0.380283	-0.936991
0.355283	0.394717	-1.121586
0.369717	0.394717	-1.097669
0.380283	0.380283	-0.922487
0.394717	0.380283	-0.902674
0.380283	0.394717	-1.080160
0.394717	0.394717	-1.056243
0.405283	0.205283	-0.003104
0.419717	0.205283	-0.003031
0.405283	0.219717	-0.004590
0.419717	0.219717	-0.004404
0.430283	0.205283	-0.003028
0.444717	0.205283	-0.002951
0.430283	0.219717	-0.004251
0.444717	0.219717	-0.004066
0.405283	0.230283	-0.005678
0.419717	0.230283	-0.005409
0.405283	0.244717	-0.007165
0.419717	0.244717	-0.006782
0.430283	0.230283	-0.005212
0.444717	0.230283	-0.004943
0.430283	0.244717	-0.006502
0.444717	0.244717	-0.006120
0.455283	0.205283	-0.002714
0.469717	0.205283	-0.002595
0.455283	0.219717	-0.003601
0.469717	0.219717	-0.003302
0.480283	0.205283	-0.002492
0.494717	0.205283	-0.002378
0.480283	0.219717	-0.003075
0.494717	0.219717	-0.002778
0.455283	0.230283	-0.004250
0.469717	0.230283	-0.003819
0.455283	0.244717	-0.005137
0.469717	0.244717	-0.004525
0.480283	0.230283	-0.003503
0.494717	0.230283	-0.003071
0.480283	0.244717	-0.004077
0.494717	0.244717	-0.003464
0.405283	0.255283	-0.022326
0.419717	0.255283	-0.021360
0.405283	0.269717	-0.042275
0.419717	0.269717	-0.040382
0.430283	0.255283	-0.020653
0.444717	0.255283	-0.019687
0.430283	0.269717	-0.038996
0.444717	0.269717	-0.037102
0.405283	0.280283	-0.056878
0.419717	0.280283	-0.054306
0.405283	0.294717	-0.076827
0.419717	0.294717	-0.073328
0.430283	0.280283	-0.053156
0.444717	0.280283	-0.049368
0.430283	0.294717	-0.070530
0.444717	0.294717	-0.067042
0.505283	0.255283	-0.009988
0.519717	0.255283	-0.008556
0.505283	0.269717	-0.018365
0.519717	0.269717	-0.015651
0.530283	0.255283	-0.007507
0.544717	0.255283	-0.006075
0.530283	0.269717	-0.013665
0.544717	0.269717	-0.010951
0.505283	0.280283	-0.024497
0.519717	0.280283	-0.020845
0.505283	0.294717	-0.032874
0.519717	0.294717	-0.027941
0.530283	0.280283	-0.018172
0.544717	0.280283	-0.014520
0.530283	0.294717	-0.024329
0.544717	0.294717	-0.019396
0.105283	0.405283	-1.339509
0.119717	0.405283	-1.339508
0.105283	0.419717	-1.443880
0.119717	0.419717	-1.443880
0.130283	0.405283	-1.339508
0.144717	0.405283	-1.339508
0.130283	0.419717	-1.443879
0.144717	0.419717	-1.443879
0.105283	0.430283	-1.520285
0.119717	0.430283	-1.520284
0.105283	0.444717	-1.624656
0.119717	0.444717	-1.624656
0.130283	0.430283	-1.520284
0.144717	0.430283	-1.520284
0.130283	0.444717	-1.624655
0.144717	0.444717	-1.624655
0.155283	0.405283	-1.339507
0.169717	0.405283	-1.339503
0.155283	0.419717	-1.443878
0.169717	0.419717	-1.443873
0.180283	0.405283	-1.339499
0.194717	0.405283	-1.339494
0.180283	0.419717	-1.443869
0.194717	0.419717	-1.443863
0.155283	0.430283	-1.520283
0.169717	0.430283	-1.520277
0.155283	0.444717	-1.624654
0.169717	0.444717	-1.624647
0.180283	0.430283	-1.520272
0.194717	0.430283	-1.520266
0.180283	0.444717	-1.624642
0.194717	0.444717	-1.624635
0.105283	0.455283	-1.220726
0.119717	0.455283	-1.220726
0.105283	0.469717	-0.909526
0.119717	0.469717	-0.909526
0.130283	0.455283	-1.220726
0.144717	0.455283	-1.220726
0.130283	0.469717	-0.909525
0.144717	0.469717	-0.909525
0.105283	0.480283	-0.681711
0.119717	0.480283	-0.681711
0.105283	0.494717	-0.370510
0.119717	0.494717	-0.370510
0.130283	0.480283	-0.681711
0.144717	0.480283	-0.681710
0.130283	0.494717	-0.370510
0.144717	0.494717	-0.370510
0.155283	0.455283	-1.220724
0.169717	0.455283	-1.220716
0.155283	0.469717	-0.909523
0.169717	0.469717	-0.909515
0.180283	0.455283	-1.220710
0.194717	0.455283	-1.220702
0.180283	0.469717	-0.909509
0.194717	0.469717	-0.909501
0.155283	0.480283	-0.681709
0.169717	0.480283	-0.681700
0.155283	0.494717	-0.370508
0.169717	0.494717	-0.370500
0.180283	0.480283	-0.681694
0.194717	0.480283	-0.681686
0.180283	0.494717	-0.370493
0.194717	0.494717	-0.370485
0.105283	0.505283	0.726287
0.119717	0.505283	0.726287
0.105283	0.519717	0.768755
0.119717	0.519717	0.768756
0.130283	0.505283	0.726287
0.144717	0.505283	0.726287
0.130283	0.519717	0.768756
0.144717	0.519717	0.768756
0.105283	0.530283	0.799845
0.119717	0.530283	0.799845
0.105283	0.544717	0.842313
0.119717	0.544717	0.842314
0.130283	0.530283	0.799845
0.144717	0.530283	0.799845
0.130283	0.544717	0.842314
0.144717	0.544717	0.842314
0.155283	0.505283	0.726289
0.169717	0.505283	0.726297
0.155283	0.519717	0.768758
0.169717	0.519717	0.768765
0.180283	0.505283	0.726303
0.194717	0.505283	0.726311
0.180283	0.519717	0.768770
0.194717	0.519717	0.768778
0.155283	0.530283	0.799847
0.169717	0.530283	0.799854
0.155283	0.544717	0.842315
0.169717	0.544717	0.842322
0.180283	0.530283	0.799859
0.194717	0.530283	0.799866
0.180283	0.544717	0.842326
0.194717	0.544717	0.842332
0.105283	0.555283	1.438853
0.119717	0.555283	1.438854
0.105283	0.569717	1.470477
0.119717	0.569717	1.470477
0.130283	0.555283	1.438854
0.144717	0.555283	1.438854
0.130283	0.569717	1.470477
0.144717	0.569717	1.470478
0.105283	0.580283	1.493628
0.119717	0.580283	1.493628
0.105283	0.594717	1.525251
0.119717	0.594717	1.525251
0.130283	0.580283	1.493628
0.144717	0.580283	1.493628
0.130283	0.594717	1.525252
0.144717	0.594717	1.525252
0.205283	0.455283	-1.208226
0.219717	0.455283	-1.208069
0.205283	0.469717	-0.913450
0.219717	0.469717	-0.913290
0.230283	0.455283	-1.207954
0.244717	0.455283	-1.207798
0.230283	0.469717	-0.913174
0.244717	0.469717	-0.913014
0.205283	0.480283	-0.669207
0.219717	0.480283	-0.669045
0.205283	0.494717	-0.374432
0.219717	0.494717	-0.374266
0.230283	0.480283	-0.668927
0.244717	0.480283	-0.668764
0.230283	0.494717	-0.374146
0.244717	0.494717	-0.373981
0.255283	0.455283	-1.219322
0.269717	0.455283	-1.217490
0.255283	0.469717	-0.908094
0.269717	0.469717	-0.906239
0.280283	0.455283	-1.216149
0.294717	0.455283	-1.214318
0.280283	0.469717	-0.904880
0.294717	0.469717	-0.903025
0.255283	0.480283	-0.680260
0.269717	0.480283	-0.678387
0.255283	0.494717	-0.369032
0.269717	0.494717	-0.367135
0.280283	0.480283	-0.677015
0.294717	0.480283	-0.675142
0.280283	0.494717	-0.365746
0.294717	0.494717	-0.363849
0.305283	0.405283	-1.330119
0.319717	0.405283	-1.322130
0.305283	0.419717	-1.433061
0.319717	0.419717	-1.423922
0.330283	0.405283	-1.316282
0.344717	0.405283	-1.308294
0.330283	0.419717	-1.417232
0.344717	0.419717	-1.408093
0.305283	0.430283	-1.508419
0.319717	0.430283	-1.498438
0.305283	0.444717	-1.611361
0.319717	0.444717	-1.600230
0.330283	0.430283	-1.491132
0.344717	0.430283	-1.481151
0.330283	0.444717	-1.592082
0.344717	0.444717	-1.580950
0.355283	0.405283	-1.276733
0.369717	0.405283	-1.243449
0.355283	0.419717	-1.372138
0.369717	0.419717	-1.334509
0.380283	0.405283	-1.219083
0.394717	0.405283	-1.185798
0.380283	0.419717	-1.306963
0.394717	0.419717	-1.269334
0.355283	0.430283	-1.441979
0.369717	0.430283	-1.401170
0.355283	0.444717	-1.537383
0.369717	0.444717	-1.492230
0.380283	0.430283	-1.371296
0.394717	0.430283	-1.330487
0.380283	0.444717	-1.459176
0.394717	0.444717	-1.414023
0.305283	0.455283	-1.205506
0.319717	0.455283	-1.192932
0.305283	0.469717	-0.894124
0.319717	0.469717	-0.881511
0.330283	0.455283	-1.183727
0.344717	0.455283	-1.171153
0.330283	0.469717	-0.872277
0.344717	0.469717	-0.859663
0.305283	0.480283	-0.666177
0.319717	0.480283	-0.653535
0.305283	0.494717	-0.354795
0.319717	0.494717	-0.342114
0.330283	0.480283	-0.644280
0.344717	0.480283	-0.631637
0.330283	0.494717	-0.332830
0.344717	0.494717	-0.320148
0.355283	0.455283	-1.122331
0.369717	0.455283	-1.072501
0.355283	0.469717	-0.810947
0.369717	0.469717	-0.761736
0.380283	0.455283	-1.036024
0.394717	0.455283	-0.986194
0.380283	0.469717	-0.725711
0.394717	0.469717	-0.676499
0.355283	0.480283	-0.582999
0.369717	0.480283	-0.534240
0.355283	0.494717	-0.271615
0.369717	0.494717	-0.223474
0.380283	0.480283	-0.498546
0.394717	0.480283	-0.449787
0.380283	0.494717	-0.188233
0.394717	0.494717	-0.140092
0.205283	0.505283	0.728058
0.219717	0.505283	0.728211
0.205283	0.519717	0.768280
0.219717	0.519717	0.768420
0.230283	0.505283	0.728323
0.244717	0.505283	0.728476
0.230283	0.519717	0.768523
0.244717	0.519717	0.768664
0.205283	0.530283	0.801606
0.219717	0.530283	0.801736
0.205283	0.544717	0.841827
0.219717	0.544717	0.841945
0.230283	0.530283	0.801832
0.244717	0.530283	0.801963
0.230283	0.544717	0.842032
0.244717	0.544717	0.842151
0.255283	0.505283	0.727658
0.269717	0.505283	0.729395
0.255283	0.519717	0.770011
0.269717	0.519717	0.771588
0.280283	0.505283	0.730666
0.294717	0.505283	0.732402
0.280283	0.519717	0.772743
0.294717	0.519717	0.774320
0.255283	0.530283	0.801015
0.269717	0.530283	0.802476
0.255283	0.544717	0.843367
0.269717	0.544717	0.844669
0.280283	0.530283	0.803545
0.294717	0.530283	0.805006
0.280283	0.544717	0.845622
0.294717	0.544717	0.846924
0.205283	0.555283	1.440161
0.219717	0.555283	1.440248
0.205283	0.569717	1.470109
0.219717	0.569717	1.470182
0.230283	0.555283	1.440312
0.244717	0.555283	1.440399
0.230283	0.569717	1.470236
0.244717	0.569717	1.470310
0.205283	0.580283	1.494923
0.219717	0.580283	1.494985
0.205283	0.594717	1.524870
0.219717	0.594717	1.524919
0.230283	0.580283	1.495031
0.244717	0.580283	1.495093
0.230283	0.594717	1.524955
0.244717	0.594717	1.525004
0.255283	0.555283	1.439634
0.269717	0.555283	1.440578
0.255283	0.569717	1.471130
0.269717	0.569717	1.471912
0.280283	0.555283	1.441269
0.294717	0.555283	1.442214
0.280283	0.569717	1.472485
0.294717	0.569717	1.473268
0.255283	0.580283	1.494187
0.269717	0.580283	1.494851
0.255283	0.594717	1.525683
0.269717	0.594717	1.526185
0.280283	0.580283	1.495337
0.294717	0.580283	1.496001
0.280283	0.594717	1.526552
0.294717	0.594717	1.527054
0.305283	0.505283	0.740631
0.319717	0.505283	0.751968
0.305283	0.519717	0.781768
0.319717	0.519717	0.791935
0.330283	0.505283	0.760267
0.344717	0.505283	0.771603
0.330283	0.519717	0.799378
0.344717	0.519717	0.809545
0.305283	0.530283	0.811882
0.319717	0.530283	0.821193
0.305283	0.544717	0.853019
0.319717	0.544717	0.861160
0.330283	0.530283	0.828009
0.344717	0.530283	0.837319
0.330283	0.544717	0.867119
0.344717	0.544717	0.875261
0.355283	0.505283	0.814411
0.369717	0.505283	0.855720
0.355283	0.519717	0.847649
0.369717	0.519717	0.883836
0.380283	0.505283	0.885959
0.394717	0.505283	0.927268
0.380283	0.519717	0.910327
0.394717	0.519717	0.946514
0.355283	0.530283	0.871980
0.369717	0.530283	0.904419
0.355283	0.544717	0.905218
0.369717	0.544717	0.932535
0.380283	0.530283	0.928165
0.394717	0.530283	0.960604
0.380283	0.544717	0.952533
0.394717	0.544717	0.979850
0.305283	0.555283	1.446584
0.319717	0.555283	1.452252
0.305283	0.569717	1.476869
0.319717	0.569717	1.481476
0.330283	0.555283	1.456401
0.344717	0.555283	1.462070
0.330283	0.569717	1.484849
0.344717	0.569717	1.489456
0.305283	0.580283	1.499039
0.319717	0.580283	1.502870
0.305283	0.594717	1.529325
0.319717	0.594717	1.532094
0.330283	0.580283	1.505674
0.344717	0.580283	1.509504
0.330283	0.594717	1.534121
0.344717	0.594717	1.536890
0.355283	0.555283	1.482390
0.369717	0.555283	1.499800
0.355283	0.569717	1.505761
0.369717	0.569717	1.519279
0.380283	0.555283	1.512546
0.394717	0.555283	1.529956
0.380283	0.569717	1.529176
0.394717	0.569717	1.542695
0.355283	0.580283	1.522869
0.369717	0.580283	1.533539
0.355283	0.594717	1.546240
0.369717	0.594717	1.553018
0.380283	0.580283	1.541350
0.394717	0.580283	1.552020
0.380283	0.594717	1.557980
0.394717	0.594717	1.564758
0.405283	0.405283	-1.081863
0.419717	0.405283	-1.001776
0.405283	0.419717	-1.152658
0.419717	0.419717	-1.063802
0.430283	0.405283	-0.945369
0.444717	0.405283	-0.861763
0.430283	0.419717	-0.998040
0.444717	0.419717	-0.909298
0.405283	0.430283	-1.204483
0.419717	0.430283	-1.109208
0.405283	0.444717	-1.275277
0.419717	0.444717	-1.171234
0.430283	0.430283	-1.039462
0.444717	0.430283	-0.944188
0.430283	0.444717	-1.095069
0.444717	0.444717	-0.991026
0.455283	0.405283	-0.660863
0.469717	0.405283	-0.556001
0.455283	0.419717	-0.660863
0.469717	0.419717	-0.556001
0.480283	0.405283	-0.484367
0.494717	0.405283	-0.377379
0.480283	0.419717	-0.499761
0.494717	0.419717	-0.384391
0.455283	0.430283	-0.660863
0.469717	0.430283	-0.556001
0.455283	0.444717	-0.749522
0.469717	0.444717	-0.620603
0.480283	0.430283	-0.511060
0.494717	0.430283	-0.389906
0.480283	0.444717	-0.526228
0.494717	0.444717	-0.397310
0.405283	0.455283	-0.835297
0.419717	0.455283	-0.725016
0.405283	0.469717	-0.528970
0.419717	0.469717	-0.423115
0.430283	0.455283	-0.644285
0.444717	0.455283	-0.534004
0.430283	0.469717	-0.345624
0.444717	0.469717	-0.239769
0.405283	0.480283	-0.304723
0.419717	0.480283	-0.202108
0.405283	0.494717	0.001604
0.419717	0.494717	0.099793
0.430283	0.480283	-0.135272
0.444717	0.480283	-0.032535
0.430283	0.494717	0.167831
0.444717	0.494717	0.266076
0.455283	0.455283	-0.285818
0.469717	0.455283	-0.160504
0.455283	0.469717	-0.007014
0.469717	0.469717	0.105319
0.480283	0.455283	-0.068768
0.494717	0.455283	0.056546
0.480283	0.469717	0.187553
0.494717	0.469717	0.299887
0.455283	0.480283	0.095035
0.469717	0.480283	0.202618
0.455283	0.494717	0.095035
0.469717	0.494717	0.202618
0.480283	0.480283	0.385427
0.494717	0.480283	0.487739
0.480283	0.494717	0.628218
0.494717	0.494717	0.718236
0.505283	0.505283	1.195843
0.519717	0.505283	1.147054
0.505283	0.519717	1.304768
0.519717	0.519717	1.238601
0.530283	0.505283	1.111338
0.544717	0.505283	1.062549
0.530283	0.519717	1.190163
0.544717	0.519717	1.123996
0.505283	0.530283	1.384506
0.519717	0.530283	1.305617
0.505283	0.544717	1.493430
0.519717	0.544717	1.397164
0.530283	0.530283	1.247867
0.544717	0.530283	1.168979
0.530283	0.544717	1.326692
0.544717	0.544717	1.230426
0.555283	0.505283	0.887847
0.569717	0.505283	0.781428
0.555283	0.519717	0.924739
0.569717	0.519717	0.810044
0.580283	0.505283	0.703523
0.594717	0.505283	0.597104
0.580283	0.519717	0.726082
0.594717	0.519717	0.611388
0.555283	0.530283	0.951745
0.569717	0.530283	0.830993
0.555283	0.544717	0.988636
0.569717	0.544717	0.859610
0.580283	0.530283	0.742597
0.594717	0.530283	0.621845
0.580283	0.544717	0.765156
0.594717	0.544717	0.636130
0.505283	0.555283	1.474818
0.519717	0.555283	1.365822
0.505283	0.569717	1.369630
0.519717	0.569717	1.264550
0.530283	0.555283	1.286032
0.544717	0.555283	1.177036
0.530283	0.569717	1.187627
0.544717	0.569717	1.082547
0.505283	0.580283	1.292627
0.519717	0.580283	1.190414
0.505283	0.594717	1.187439
0.519717	0.594717	1.089143
0.530283	0.580283	1.115590
0.544717	0.580283	1.013377
0.530283	0.594717	1.017185
0.544717	0.594717	0.918889
0.555283	0.555283	0.928949
0.569717	0.555283	0.803057
0.555283	0.569717	0.849578
0.569717	0.569717	0.733089
0.580283	0.555283	0.710898
0.594717	0.555283	0.585006
0.580283	0.569717	0.647813
0.594717	0.569717	0.531324
0.555283	0.580283	0.791474
0.569717	0.580283	0.681868
0.555283	0.594717	0.712103
0.569717	0.594717	0.611900
0.580283	0.580283	0.601631
0.594717	0.580283	0.492026
0.580283	0.594717	0.538546
0.594717	0.594717	0.438343
0.605283	0.405283	0.052845
0.619717	0.405283	0.046986
0.605283	0.419717	0.085700
0.619717	0.419717	0.073969
0.630283	0.405283	0.042697
0.644717	0.405283	0.036838
0.630283	0.419717	0.065381
0.644717	0.419717	0.053650
0.605283	0.430283	0.109751
0.619717	0.430283	0.093722
0.605283	0.444717	0.142606
0.619717	0.444717	0.120704
0.630283	0.430283	0.081987
0.644717	0.430283	0.065958
0.630283	0.444717	0.104671
0.644717	0.444717	0.082770
0.655283	0.405283	0.023463
0.669717	0.405283	0.018541
0.655283	0.419717	0.032992
0.669717	0.419717	0.025878
0.680283	0.405283	0.014938
0.694717	0.405283	0.010015
0.680283	0.419717	0.020670
0.694717	0.419717	0.013556
0.655283	0.430283	0.039967
0.669717	0.430283	0.031249
0.655283	0.444717	0.049496
0.669717	0.444717	0.038585
0.680283	0.430283	0.024866
0.694717	0.430283	0.016147
0.680283	0.444717	0.030598
0.694717	0.444717	0.019687
0.605283	0.455283	0.227373
0.619717	0.455283	0.189440
0.605283	0.469717	0.271693
0.619717	0.469717	0.224957
0.630283	0.455283	0.161671
0.644717	0.455283	0.123739
0.630283	0.469717	0.190745
0.644717	0.469717	0.144010
0.605283	0.480283	0.304137
0.619717	0.480283	0.250958
0.605283	0.494717	0.348457
0.619717	0.494717	0.286476
0.630283	0.480283	0.212028
0.644717	0.480283	0.158849
0.630283	0.494717	0.241102
0.644717	0.494717	0.179120
0.655283	0.455283	0.072095
0.669717	0.455283	0.055879
0.655283	0.469717	0.082952
0.669717	0.469717	0.064123
0.680283	0.455283	0.044007
0.694717	0.455283	0.027791
0.680283	0.469717	0.050339
0.694717	0.469717	0.031510
0.655283	0.480283	0.090900
0.669717	0.480283	0.070158
0.655283	0.494717	0.101756
0.669717	0.494717	0.078402
0.680283	0.480283	0.054974
0.694717	0.480283	0.034233
0.680283	0.494717	0.061306
0.694717	0.494717	0.037953
0.705283	0.405283	0.004932
0.719717	0.405283	0.003649
0.705283	0.419717	0.006578
0.719717	0.419717	0.004851
0.730283	0.405283	0.002711
0.744717	0.405283	0.001428
0.730283	0.419717	0.003587
0.744717	0.419717	0.001860
0.705283	0.430283	0.007784
0.719717	0.430283	0.005731
0.705283	0.444717	0.009430
0.719717	0.444717	0.006933
0.730283	0.430283	0.004229
0.744717	0.430283	0.002176
0.730283	0.444717	0.005105
0.744717	0.444717	0.002608
0.755283	0.405283	0.000575
0.769717	0.405283	0.000407
0.755283	0.419717	0.000738
0.769717	0.419717	0.000518
0.780283	0.405283	0.000284
0.794717	0.405283	0.000115
0.780283	0.419717	0.000357
0.794717	0.419717	0.000137
0.755283	0.430283	0.000857
0.769717	0.430283	0.000600
0.755283	0.444717	0.001020
0.769717	0.444717	0.000711
0.780283	0.430283	0.000411
0.794717	0.430283	0.000154
0.780283	0.444717	0.000485
0.794717	0.444717	0.000176
0.705283	0.455283	0.013157
0.719717	0.455283	0.009654
0.705283	0.469717	0.014824
0.719717	0.469717	0.010862
0.730283	0.455283	0.007089
0.744717	0.455283	0.003586
0.730283	0.469717	0.007960
0.744717	0.469717	0.003998
0.705283	0.480283	0.016045
0.719717	0.480283	0.011746
0.705283	0.494717	0.017713
0.719717	0.494717	0.012954
0.730283	0.480283	0.008598
0.744717	0.480283	0.004299
0.730283	0.494717	0.009469
0.744717	0.494717	0.004710
0.755283	0.455283	0.001408
0.769717	0.455283	0.000988
0.755283	0.469717	0.001560
0.769717	0.469717	0.001091
0.780283	0.455283	0.000680
0.794717	0.455283	0.000260
0.780283	0.469717	0.000748
0.794717	0.469717	0.000279
0.755283	0.480283	0.001671
0.769717	0.480283	0.001167
0.755283	0.494717	0.001822
0.769717	0.494717	0.001270
0.780283	0.480283	0.000798
0.794717	0.480283	0.000294
0.780283	0.494717	0.000866
0.794717	0.494717	0.000313
0.605283	0.505283	0.408632
0.619717	0.505283	0.333886
0.605283	0.519717	0.414849
0.619717	0.519717	0.338183
0.630283	0.505283	0.279167
0.644717	0.505283	0.204421
0.630283	0.519717	0.282059
0.644717	0.519717	0.205393
0.605283	0.530283	0.419400
0.619717	0.530283	0.341329
0.605283	0.544717	0.425618
0.619717	0.544717	0.345626
0.630283	0.530283	0.284176
0.644717	0.530283	0.206105
0.630283	0.544717	0.287068
0.644717	0.544717	0.207077
0.655283	0.505283	0.114658
0.669717	0.505283	0.088077
0.655283	0.519717	0.114629
0.669717	0.519717	0.087949
0.680283	0.505283	0.068618
0.694717	0.505283	0.042037
0.680283	0.519717	0.068418
0.694717	0.519717	0.041739
0.655283	0.530283	0.114608
0.669717	0.530283	0.087856
0.655283	0.544717	0.114579
0.669717	0.544717	0.087728
0.680283	0.530283	0.068272
0.694717	0.530283	0.041520
0.680283	0.544717	0.068072
0.694717	0.544717	0.041221
0.605283	0.555283	0.386914
0.619717	0.555283	0.313183
0.605283	0.569717	0.350076
0.619717	0.569717	0.283062
0.630283	0.555283	0.259208
0.644717	0.555283	0.185477
0.630283	0.569717	0.234004
0.644717	0.569717	0.166990
0.605283	0.580283	0.323108
0.619717	0.580283	0.261011
0.605283	0.594717	0.286269
0.619717	0.594717	0.230890
0.630283	0.580283	0.215553
0.644717	0.580283	0.153457
0.630283	0.594717	0.190349
0.644717	0.594717	0.134970
0.655283	0.555283	0.101857
0.669717	0.555283	0.077841
0.655283	0.569717	0.091474
0.669717	0.569717	0.069865
0.680283	0.555283	0.060261
0.694717	0.555283	0.036245
0.680283	0.569717	0.054045
0.694717	0.569717	0.032435
0.655283	0.580283	0.083874
0.669717	0.580283	0.064025
0.655283	0.594717	0.073491
0.669717	0.594717	0.056049
0.680283	0.580283	0.049495
0.694717	0.580283	0.029646
0.680283	0.594717	0.043280
0.694717	0.594717	0.025837
0.705283	0.505283	0.019477
0.719717	0.505283	0.014223
0.705283	0.519717	0.019281
0.719717	0.519717	0.014071
0.730283	0.505283	0.010376
0.744717	0.505283	0.005122
0.730283	0.519717	0.010257
0.744717	0.519717	0.005046
0.705283	0.530283	0.019138
0.719717	0.530283	0.013960
0.705283	0.544717	0.018942
0.719717	0.544717	0.013808
0.730283	0.530283	0.010169
0.744717	0.530283	0.004991
0.730283	0.544717	0.010050
0.744717	0.544717	0.004916
0.755283	0.505283	0.001978
0.769717	0.505283	0.001379
0.755283	0.519717	0.001946
0.769717	0.519717	0.001357
0.780283	0.505283	0.000941
0.794717	0.505283	0.000343
0.780283	0.519717	0.000926
0.794717	0.519717	0.000338
0.755283	0.530283	0.001923
0.769717	0.530283	0.001341
0.755283	0.544717	0.001892
0.769717	0.544717	0.001320
0.780283	0.530283	0.000916
0.794717	0.530283	0.000334
0.780283	0.544717	0.000901
0.794717	0.544717	0.000329
0.705283	0.555283	0.016567
0.719717	0.555283	0.012060
0.705283	0.569717	0.014804
0.719717	0.569717	0.010775
0.730283	0.555283	0.008760
0.744717	0.555283	0.004254
0.730283	0.569717	0.007825
0.744717	0.569717	0.003795
0.705283	0.580283	0.013514
0.719717	0.580283	0.009834
0.705283	0.594717	0.011751
0.719717	0.594717	0.008548
0.730283	0.580283	0.007140
0.744717	0.580283	0.003460
0.730283	0.594717	0.006204
0.744717	0.594717	0.003001
0.755283	0.555283	0.001623
0.769717	0.555283	0.001127
0.755283	0.569717	0.001451
0.769717	0.569717	0.001009
0.780283	0.555283	0.000764
0.794717	0.555283	0.000268
0.780283	0.569717	0.000686
0.794717	0.569717	0.000245
0.755283	0.580283	0.001325
0.769717	0.580283	0.000923
0.755283	0.594717	0.001153
0.769717	0.594717	0.000806
0.780283	0.580283	0.000629
0.794717	0.580283	0.000228
0.780283	0.594717	0.000552
0.794717	0.594717	0.000205
0.105283	0.605283	0.926029
0.119717	0.605283	0.926029
0.105283	0.619717	0.926655
0.119717	0.619717	0.926655
0.130283	0.605283	0.926030
0.144717	0.605283	0.926030
0.130283	0.619717	0.926655
0.144717	0.619717	0.926656
0.105283	0.630283	0.927114
0.119717	0.630283	0.927114
0.105283	0.644717	0.927740
0.119717	0.644717	0.927740
0.130283	0.630283	0.927114
0.144717	0.630283	0.927114
0.130283	0.644717	0.927740
0.144717	0.644717	0.927740
0.155283	0.605283	0.926030
0.169717	0.605283	0.926032
0.155283	0.619717	0.926656
0.169717	0.619717	0.926657
0.180283	0.605283	0.926033
0.194717	0.605283	0.926034
0.180283	0.619717	0.926658
0.194717	0.619717	0.926659
0.155283	0.630283	0.927114
0.169717	0.630283	0.927115
0.155283	0.644717	0.927740
0.169717	0.644717	0.927741
0.180283	0.630283	0.927116
0.194717	0.630283	0.927117
0.180283	0.644717	0.927741
0.194717	0.644717	0.927742
0.105283	0.655283	0.300936
0.119717	0.655283	0.300936
0.105283	0.669717	0.301048
0.119717	0.669717	0.301048
0.130283	0.655283	0.300936
0.144717	0.655283	0.300936
0.130283	0.669717	0.301048
0.144717	0.669717	0.301048
0.105283	0.680283	0.301130
0.119717	0.680283	0.301130
0.105283	0.694717	0.301242
0.119717	0.694717	0.301242
0.130283	0.680283	0.301130
0.144717	0.680283	0.301130
0.130283	0.694717	0.301242
0.144717	0.694717	0.301242
0.155283	0.655283	0.300937
0.169717	0.655283	0.300937
0.155283	0.669717	0.301048
0.169717	0.669717	0.301049
0.180283	0.655283	0.300937
0.194717	0.655283	0.300937
0.180283	0.669717	0.301049
0.194717	0.669717	0.301049
0.155283	0.680283	0.301130
0.169717	0.680283	0.301130
0.155283	0.694717	0.301242
0.169717	0.694717	0.301242
0.180283	0.680283	0.301130
0.194717	0.680283	0.301131
0.180283	0.694717	0.301242
0.194717	0.694717	0.301242
0.205283	0.605283	0.926070
0.219717	0.605283	0.926098
0.205283	0.619717	0.926660
0.219717	0.619717	0.926682
0.230283	0.605283	0.926119
0.244717	0.605283	0.926148
0.230283	0.619717	0.926698
0.244717	0.619717	0.926721
0.205283	0.630283	0.927148
0.219717	0.630283	0.927166
0.205283	0.644717	0.927738
0.219717	0.644717	0.927749
0.230283	0.630283	0.927178
0.244717	0.630283	0.927196
0.230283	0.644717	0.927758
0.244717	0.644717	0.927769
0.255283	0.605283	0.926283
0.269717	0.605283	0.926569
0.255283	0.619717	0.926852
0.269717	0.619717	0.927071
0.280283	0.605283	0.926778
0.294717	0.605283	0.927063
0.280283	0.619717	0.927230
0.294717	0.619717	0.927448
0.255283	0.630283	0.927269
0.269717	0.630283	0.927438
0.255283	0.644717	0.927838
0.269717	0.644717	0.927940
0.280283	0.630283	0.927562
0.294717	0.630283	0.927731
0.280283	0.644717	0.928014
0.294717	0.644717	0.928116
0.205283	0.655283	0.300944
0.219717	0.655283	0.300949
0.205283	0.669717	0.301049
0.219717	0.669717	0.301053
0.230283	0.655283	0.300953
0.244717	0.655283	0.300958
0.230283	0.669717	0.301056
0.244717	0.669717	0.301060
0.205283	0.680283	0.301136
0.219717	0.680283	0.301139
0.205283	0.694717	0.301241
0.219717	0.694717	0.301243
0.230283	0.680283	0.301141
0.244717	0.680283	0.301144
0.230283	0.694717	0.301244
0.244717	0.694717	0.301245
0.255283	0.655283	0.300982
0.269717	0.655283	0.301026
0.255283	0.669717	0.301081
0.269717	0.669717	0.301112
0.280283	0.655283	0.301058
0.294717	0.655283	0.301102
0.280283	0.669717	0.301135
0.294717	0.669717	0.301166
0.255283	0.680283	0.301154
0.269717	0.680283	0.301176
0.255283	0.694717	0.301253
0.269717	0.694717	0.301262
0.280283	0.680283	0.301191
0.294717	0.680283	0.301213
0.280283	0.694717	0.301268
0.294717	0.694717	0.301277
0.305283	0.705283	0.082217
0.319717	0.705283	0.082199
0.305283	0.719717	0.062414
0.319717	0.719717	0.062399
0.330283	0.705283	0.082185
0.344717	0.705283	0.082167
0.330283	0.719717	0.062387
0.344717	0.719717	0.062372
0.305283	0.730283	0.047917
0.319717	0.730283	0.047904
0.305283	0.744717	0.028115
0.319717	0.744717	0.028104
0.330283	0.730283	0.047894
0.344717	0.730283	0.047880
0.330283	0.744717	0.028096
0.344717	0.744717	0.028085
0.355283	0.705283	0.082026
0.369717	0.705283	0.081744
0.355283	0.719717	0.062260
0.369717	0.719717	0.062044
0.380283	0.705283	0.081538
0.394717	0.705283	0.081256
0.380283	0.719717	0.061885
0.394717	0.719717	0.061669
0.355283	0.730283	0.047790
0.369717	0.730283	0.047622
0.355283	0.744717	0.028023
0.369717	0.744717	0.027921
0.380283	0.730283	0.047499
0.394717	0.730283	0.047331
0.380283	0.744717	0.027846
0.394717	0.744717	0.027744
0.305283	0.755283	0.009473
0.319717	0.755283	0.009468
0.305283	0.769717	0.006860
0.319717	0.769717	0.006856
0.330283	0.755283	0.009464
0.344717	0.755283	0.009458
0.330283	0.769717	0.006853
0.344717	0.769717	0.006849
0.305283	0.780283	0.004947
0.319717	0.780283	0.004944
0.305283	0.794717	0.002334
0.319717	0.794717	0.002332
0.330283	0.780283	0.004942
0.344717	0.780283	0.004939
0.330283	0.794717	0.002331
0.344717	0.794717	0.002330
0.355283	0.755283	0.009430
0.369717	0.755283	0.009386
0.355283	0.769717	0.006829
0.369717	0.769717	0.006797
0.380283	0.755283	0.009354
0.394717	0.755283	0.009310
0.380283	0.769717	0.006774
0.394717	0.769717	0.006742
0.355283	0.780283	0.004925
0.369717	0.780283	0.004902
0.355283	0.794717	0.002323
0.369717	0.794717	0.002313
0.380283	0.780283	0.004886
0.394717	0.780283	0.004863
0.380283	0.794717	0.002306
0.394717	0.794717	0.002296
0.405283	0.605283	1.129409
0.419717	0.605283	1.122355
0.405283	0.619717	0.987154
0.419717	0.619717	0.979883
0.430283	0.605283	1.121147
0.444717	0.605283	1.104434
0.430283	0.619717	0.976394
0.444717	0.619717	0.969126
0.405283	0.630283	0.883015
0.419717	0.630283	0.875586
0.405283	0.644717	0.740760
0.419717	0.644717	0.733114
0.430283	0.630283	0.870147
0.444717	0.630283	0.862717
0.430283	0.644717	0.727516
0.444717	0.644717	0.719870
0.455283	0.605283	1.071683
0.469717	0.605283	1.030848
0.455283	0.619717	0.931911
0.469717	0.619717	0.896009
0.480283	0.605283	1.004594
0.494717	0.605283	0.963622
0.480283	0.619717	0.871415
0.494717	0.619717	0.835449
0.455283	0.630283	0.829591
0.469717	0.630283	0.797300
0.455283	0.644717	0.689819
0.469717	0.644717	0.662462
0.480283	0.630283	0.773662
0.494717	0.630283	0.741372
0.480283	0.644717	0.642435
0.494717	0.644717	0.615078
0.405283	0.655283	0.404138
0.419717	0.655283	0.398534
0.405283	0.669717	0.325916
0.419717	0.669717	0.321348
0.430283	0.655283	0.394432
0.444717	0.655283	0.388827
0.430283	0.669717	0.318004
0.444717	0.669717	0.313435
0.405283	0.680283	0.268654
0.419717	0.680283	0.264844
0.405283	0.694717	0.190432
0.419717	0.694717	0.187657
0.430283	0.680283	0.259003
0.444717	0.680283	0.260335
0.430283	0.694717	0.186609
0.444717	0.694717	0.183822
0.455283	0.655283	0.368532
0.469717	0.655283	0.350997
0.455283	0.669717	0.297158
0.469717	0.669717	0.283251
0.480283	0.655283	0.338160
0.494717	0.655283	0.320624
0.480283	0.669717	0.273071
0.494717	0.669717	0.259164
0.455283	0.680283	0.244908
0.469717	0.680283	0.233658
0.455283	0.694717	0.173534
0.469717	0.694717	0.165913
0.480283	0.680283	0.227228
0.494717	0.680283	0.211718
0.480283	0.694717	0.161170
0.494717	0.694717	0.153502
0.505283	0.605283	0.842100
0.519717	0.605283	0.764488
0.505283	0.619717	0.732200
0.519717	0.619717	0.666228
0.530283	0.605283	0.707673
0.544717	0.605283	0.630061
0.530283	0.619717	0.617933
0.544717	0.619717	0.551961
0.505283	0.630283	0.651747
0.519717	0.630283	0.594296
0.505283	0.644717	0.541847
0.519717	0.644717	0.496036
0.530283	0.630283	0.552239
0.544717	0.630283	0.494788
0.530283	0.644717	0.462499
0.544717	0.644717	0.416688
0.555283	0.605283	0.472175
0.569717	0.605283	0.397294
0.555283	0.619717	0.418933
0.569717	0.619717	0.356210
0.580283	0.605283	0.342478
0.594717	0.605283	0.267597
0.580283	0.619717	0.310293
0.594717	0.619717	0.247570
0.555283	0.630283	0.379957
0.569717	0.630283	0.326134
0.555283	0.644717	0.326715
0.569717	0.644717	0.285049
0.580283	0.630283	0.286732
0.594717	0.630283	0.232909
0.580283	0.644717	0.254547
0.594717	0.644717	0.212882
0.505283	0.655283	0.275088
0.519717	0.655283	0.247211
0.505283	0.669717	0.223298
0.519717	0.669717	0.201453
0.530283	0.655283	0.226804
0.544717	0.655283	0.198928
0.530283	0.669717	0.185461
0.544717	0.669717	0.163616
0.505283	0.680283	0.185386
0.519717	0.680283	0.167956
0.505283	0.694717	0.133597
0.519717	0.694717	0.122198
0.530283	0.680283	0.155196
0.544717	0.680283	0.137766
0.530283	0.694717	0.113853
0.544717	0.694717	0.102454
0.555283	0.655283	0.145058
0.569717	0.655283	0.120397
0.555283	0.669717	0.121565
0.569717	0.669717	0.102367
0.580283	0.655283	0.102343
0.594717	0.655283	0.077681
0.580283	0.669717	0.088314
0.594717	0.669717	0.069116
0.555283	0.680283	0.104366
0.569717	0.680283	0.089169
0.555283	0.694717	0.080873
0.569717	0.694717	0.071140
0.580283	0.680283	0.078044
0.594717	0.680283	0.062846
0.580283	0.694717	0.064014
0.594717	0.694717	0.054281
0.405283	0.705283	0.079996
0.419717	0.705283	0.078543
0.405283	0.719717	0.060716
0.419717	0.719717	0.059626
0.430283	0.705283	0.076735
0.444717	0.705283	0.075296
0.430283	0.719717	0.059068
0.444717	0.719717	0.057974
0.405283	0.730283	0.046601
0.419717	0.730283	0.045778
0.405283	0.744717	0.027321
0.419717	0.744717	0.026861
0.430283	0.730283	0.045175
0.444717	0.730283	0.044352
0.430283	0.744717	0.026525
0.444717	0.744717	0.026066
0.455283	0.705283	0.071272
0.469717	0.705283	0.067464
0.455283	0.719717	0.054194
0.469717	0.719717	0.051367
0.480283	0.705283	0.065104
0.494717	0.705283	0.061269
0.480283	0.719717	0.049496
0.494717	0.719717	0.046656
0.455283	0.730283	0.041692
0.469717	0.730283	0.039583
0.455283	0.744717	0.024614
0.469717	0.744717	0.023486
0.480283	0.730283	0.038039
0.494717	0.730283	0.035930
0.480283	0.744717	0.022660
0.494717	0.744717	0.021531
0.405283	0.755283	0.009130
0.419717	0.755283	0.008939
0.405283	0.769717	0.006614
0.419717	0.769717	0.006479
0.430283	0.755283	0.008800
0.444717	0.755283	0.008609
0.430283	0.769717	0.006379
0.444717	0.769717	0.006244
0.405283	0.780283	0.004773
0.419717	0.780283	0.004677
0.405283	0.794717	0.002257
0.419717	0.794717	0.002217
0.430283	0.780283	0.004675
0.444717	0.780283	0.004578
0.430283	0.794717	0.002219
0.444717	0.794717	0.002178
0.455283	0.755283	0.008013
0.469717	0.755283	0.007554
0.455283	0.769717	0.005821
0.469717	0.769717	0.005496
0.480283	0.755283	0.007218
0.494717	0.755283	0.006759
0.480283	0.769717	0.005258
0.494717	0.769717	0.004933
0.455283	0.780283	0.005019
0.469717	0.780283	0.004743
0.455283	0.794717	0.005019
0.469717	0.794717	0.004743
0.480283	0.780283	0.003746
0.494717	0.780283	0.003524
0.480283	0.794717	0.001889
0.494717	0.794717	0.001795
0.505283	0.705283	0.051455
0.519717	0.705283	0.045903
0.505283	0.719717	0.039502
0.519717	0.719717	0.035402
0.530283	0.705283	0.041839
0.544717	0.705283	0.036287
0.530283	0.719717	0.032400
0.544717	0.719717	0.028300
0.505283	0.730283	0.030751
0.519717	0.730283	0.027714
0.505283	0.744717	0.018797
0.519717	0.744717	0.017212
0.530283	0.730283	0.025490
0.544717	0.730283	0.022453
0.530283	0.744717	0.016052
0.544717	0.744717	0.014467
0.555283	0.705283	0.025870
0.569717	0.705283	0.021204
0.555283	0.719717	0.020622
0.569717	0.719717	0.017188
0.580283	0.705283	0.017788
0.594717	0.705283	0.013121
0.580283	0.719717	0.014674
0.594717	0.719717	0.011240
0.555283	0.730283	0.016781
0.569717	0.730283	0.014249
0.555283	0.744717	0.011533
0.569717	0.744717	0.010233
0.580283	0.730283	0.012395
0.594717	0.730283	0.009863
0.580283	0.744717	0.009282
0.594717	0.744717	0.007981
0.505283	0.755283	0.005656
0.519717	0.755283	0.005020
0.505283	0.769717	0.004154
0.519717	0.769717	0.003705
0.530283	0.755283	0.004554
0.544717	0.755283	0.003919
0.530283	0.769717	0.003376
0.544717	0.769717	0.002927
0.505283	0.780283	0.003054
0.519717	0.780283	0.002742
0.505283	0.794717	0.001552
0.519717	0.794717	0.001427
0.530283	0.780283	0.002514
0.544717	0.780283	0.002202
0.530283	0.794717	0.001336
0.544717	0.794717	0.001211
0.555283	0.755283	0.002748
0.569717	0.755283	0.002232
0.555283	0.769717	0.002102
0.569717	0.769717	0.001738
0.580283	0.755283	0.001854
0.594717	0.755283	0.001337
0.580283	0.769717	0.001472
0.594717	0.769717	0.001108
0.555283	0.780283	0.001629
0.569717	0.780283	0.001377
0.555283	0.794717	0.000983
0.569717	0.794717	0.000884
0.580283	0.780283	0.001192
0.594717	0.780283	0.000940
0.580283	0.794717	0.000811
0.594717	0.794717	0.000711
0.655283	0.605283	0.051891
0.669717	0.605283	0.039458
0.655283	0.619717	0.042920
0.669717	0.619717	0.032645
0.680283	0.605283	0.030356
0.694717	0.605283	0.017924
0.680283	0.619717	0.025123
0.694717	0.619717	0.014848
0.655283	0.630283	0.036353
0.669717	0.630283	0.027658
0.655283	0.644717	0.027382
0.669717	0.644717	0.020845
0.680283	0.630283	0.021292
0.694717	0.630283	0.012597
0.680283	0.644717	0.016059
0.694717	0.644717	0.009522
0.655283	0.655283	0.014674
0.669717	0.655283	0.010915
0.655283	0.669717	0.011632
0.669717	0.669717	0.008727
0.680283	0.655283	0.008163
0.694717	0.655283	0.004404
0.680283	0.669717	0.006600
0.694717	0.669717	0.003695
0.655283	0.680283	0.009406
0.669717	0.680283	0.007126
0.655283	0.694717	0.006364
0.669717	0.694717	0.004938
0.680283	0.680283	0.005456
0.694717	0.680283	0.003176
0.680283	0.694717	0.003894
0.694717	0.694717	0.002468
0.705283	0.605283	0.007966
0.719717	0.605283	0.005711
0.705283	0.619717	0.006638
0.719717	0.619717	0.004782
0.730283	0.605283	0.004060
0.744717	0.605283	0.001805
0.730283	0.619717	0.003423
0.744717	0.619717	0.001566
0.705283	0.630283	0.005667
0.719717	0.630283	0.004102
0.705283	0.644717	0.004340
0.719717	0.644717	0.003172
0.730283	0.630283	0.002956
0.744717	0.630283	0.001391
0.730283	0.644717	0.002318
0.744717	0.644717	0.001151
0.855283	0.155283	0.000000
0.869717	0.155283	0.000000
0.855283	0.169717	0.000000
0.869717	0.169717	0.000000
0.880283	0.155283	0.000000
0.894717	0.155283	0.000000
0.880283	0.169717	0.000000
0.894717	0.169717	0.000000
0.855283	0.180283	0.000000
0.869717	0.180283	0.000000
0.855283	0.194717	0.000000
0.869717	0.194717	0.000000
0.880283	0.180283	0.000000
0.894717	0.180283	0.000000
0.880283	0.194717	0.000000
0.894717	0.194717	0.000000
0.955283	0.105283	0.000000
0.969717	0.105283	0.000000
0.955283	0.119717	0.000000
0.969717	0.119717	0.000000
0.980283	0.105283	0.000000
0.994717	0.105283	0.000000
0.980283	0.119717	0.000000
0.994717	0.119717	0.000000
0.955283	0.130283	0.000000
0.969717	0.130283	0.000000
0.955283	0.144717	0.000000
0.969717	0.144717	0.000000
0.980283	0.130283	0.000000
0.994717	0.130283	0.000000
0.980283	0.144717	0.000000
0.994717	0.144717	0.000000
0.055283	0.305283	-0.178491
0.069717	0.305283	-0.178491
0.055283	0.319717	-0.270245
0.069717	0.319717	-0.270245
0.080283	0.305283	-0.178491
0.094717	0.305283	-0.178491
0.080283	0.319717	-0.270245
0.094717	0.319717	-0.270245
0.055283	0.330283	-0.337413
0.069717	0.330283	-0.337413
0.055283	0.344717	-0.429167
0.069717	0.344717	-0.429167
0.080283	0.330283	-0.337413
0.094717	0.330283	-0.337413
0.080283	0.344717	-0.429167
0.094717	0.344717	-0.429167
0.055283	0.355283	-0.694634
0.069717	0.355283	-0.694634
0.055283	0.369717	-0.867199
0.069717	0.369717	-0.867199
0.080283	0.355283	-0.694634
0.094717	0.355283	-0.694634
0.080283	0.369717	-0.867199
0.094717	0.369717	-0.867199
0.055283	0.380283	-0.993525
0.069717	0.380283	-0.993525
0.055283	0.394717	-1.166089
0.069717	0.394717	-1.166089
0.080283	0.380283	-0.993525
0.094717	0.380283	-0.993525
0.080283	0.394717	-1.166089
0.094717	0.394717	-1.166089
0.655283	0.205283	-0.000015
0.669717	0.205283	-0.000011
0.655283	0.219717	-0.000030
0.669717	0.219717	-0.000021
0.680283	0.205283	-0.000008
0.694717	0.205283	-0.000004
0.680283	0.219717	-0.000015
0.694717	0.219717	-0.000006
0.655283	0.230283	-0.000041
0.669717	0.230283	-0.000029
0.655283	0.244717	-0.000056
0.669717	0.244717	-0.000039
0.680283	0.230283	-0.000020
0.694717	0.230283	-0.000008
0.680283	0.244717	-0.000027
0.694717	0.244717	-0.000010
0.605283	0.255283	-0.000974
0.619717	0.255283	-0.000739
0.605283	0.269717	-0.001559
0.619717	0.269717	-0.001152
0.630283	0.255283	-0.000567
0.644717	0.255283	-0.000333
0.630283	0.269717	-0.000855
0.644717	0.269717	-0.000448
0.605283	0.280283	-0.001987
0.619717	0.280283	-0.001455
0.605283	0.294717	-0.002573
0.619717	0.294717	-0.001868
0.630283	0.280283	-0.001065
0.644717	0.280283	-0.000533
0.630283	0.294717	-0.001353
0.644717	0.294717	-0.000649
0.655283	0.355283	0.003540
0.669717	0.355283	0.003103
0.655283	0.369717	0.006156
0.669717	0.369717	0.005029
0.680283	0.355283	0.002783
0.694717	0.355283	0.002346
0.680283	0.369717	0.004203
0.694717	0.369717	0.003076
0.655283	0.380283	0.008072
0.669717	0.380283	0.006439
0.655283	0.394717	0.010688
0.669717	0.394717	0.008364
0.680283	0.380283	0.005243
0.694717	0.380283	0.003610
0.680283	0.394717	0.006664
0.694717	0.394717	0.004340
0.955283	0.205283	0.000000
0.969717	0.205283	0.000000
0.955283	0.219717	0.000000
0.969717	0.219717	0.000000
0.980283	0.205283	0.000000
0.994717	0.205283	0.000000
0.980283	0.219717	0.000000
0.994717	0.219717	0.000000
0.955283	0.230283	0.000000
0.969717	0.230283	0.000000
0.955283	0.244717	0.000000
0.969717	0.244717	0.000000
0.980283	0.230283	0.000000
0.994717	0.230283	0.000000
0.980283	0.244717	0.000000
0.994717	0.244717	0.000000
0.055283	0.455283	-1.220726
0.069717	0.455283	-1.220726
0.055283	0.469717	-0.909526
0.069717	0.469717	-0.909526
0.080283	0.455283	-1.220726
0.094717	0.455283	-1.220726
0.080283	0.469717	-0.909526
0.094717	0.469717	-0.909526
0.055283	0.480283	-0.681711
0.069717	0.480283	-0.681711
0.055283	0.494717	-0.370511
0.069717	0.494717	-0.370511
0.080283	0.480283	-0.681711
0.094717	0.480283	-0.681711
0.080283	0.494717	-0.370511
0.094717	0.494717	-0.370511
0.055283	0.505283	0.726287
0.069717	0.505283	0.726287
0.055283	0.519717	0.768755
0.069717	0.519717	0.768755
0.080283	0.505283	0.726287
0.094717	0.505283	0.726287
0.080283	0.519717	0.768755
0.094717	0.519717	0.768755
0.055283	0.530283	0.799845
0.069717	0.530283	0.799845
0.055283	0.544717	0.842313
0.069717	0.544717	0.842313
0.080283	0.530283	0.799845
0.094717	0.530283	0.799845
0.080283	0.544717	0.842313
0.094717	0.544717	0.842313
0.005283	0.555283	1.438853
0.019717	0.555283	1.438853
0.005283	0.569717	1.470477
0.019717	0.569717	1.470477
0.030283	0.555283	1.438853
0.044717	0.555283	1.438853
0.030283	0.569717	1.470477
0.044717	0.569717	1.470477
0.005283	0.580283	1.493628
0.019717	0.580283	1.493628
0.005283	0.594717	1.525251
0.019717	0.594717	1.525251
0.030283	0.580283	1.493628
0.044717	0.580283	1.493628
0.030283	0.594717	1.525251
0.044717	0.594717	1.525251
0.055283	0.555283	1.438853
0.069717	0.555283	1.438853
0.055283	0.569717	1.470477
0.069717	0.569717	1.470477
0.080283	0.555283	1.438853
0.094717	0.555283	1.438853
0.080283	0.569717	1.470477
0.094717	0.569717	1.470477
0.055283	0.580283	1.493628
0.069717	0.580283	1.493628
0.055283	0.594717	1.525251
0.069717	0.594717	1.525251
0.080283	0.580283	1.493628
0.094717	0.580283	1.493628
0.080283	0.594717	1.525251
0.094717	0.594717	1.525251
0.555283	0.405283	0.001147
0.569717	0.405283	0.019737
0.555283	0.419717	0.068383
0.569717	0.419717	0.079598
0.580283	0.405283	0.033346
0.594717	0.405283	0.051936
0.580283	0.419717	0.087808
0.594717	0.419717	0.099023
0.555283	0.430283	0.117603
0.569717	0.430283	0.123419
0.555283	0.444717	0.184838
0.569717	0.444717	0.183280
0.580283	0.430283	0.127677
0.594717	0.430283	0.133493
0.580283	0.444717	0.182139
0.594717	0.444717	0.180580
0.505283	0.455283	0.241702
0.519717	0.455283	0.292236
0.505283	0.469717	0.451890
0.519717	0.469717	0.482376
0.530283	0.455283	0.329229
0.544717	0.455283	0.379762
0.530283	0.469717	0.504694
0.544717	0.469717	0.535180
0.505283	0.480283	0.605758
0.519717	0.480283	0.621569
0.505283	0.494717	0.815946
0.519717	0.494717	0.811709
0.530283	0.480283	0.633143
0.544717	0.480283	0.648954
0.530283	0.494717	0.808608
0.544717	0.494717	0.804372
0.555283	0.455283	0.384812
0.569717	0.455283	0.356680
0.555283	0.469717	0.501856
0.569717	0.469717	0.456277
0.580283	0.455283	0.336085
0.594717	0.455283	0.307953
0.580283	0.469717	0.422910
0.594717	0.469717	0.377331
0.555283	0.480283	0.587539
0.569717	0.480283	0.529187
0.555283	0.494717	0.704583
0.569717	0.494717	0.628784
0.580283	0.480283	0.486470
0.594717	0.480283	0.428118
0.580283	0.494717	0.573295
0.594717	0.494717	0.497496
0.455283	0.505283	0.095035
0.469717	0.505283	0.202618
0.455283	0.519717	1.250451
0.469717	0.519717	1.280937
0.480283	0.505283	1.131253
0.494717	0.505283	1.192309
0.480283	0.519717	1.301102
0.494717	0.519717	1.331846
0.455283	0.530283	1.398385
0.469717	0.530283	1.414196
0.455283	0.544717	1.600467
0.469717	0.544717	1.596231
0.480283	0.530283	1.425770
0.494717	0.530283	1.441581
0.480283	0.544717	1.593130
0.494717	0.544717	1.588893
0.255283	0.955283	0.000000
0.269717	0.955283	0.000000
0.255283	0.969717	0.000000
0.269717	0.969717	0.000000
0.280283	0.955283	0.000000
0.294717	0.955283	0.000000
0.280283	0.969717	0.000000
0.294717	0.969717	0.000000
0.255283	0.980283	0.000000
0.269717	0.980283	0.000000
0.255283	0.994717	0.000000
0.269717	0.994717	0.000000
0.280283	0.980283	0.000000
0.294717	0.980283	0.000000
0.280283	0.994717	0.000000
0.294717	0.994717	0.000000
