0.121132	0.021132	0.000010
0.178868	0.021132	0.000010
0.121132	0.078868	-0.000036
0.178868	0.078868	-0.000036
0.121132	0.121132	-0.000069
0.178868	0.121132	-0.000069
0.121132	0.178868	-0.000114
0.178868	0.178868	-0.000114
0.221132	0.021132	0.000009
0.278868	0.021132	0.000011
0.221132	0.078868	-0.000036
0.278868	0.078868	-0.000035
0.321132	0.021132	0.000012
0.378868	0.021132	0.000013
0.321132	0.078868	-0.000035
0.378868	0.078868	-0.000034
0.221132	0.121132	-0.000069
0.278868	0.121132	-0.000069
0.221132	0.178868	-0.000115
0.278868	0.178868	-0.000115
0.421132	0.021132	0.000010
0.478868	0.021132	0.000011
0.421132	0.078868	-0.000034
0.478868	0.078868	-0.000024
0.521132	0.021132	0.000012
0.578868	0.021132	0.000013
0.521132	0.078868	-0.000017
0.578868	0.078868	-0.000008
0.421132	0.121132	-0.000065
0.478868	0.121132	-0.000050
0.421132	0.178868	-0.000108
0.478868	0.178868	-0.000084
0.621132	0.021132	0.000000
0.678868	0.021132	0.000000
0.621132	0.078868	-0.000001
0.678868	0.078868	-0.000000
0.721132	0.021132	0.000000
0.778868	0.021132	-0.000000
0.721132	0.078868	-0.000000
0.778868	0.078868	0.000000
0.621132	0.121132	-0.000002
0.678868	0.121132	-0.000001
0.621132	0.178868	-0.000003
0.678868	0.178868	-0.000002
0.021132	0.221132	0.115958
0.078868	0.221132	0.119001
0.021132	0.278868	-0.204278
0.078868	0.278868	-0.203463
0.721132	0.221132	-0.000538
0.778868	0.221132	0.000277
0.721132	0.278868	0.000150
0.778868	0.278868	0.000373
0.721132	0.321132	0.000652
0.778868	0.321132	0.000443
0.721132	0.378868	0.001340
0.778868	0.378868	0.000539
0.821132	0.221132	-0.000001
0.878868	0.221132	-0.000001
0.821132	0.278868	0.000001
0.878868	0.278868	0.000001
0.921132	0.421132	0.000007
0.978868	0.421132	-0.000010
0.921132	0.478868	0.000008
0.978868	0.478868	-0.000008
0.821132	0.521132	0.000036
0.878868	0.521132	0.000021
0.821132	0.578868	0.000036
0.878868	0.578868	0.000022
0.921132	0.521132	0.000010
0.978868	0.521132	-0.000006
0.921132	0.578868	0.000011
0.978868	0.578868	-0.000003
0.021132	0.621132	0.662735
0.078868	0.621132	0.662650
0.021132	0.678868	0.410806
0.078868	0.678868	0.410783
0.021132	0.721132	0.226381
0.078868	0.721132	0.226404
0.021132	0.778868	-0.025549
0.078868	0.778868	-0.025464
0.121132	0.721132	0.226420
0.178868	0.721132	0.226443
0.121132	0.778868	-0.025401
0.178868	0.778868	-0.025316
0.321132	0.621132	0.667683
0.378868	0.621132	0.671041
0.321132	0.678868	0.412330
0.378868	0.678868	0.413347
0.221132	0.721132	0.226603
0.278868	0.721132	0.225908
0.221132	0.778868	-0.024696
0.278868	0.778868	-0.027732
0.721132	0.721132	0.005547
0.778868	0.721132	-0.004441
0.721132	0.778868	-0.004132
0.778868	0.778868	0.003245
0.921132	0.621132	0.000003
0.978868	0.621132	-0.000004
0.921132	0.678868	0.000002
0.978868	0.678868	-0.000002
0.121132	0.921132	0.000051
0.178868	0.921132	0.000051
0.121132	0.978868	-0.000014
0.178868	0.978868	-0.000014
0.321132	0.821132	0.000163
0.378868	0.821132	0.000163
0.321132	0.878868	0.000099
0.378868	0.878868	0.000099
0.160566	0.360566	-0.712686
0.189434	0.360566	-0.712685
0.160566	0.389434	-0.982545
0.189434	0.389434	-0.982544
0.210566	0.210566	-0.000983
0.239434	0.210566	-0.000884
0.210566	0.239434	-0.021551
0.239434	0.239434	-0.021515
0.260566	0.210566	-0.000812
0.289434	0.210566	-0.000714
0.260566	0.239434	-0.021488
0.289434	0.239434	-0.021452
0.210566	0.260566	-0.036608
0.239434	0.260566	-0.036617
0.210566	0.289434	-0.057176
0.239434	0.289434	-0.057248
0.360566	0.260566	-0.035739
0.389434	0.260566	-0.035296
0.360566	0.289434	-0.055952
0.389434	0.289434	-0.055240
0.210566	0.310566	-0.245271
0.239434	0.310566	-0.245129
0.210566	0.339434	-0.515238
0.239434	0.339434	-0.514950
0.260566	0.310566	-0.245026
0.289434	0.310566	-0.244885
0.260566	0.339434	-0.514739
0.289434	0.339434	-0.514451
0.210566	0.360566	-0.712867
0.239434	0.360566	-0.712472
0.210566	0.389434	-0.982834
0.239434	0.389434	-0.982292
0.310566	0.310566	-0.249890
0.339434	0.310566	-0.230639
0.310566	0.339434	-0.515848
0.339434	0.339434	-0.503421
0.310566	0.360566	-0.710543
0.339434	0.360566	-0.703112
0.310566	0.389434	-0.976501
0.339434	0.389434	-0.975894
0.360566	0.360566	-0.697672
0.389434	0.360566	-0.690241
0.360566	0.389434	-0.975450
0.389434	0.389434	-0.974843
0.410566	0.210566	-0.001409
0.439434	0.210566	-0.000869
0.410566	0.239434	-0.019612
0.439434	0.239434	-0.016689
0.460566	0.210566	-0.000474
0.489434	0.210566	0.000066
0.460566	0.239434	-0.014550
0.489434	0.239434	-0.011627
0.410566	0.260566	-0.034694
0.439434	0.260566	-0.029797
0.410566	0.289434	-0.052896
0.439434	0.289434	-0.045617
0.510566	0.210566	-0.000554
0.539434	0.210566	-0.000199
0.510566	0.239434	-0.008766
0.539434	0.239434	-0.006086
0.510566	0.260566	-0.014779
0.539434	0.260566	-0.010395
0.510566	0.289434	-0.022991
0.539434	0.289434	-0.016282
0.560566	0.360566	-0.078973
0.589434	0.360566	-0.019199
0.560566	0.389434	-0.107199
0.589434	0.389434	-0.024784
0.110566	0.410566	-1.578867
0.139434	0.410566	-1.578866
0.110566	0.439434	-1.282788
0.139434	0.439434	-1.282787
0.160566	0.410566	-1.578866
0.189434	0.410566	-1.578865
0.160566	0.439434	-1.282786
0.189434	0.439434	-1.282785
0.110566	0.460566	-1.066043
0.139434	0.460566	-1.066042
0.110566	0.489434	-0.769965
0.139434	0.489434	-0.769963
0.160566	0.460566	-1.066041
0.189434	0.460566	-1.066040
0.160566	0.489434	-0.769962
0.189434	0.489434	-0.769961
0.110566	0.510566	0.770035
0.139434	0.510566	0.770035
0.110566	0.539434	1.065502
0.139434	0.539434	1.065504
0.160566	0.510566	0.770035
0.189434	0.510566	0.770034
0.160566	0.539434	1.065505
0.189434	0.539434	1.065507
0.110566	0.560566	1.281799
0.139434	0.560566	1.281802
0.110566	0.589434	1.577266
0.139434	0.589434	1.577271
0.210566	0.460566	-1.066422
0.239434	0.460566	-1.065465
0.210566	0.489434	-0.770558
0.239434	0.489434	-0.769939
0.260566	0.460566	-1.064764
0.289434	0.460566	-1.063807
0.260566	0.489434	-0.769486
0.289434	0.489434	-0.768867
0.310566	0.410566	-1.571722
0.339434	0.410566	-1.543716
0.310566	0.439434	-1.275155
0.339434	0.439434	-1.243164
0.360566	0.410566	-1.523214
0.389434	0.410566	-1.495207
0.360566	0.439434	-1.219745
0.389434	0.439434	-1.187753
0.310566	0.460566	-1.058052
0.339434	0.460566	-1.023144
0.310566	0.489434	-0.761484
0.339434	0.489434	-0.722592
0.360566	0.460566	-0.997590
0.389434	0.460566	-0.962682
0.360566	0.489434	-0.694120
0.389434	0.489434	-0.655228
0.210566	0.510566	0.769996
0.239434	0.510566	0.770550
0.210566	0.539434	1.065478
0.239434	0.539434	1.065913
0.260566	0.510566	0.770955
0.289434	0.510566	0.771508
0.260566	0.539434	1.066232
0.289434	0.539434	1.066667
0.210566	0.560566	1.281785
0.239434	0.560566	1.282134
0.210566	0.589434	1.577266
0.239434	0.589434	1.577498
0.260566	0.560566	1.282390
0.289434	0.560566	1.282739
0.260566	0.589434	1.577667
0.289434	0.589434	1.577898
0.310566	0.510566	0.777517
0.339434	0.510566	0.807610
0.310566	0.539434	1.071450
0.339434	0.539434	1.094183
0.360566	0.510566	0.829640
0.389434	0.510566	0.859734
0.360566	0.539434	1.110824
0.389434	0.539434	1.133557
0.310566	0.560566	1.286624
0.339434	0.560566	1.303968
0.310566	0.589434	1.580556
0.339434	0.589434	1.590540
0.360566	0.560566	1.316665
0.389434	0.560566	1.334010
0.360566	0.589434	1.597849
0.389434	0.589434	1.607833
0.410566	0.410566	-1.298446
0.439434	0.410566	-1.089130
0.410566	0.439434	-0.986656
0.439434	0.439434	-0.768765
0.460566	0.410566	-0.935899
0.489434	0.410566	-0.726583
0.460566	0.439434	-0.609257
0.489434	0.439434	-0.391366
0.410566	0.460566	-0.728316
0.439434	0.460566	-0.503320
0.410566	0.489434	-0.416526
0.439434	0.489434	-0.182955
0.460566	0.460566	-0.338611
0.489434	0.460566	-0.113614
0.460566	0.489434	-0.011968
0.489434	0.489434	0.221603
0.510566	0.510566	1.419040
0.539434	0.510566	1.231699
0.510566	0.539434	1.406962
0.539434	0.539434	1.201994
0.560566	0.510566	1.094556
0.589434	0.510566	0.907215
0.560566	0.539434	1.051946
0.589434	0.539434	0.846978
0.510566	0.560566	1.398120
0.539434	0.560566	1.180247
0.510566	0.589434	1.386042
0.539434	0.589434	1.150542
0.560566	0.560566	1.020754
0.589434	0.560566	0.802881
0.560566	0.589434	0.978144
0.589434	0.589434	0.742644
0.610566	0.410566	0.079921
0.639434	0.410566	0.059499
0.610566	0.439434	0.164858
0.639434	0.439434	0.118712
0.660566	0.410566	0.044549
0.689434	0.410566	0.024127
0.660566	0.439434	0.084931
0.689434	0.439434	0.038785
0.610566	0.460566	0.227036
0.639434	0.460566	0.162059
0.610566	0.489434	0.311973
0.639434	0.489434	0.221272
0.660566	0.460566	0.114492
0.689434	0.460566	0.049515
0.660566	0.489434	0.154874
0.689434	0.489434	0.064172
0.710566	0.410566	0.005827
0.739434	0.410566	0.003741
0.710566	0.439434	0.009179
0.739434	0.439434	0.005878
0.760566	0.410566	0.002214
0.789434	0.410566	0.000129
0.760566	0.439434	0.003461
0.789434	0.439434	0.000160
0.710566	0.460566	0.011633
0.739434	0.460566	0.007442
0.710566	0.489434	0.014985
0.739434	0.489434	0.009578
0.760566	0.460566	0.004374
0.789434	0.460566	0.000183
0.760566	0.489434	0.005621
0.789434	0.489434	0.000214
0.610566	0.510566	0.434626
0.639434	0.510566	0.304490
0.610566	0.539434	0.396782
0.639434	0.539434	0.277240
0.660566	0.510566	0.209223
0.689434	0.510566	0.079086
0.660566	0.539434	0.189729
0.689434	0.539434	0.070186
0.610566	0.560566	0.369079
0.639434	0.560566	0.257291
0.610566	0.589434	0.331235
0.639434	0.589434	0.230042
0.660566	0.560566	0.175458
0.689434	0.560566	0.063670
0.660566	0.589434	0.155963
0.689434	0.589434	0.054770
0.710566	0.510566	0.018163
0.739434	0.510566	0.011566
0.710566	0.539434	0.016066
0.739434	0.539434	0.010227
0.760566	0.510566	0.006736
0.789434	0.510566	0.000139
0.760566	0.539434	0.005953
0.789434	0.539434	0.000114
0.710566	0.560566	0.014530
0.739434	0.560566	0.009247
0.710566	0.589434	0.012432
0.739434	0.589434	0.007908
0.760566	0.560566	0.005379
0.789434	0.560566	0.000096
0.760566	0.589434	0.004595
0.789434	0.589434	0.000071
0.110566	0.610566	0.608696
0.139434	0.610566	0.608696
0.110566	0.639434	0.609271
0.139434	0.639434	0.609271
0.160566	0.610566	0.608696
0.189434	0.610566	0.608696
0.160566	0.639434	0.609271
0.189434	0.639434	0.609271
0.110566	0.660566	0.609691
0.139434	0.660566	0.609691
0.110566	0.689434	0.610266
0.139434	0.689434	0.610266
0.160566	0.660566	0.609691
0.189434	0.660566	0.609692
0.160566	0.689434	0.610266
0.189434	0.689434	0.610266
0.210566	0.610566	0.608692
0.239434	0.610566	0.608768
0.210566	0.639434	0.609268
0.239434	0.639434	0.609318
0.260566	0.610566	0.608824
0.289434	0.610566	0.608900
0.260566	0.639434	0.609355
0.289434	0.639434	0.609405
0.210566	0.660566	0.609690
0.239434	0.660566	0.609721
0.210566	0.689434	0.610266
0.239434	0.689434	0.610271
0.260566	0.660566	0.609744
0.289434	0.660566	0.609775
0.260566	0.689434	0.610275
0.289434	0.689434	0.610280
0.310566	0.710566	0.054483
0.339434	0.710566	0.054414
0.310566	0.739434	0.034886
0.339434	0.739434	0.034840
0.360566	0.710566	0.054363
0.389434	0.710566	0.054294
0.360566	0.739434	0.034807
0.389434	0.739434	0.034761
0.310566	0.760566	0.020541
0.339434	0.760566	0.020512
0.310566	0.789434	0.000944
0.339434	0.789434	0.000939
0.360566	0.760566	0.020491
0.389434	0.760566	0.020462
0.360566	0.789434	0.000934
0.389434	0.789434	0.000929
0.410566	0.610566	0.989136
0.439434	0.610566	0.962215
0.410566	0.639434	0.721375
0.439434	0.639434	0.700327
0.460566	0.610566	0.942508
0.489434	0.610566	0.915587
0.460566	0.639434	0.684919
0.489434	0.639434	0.663871
0.410566	0.660566	0.499515
0.439434	0.660566	0.483334
0.410566	0.689434	0.231754
0.439434	0.689434	0.221445
0.460566	0.660566	0.471488
0.489434	0.660566	0.455306
0.460566	0.689434	0.213899
0.489434	0.689434	0.203590
0.510566	0.610566	0.751804
0.539434	0.610566	0.615684
0.510566	0.639434	0.533256
0.539434	0.639434	0.436042
0.560566	0.610566	0.516038
0.589434	0.610566	0.379919
0.560566	0.639434	0.364876
0.589434	0.639434	0.267661
0.510566	0.660566	0.373268
0.539434	0.660566	0.304534
0.510566	0.689434	0.154720
0.539434	0.689434	0.124891
0.560566	0.660566	0.254217
0.589434	0.660566	0.185483
0.560566	0.689434	0.103055
0.589434	0.689434	0.073226
0.410566	0.710566	0.052643
0.439434	0.710566	0.050146
0.410566	0.739434	0.034433
0.439434	0.739434	0.032791
0.460566	0.710566	0.048318
0.489434	0.710566	0.045821
0.460566	0.739434	0.031590
0.489434	0.739434	0.029948
0.410566	0.760566	0.019345
0.439434	0.760566	0.018412
0.410566	0.789434	0.001134
0.439434	0.789434	0.001057
0.460566	0.760566	0.017729
0.489434	0.760566	0.016796
0.460566	0.789434	0.001001
0.489434	0.789434	0.000924
0.510566	0.710566	0.035628
0.539434	0.710566	0.028660
0.510566	0.739434	0.022771
0.539434	0.739434	0.018315
0.560566	0.710566	0.023560
0.589434	0.710566	0.016592
0.560566	0.739434	0.015054
0.589434	0.739434	0.010599
0.510566	0.760566	0.013358
0.539434	0.760566	0.010742
0.510566	0.789434	0.000500
0.539434	0.789434	0.000397
0.560566	0.760566	0.008827
0.589434	0.760566	0.006211
0.560566	0.789434	0.000322
0.589434	0.789434	0.000218
0.610566	0.610566	0.164781
0.639434	0.610566	0.114031
0.610566	0.639434	0.115699
0.639434	0.639434	0.080030
0.660566	0.610566	0.076880
0.689434	0.610566	0.026130
0.660566	0.639434	0.053918
0.689434	0.639434	0.018249
0.610566	0.660566	0.079768
0.639434	0.660566	0.055139
0.610566	0.689434	0.030686
0.639434	0.689434	0.021138
0.660566	0.660566	0.037109
0.689434	0.660566	0.012480
0.660566	0.689434	0.014148
0.689434	0.689434	0.004599
0.710566	0.610566	0.005907
0.739434	0.610566	0.003759
0.710566	0.639434	0.004122
0.739434	0.639434	0.002623
0.760566	0.610566	0.002186
0.789434	0.610566	0.000039
0.760566	0.639434	0.001525
0.789434	0.639434	0.000026
0.710566	0.660566	0.002816
0.739434	0.660566	0.001791
0.710566	0.689434	0.001031
0.739434	0.689434	0.000655
0.760566	0.660566	0.001041
0.789434	0.660566	0.000017
0.760566	0.689434	0.000380
0.789434	0.689434	0.000005
0.610566	0.710566	0.006809
0.639434	0.710566	0.004632
0.610566	0.739434	0.004355
0.639434	0.739434	0.002966
0.660566	0.710566	0.003038
0.689434	0.710566	0.000860
0.660566	0.739434	0.001950
0.689434	0.739434	0.000561
0.610566	0.760566	0.002558
0.639434	0.760566	0.001747
0.610566	0.789434	0.000104
0.639434	0.789434	0.000082
0.660566	0.760566	0.001154
0.689434	0.760566	0.000343
0.660566	0.789434	0.000066
0.689434	0.789434	0.000044
0.010566	0.010566	-0.000000
0.039434	0.010566	-0.000000
0.010566	0.039434	-0.000000
0.039434	0.039434	-0.000000
0.060566	0.010566	-0.000000
0.089434	0.010566	-0.000000
0.060566	0.039434	-0.000000
0.089434	0.039434	-0.000000
0.010566	0.060566	-0.000000
0.039434	0.060566	-0.000000
0.010566	0.089434	-0.000000
0.039434	0.089434	-0.000000
0.060566	0.060566	-0.000000
0.089434	0.060566	-0.000000
0.060566	0.089434	-0.000000
0.089434	0.089434	-0.000000
0.010566	0.110566	-0.000105
0.039434	0.110566	-0.000105
0.010566	0.139434	-0.000105
0.039434	0.139434	-0.000105
0.060566	0.110566	-0.000105
0.089434	0.110566	-0.000105
0.060566	0.139434	-0.000105
0.089434	0.139434	-0.000105
0.010566	0.160566	-0.000105
0.039434	0.160566	-0.000105
0.010566	0.189434	-0.000105
0.039434	0.189434	-0.000105
0.060566	0.160566	-0.000105
0.089434	0.160566	-0.000105
0.060566	0.189434	-0.000105
0.089434	0.189434	-0.000105
0.310566	0.110566	-0.000087
0.339434	0.110566	-0.000087
0.310566	0.139434	-0.000100
0.339434	0.139434	-0.000099
0.360566	0.110566	-0.000087
0.389434	0.110566	-0.000087
0.360566	0.139434	-0.000098
0.389434	0.139434	-0.000097
0.310566	0.160566	-0.000110
0.339434	0.160566	-0.000108
0.310566	0.189434	-0.000122
0.339434	0.189434	-0.000120
0.360566	0.160566	-0.000106
0.389434	0.160566	-0.000105
0.360566	0.189434	-0.000118
0.389434	0.189434	-0.000115
0.510566	0.110566	0.000004
0.539434	0.110566	0.000002
0.510566	0.139434	-0.000045
0.539434	0.139434	-0.000033
0.560566	0.110566	0.000001
0.589434	0.110566	-0.000001
0.560566	0.139434	-0.000025
0.589434	0.139434	-0.000013
0.510566	0.160566	-0.000080
0.539434	0.160566	-0.000059
0.510566	0.189434	-0.000129
0.539434	0.189434	-0.000094
0.560566	0.160566	-0.000044
0.589434	0.160566	-0.000022
0.560566	0.189434	-0.000069
0.589434	0.189434	-0.000035
0.710566	0.110566	0.000000
0.739434	0.110566	0.000000
0.710566	0.139434	-0.000000
0.739434	0.139434	-0.000000
0.760566	0.110566	0.000000
0.789434	0.110566	-0.000000
0.760566	0.139434	-0.000000
0.789434	0.139434	0.000000
0.710566	0.160566	-0.000000
0.739434	0.160566	-0.000000
0.710566	0.189434	-0.000000
0.739434	0.189434	-0.000000
0.760566	0.160566	-0.000000
0.789434	0.160566	0.000000
0.760566	0.189434	-0.000000
0.789434	0.189434	0.000000
0.810566	0.010566	0.000000
0.839434	0.010566	0.000000
0.810566	0.039434	-0.000000
0.839434	0.039434	-0.000000
0.860566	0.010566	0.000000
0.889434	0.010566	-0.000000
0.860566	0.039434	-0.000000
0.889434	0.039434	0.000000
0.810566	0.060566	-0.000000
0.839434	0.060566	-0.000000
0.810566	0.089434	-0.000000
0.839434	0.089434	-0.000000
0.860566	0.060566	-0.000000
0.889434	0.060566	0.000000
0.860566	0.089434	-0.000000
0.889434	0.089434	0.000000
0.910566	0.010566	-0.000000
0.939434	0.010566	-0.000000
0.910566	0.039434	-0.000000
0.939434	0.039434	-0.000000
0.960566	0.010566	-0.000000
0.989434	0.010566	0.000000
0.960566	0.039434	0.000000
0.989434	0.039434	0.000000
0.910566	0.060566	0.000000
0.939434	0.060566	0.000000
0.910566	0.089434	0.000000
0.939434	0.089434	0.000000
0.960566	0.060566	0.000000
0.989434	0.060566	0.000000
0.960566	0.089434	0.000000
0.989434	0.089434	0.000000
0.810566	0.110566	-0.000000
0.839434	0.110566	-0.000000
0.810566	0.139434	-0.000000
0.839434	0.139434	-0.000000
0.860566	0.110566	-0.000000
0.889434	0.110566	0.000000
0.860566	0.139434	0.000000
0.889434	0.139434	0.000000
0.810566	0.160566	0.000000
0.839434	0.160566	0.000000
0.810566	0.189434	0.000000
0.839434	0.189434	0.000000
0.860566	0.160566	0.000000
0.889434	0.160566	0.000000
0.860566	0.189434	0.000000
0.889434	0.189434	0.000000
0.910566	0.110566	-0.000000
0.939434	0.110566	-0.000000
0.910566	0.139434	0.000000
0.939434	0.139434	0.000000
0.960566	0.110566	-0.000000
0.989434	0.110566	0.000000
0.960566	0.139434	0.000000
0.989434	0.139434	-0.000000
0.910566	0.160566	0.000000
0.939434	0.160566	0.000000
0.910566	0.189434	0.000000
0.939434	0.189434	0.000000
0.960566	0.160566	0.000000
0.989434	0.160566	-0.000000
0.960566	0.189434	0.000000
0.989434	0.189434	-0.000000
0.110566	0.210566	-0.000964
0.139434	0.210566	-0.000964
0.110566	0.239434	-0.021542
0.139434	0.239434	-0.021542
0.160566	0.210566	-0.000964
0.189434	0.210566	-0.000964
0.160566	0.239434	-0.021542
0.189434	0.239434	-0.021542
0.110566	0.260566	-0.036606
0.139434	0.260566	-0.036606
0.110566	0.289434	-0.057183
0.139434	0.289434	-0.057183
0.160566	0.260566	-0.036606
0.189434	0.260566	-0.036606
0.160566	0.289434	-0.057183
0.189434	0.289434	-0.057183
0.010566	0.310566	-0.245278
0.039434	0.310566	-0.245278
0.010566	0.339434	-0.515136
0.039434	0.339434	-0.515136
0.060566	0.310566	-0.245278
0.089434	0.310566	-0.245278
0.060566	0.339434	-0.515136
0.089434	0.339434	-0.515136
0.010566	0.360566	-0.712686
0.039434	0.360566	-0.712686
0.010566	0.389434	-0.982545
0.039434	0.389434	-0.982545
0.060566	0.360566	-0.712686
0.089434	0.360566	-0.712686
0.060566	0.389434	-0.982545
0.089434	0.389434	-0.982545
0.610566	0.210566	-0.000075
0.639434	0.210566	-0.000050
0.610566	0.239434	-0.000679
0.639434	0.239434	-0.000436
0.660566	0.210566	-0.000032
0.689434	0.210566	-0.000008
0.660566	0.239434	-0.000258
0.689434	0.239434	-0.000015
0.610566	0.260566	-0.001120
0.639434	0.260566	-0.000718
0.610566	0.289434	-0.001724
0.639434	0.289434	-0.001103
0.660566	0.260566	-0.000423
0.689434	0.260566	-0.000021
0.660566	0.289434	-0.000649
0.689434	0.289434	-0.000028
0.610566	0.310566	-0.005875
0.639434	0.310566	-0.003558
0.610566	0.339434	-0.001436
0.639434	0.339434	-0.000038
0.660566	0.310566	-0.001862
0.689434	0.310566	0.000455
0.660566	0.339434	0.000985
0.689434	0.339434	0.002383
0.610566	0.360566	0.001814
0.639434	0.360566	0.002539
0.610566	0.389434	0.006253
0.639434	0.389434	0.006059
0.660566	0.360566	0.003070
0.689434	0.360566	0.003795
0.660566	0.389434	0.005917
0.689434	0.389434	0.005723
0.910566	0.210566	-0.000000
0.939434	0.210566	-0.000000
0.910566	0.239434	0.000000
0.939434	0.239434	0.000000
0.960566	0.210566	-0.000000
0.989434	0.210566	0.000000
0.960566	0.239434	0.000000
0.989434	0.239434	-0.000000
0.910566	0.260566	0.000000
0.939434	0.260566	0.000000
0.910566	0.289434	0.000000
0.939434	0.289434	0.000000
0.960566	0.260566	0.000000
0.989434	0.260566	-0.000000
0.960566	0.289434	0.000000
0.989434	0.289434	-0.000000
0.810566	0.310566	0.000001
0.839434	0.310566	0.000001
0.810566	0.339434	0.000006
0.839434	0.339434	0.000003
0.860566	0.310566	0.000000
0.889434	0.310566	-0.000000
0.860566	0.339434	0.000002
0.889434	0.339434	-0.000000
0.810566	0.360566	0.000009
0.839434	0.360566	0.000005
0.810566	0.389434	0.000013
0.839434	0.389434	0.000008
0.860566	0.360566	0.000003
0.889434	0.360566	-0.000000
0.860566	0.389434	0.000004
0.889434	0.389434	-0.000001
0.910566	0.310566	0.000000
0.939434	0.310566	0.000000
0.910566	0.339434	0.000000
0.939434	0.339434	0.000000
0.960566	0.310566	0.000000
0.989434	0.310566	-0.000000
0.960566	0.339434	0.000000
0.989434	0.339434	-0.000000
0.910566	0.360566	0.000000
0.939434	0.360566	0.000000
0.910566	0.389434	0.000000
0.939434	0.389434	0.000000
0.960566	0.360566	0.000000
0.989434	0.360566	-0.000000
0.960566	0.389434	0.000000
0.989434	0.389434	-0.000000
0.010566	0.410566	-1.578867
0.039434	0.410566	-1.578867
0.010566	0.439434	-1.282788
0.039434	0.439434	-1.282788
0.060566	0.410566	-1.578867
0.089434	0.410566	-1.578867
0.060566	0.439434	-1.282788
0.089434	0.439434	-1.282788
0.010566	0.460566	-1.066043
0.039434	0.460566	-1.066043
0.010566	0.489434	-0.769964
0.039434	0.489434	-0.769964
0.060566	0.460566	-1.066043
0.089434	0.460566	-1.066043
0.060566	0.489434	-0.769964
0.089434	0.489434	-0.769964
0.010566	0.510566	0.770035
0.039434	0.510566	0.770035
0.010566	0.539434	1.065503
0.039434	0.539434	1.065503
0.060566	0.510566	0.770035
0.089434	0.510566	0.770035
0.060566	0.539434	1.065503
0.089434	0.539434	1.065503
0.010566	0.560566	1.281800
0.039434	0.560566	1.281800
0.010566	0.589434	1.577268
0.039434	0.589434	1.577268
0.060566	0.560566	1.281800
0.089434	0.560566	1.281800
0.060566	0.589434	1.577268
0.089434	0.589434	1.577268
0.510566	0.410566	-0.267736
0.539434	0.410566	-0.141244
0.510566	0.439434	0.054144
0.539434	0.439434	0.130455
0.560566	0.410566	-0.048646
0.589434	0.410566	0.077846
0.560566	0.439434	0.186319
0.589434	0.439434	0.262630
0.510566	0.460566	0.289777
0.539434	0.460566	0.329353
0.510566	0.489434	0.611657
0.539434	0.489434	0.601053
0.560566	0.460566	0.358325
0.589434	0.460566	0.397901
0.560566	0.489434	0.593290
0.589434	0.489434	0.582685
0.410566	0.510566	1.045155
0.439434	0.510566	1.169643
0.410566	0.539434	1.259771
0.439434	0.539434	1.336728
0.460566	0.510566	1.260775
0.489434	0.510566	1.385264
0.460566	0.539434	1.393064
0.489434	0.539434	1.470020
0.410566	0.560566	1.437596
0.439434	0.560566	1.475169
0.410566	0.589434	1.652212
0.439434	0.589434	1.642253
0.460566	0.560566	1.502674
0.489434	0.560566	1.540247
0.460566	0.589434	1.634963
0.489434	0.589434	1.625004
0.810566	0.410566	0.000038
0.839434	0.410566	0.000023
0.810566	0.439434	0.000055
0.839434	0.439434	0.000034
0.860566	0.410566	0.000013
0.889434	0.410566	-0.000002
0.860566	0.439434	0.000019
0.889434	0.439434	-0.000003
0.810566	0.460566	0.000068
0.839434	0.460566	0.000042
0.810566	0.489434	0.000086
0.839434	0.489434	0.000053
0.860566	0.460566	0.000023
0.889434	0.460566	-0.000003
0.860566	0.489434	0.000029
0.889434	0.489434	-0.000004
0.810566	0.610566	0.000029
0.839434	0.610566	0.000018
0.810566	0.639434	0.000020
0.839434	0.639434	0.000013
0.860566	0.610566	0.000010
0.889434	0.610566	-0.000002
0.860566	0.639434	0.000007
0.889434	0.639434	-0.000001
0.810566	0.660566	0.000014
0.839434	0.660566	0.000009
0.810566	0.689434	0.000005
0.839434	0.689434	0.000003
0.860566	0.660566	0.000005
0.889434	0.660566	-0.000001
0.860566	0.689434	0.000002
0.889434	0.689434	-0.000000
0.810566	0.710566	0.000001
0.839434	0.710566	0.000001
0.810566	0.739434	0.000001
0.839434	0.739434	0.000000
0.860566	0.710566	0.000000
0.889434	0.710566	-0.000000
0.860566	0.739434	0.000000
0.889434	0.739434	-0.000000
0.810566	0.760566	0.000000
0.839434	0.760566	0.000000
0.810566	0.789434	0.000000
0.839434	0.789434	0.000000
0.860566	0.760566	0.000000
0.889434	0.760566	-0.000000
0.860566	0.789434	0.000000
0.889434	0.789434	-0.000000
0.910566	0.710566	0.000000
0.939434	0.710566	0.000000
0.910566	0.739434	0.000000
0.939434	0.739434	0.000000
0.960566	0.710566	0.000000
0.989434	0.710566	-0.000000
0.960566	0.739434	0.000000
0.989434	0.739434	-0.000000
0.910566	0.760566	0.000000
0.939434	0.760566	0.000000
0.910566	0.789434	0.000000
0.939434	0.789434	0.000000
0.960566	0.760566	0.000000
0.989434	0.760566	-0.000000
0.960566	0.789434	0.000000
0.989434	0.789434	-0.000000
0.010566	0.810566	0.000150
0.039434	0.810566	0.000150
0.010566	0.839434	0.000150
0.039434	0.839434	0.000150
0.060566	0.810566	0.000150
0.089434	0.810566	0.000150
0.060566	0.839434	0.000150
0.089434	0.839434	0.000150
0.010566	0.860566	0.000150
0.039434	0.860566	0.000150
0.010566	0.889434	0.000150
0.039434	0.889434	0.000150
0.060566	0.860566	0.000150
0.089434	0.860566	0.000150
0.060566	0.889434	0.000150
0.089434	0.889434	0.000150
0.110566	0.810566	0.000150
0.139434	0.810566	0.000150
0.110566	0.839434	0.000150
0.139434	0.839434	0.000150
0.160566	0.810566	0.000150
0.189434	0.810566	0.000150
0.160566	0.839434	0.000150
0.189434	0.839434	0.000150
0.110566	0.860566	0.000150
0.139434	0.860566	0.000150
0.110566	0.889434	0.000150
0.139434	0.889434	0.000150
0.160566	0.860566	0.000150
0.189434	0.860566	0.000150
0.160566	0.889434	0.000150
0.189434	0.889434	0.000150
0.010566	0.910566	0.000000
0.039434	0.910566	0.000000
0.010566	0.939434	0.000000
0.039434	0.939434	0.000000
0.060566	0.910566	0.000000
0.089434	0.910566	0.000000
0.060566	0.939434	0.000000
0.089434	0.939434	0.000000
0.010566	0.960566	0.000000
0.039434	0.960566	0.000000
0.010566	0.989434	0.000000
0.039434	0.989434	0.000000
0.060566	0.960566	0.000000
0.089434	0.960566	0.000000
0.060566	0.989434	0.000000
0.089434	0.989434	0.000000
0.210566	0.810566	0.000150
0.239434	0.810566	0.000150
0.210566	0.839434	0.000150
0.239434	0.839434	0.000150
0.260566	0.810566	0.000150
0.289434	0.810566	0.000150
0.260566	0.839434	0.000150
0.289434	0.839434	0.000150
0.210566	0.860566	0.000150
0.239434	0.860566	0.000150
0.210566	0.889434	0.000150
0.239434	0.889434	0.000150
0.260566	0.860566	0.000150
0.289434	0.860566	0.000150
0.260566	0.889434	0.000150
0.289434	0.889434	0.000150
0.210566	0.910566	0.000000
0.239434	0.910566	0.000000
0.210566	0.939434	0.000000
0.239434	0.939434	0.000000
0.260566	0.910566	0.000000
0.289434	0.910566	0.000000
0.260566	0.939434	0.000000
0.289434	0.939434	0.000000
0.210566	0.960566	0.000000
0.239434	0.960566	0.000000
0.210566	0.989434	-0.000000
0.239434	0.989434	-0.000000
0.260566	0.960566	0.000000
0.289434	0.960566	0.000000
0.260566	0.989434	-0.000000
0.289434	0.989434	-0.000000
0.310566	0.910566	0.000000
0.339434	0.910566	0.000000
0.310566	0.939434	0.000000
0.339434	0.939434	0.000000
0.360566	0.910566	0.000000
0.389434	0.910566	0.000000
0.360566	0.939434	0.000000
0.389434	0.939434	0.000000
0.310566	0.960566	0.000000
0.339434	0.960566	0.000000
0.310566	0.989434	-0.000000
0.339434	0.989434	-0.000000
0.360566	0.960566	0.000000
0.389434	0.960566	0.000000
0.360566	0.989434	-0.000000
0.389434	0.989434	-0.000000
0.410566	0.810566	0.000309
0.439434	0.810566	0.000292
0.410566	0.839434	0.000195
0.439434	0.839434	0.000184
0.460566	0.810566	0.000280
0.489434	0.810566	0.000263
0.460566	0.839434	0.000176
0.489434	0.839434	0.000166
0.410566	0.860566	0.000100
0.439434	0.860566	0.000095
0.410566	0.889434	-0.000014
0.439434	0.889434	-0.000013
0.460566	0.860566	0.000091
0.489434	0.860566	0.000085
0.460566	0.889434	-0.000013
0.489434	0.889434	-0.000012
0.510566	0.810566	0.000199
0.539434	0.810566	0.000159
0.510566	0.839434	0.000123
0.539434	0.839434	0.000098
0.560566	0.810566	0.000130
0.589434	0.810566	0.000090
0.560566	0.839434	0.000080
0.589434	0.839434	0.000055
0.510566	0.860566	0.000067
0.539434	0.860566	0.000053
0.510566	0.889434	-0.000010
0.539434	0.889434	-0.000008
0.560566	0.860566	0.000043
0.589434	0.860566	0.000030
0.560566	0.889434	-0.000007
0.589434	0.889434	-0.000005
0.410566	0.910566	0.000000
0.439434	0.910566	0.000000
0.410566	0.939434	0.000000
0.439434	0.939434	0.000000
0.460566	0.910566	0.000000
0.489434	0.910566	0.000000
0.460566	0.939434	0.000000
0.489434	0.939434	0.000000
0.410566	0.960566	0.000000
0.439434	0.960566	0.000000
0.410566	0.989434	-0.000000
0.439434	0.989434	-0.000000
0.460566	0.960566	0.000000
0.489434	0.960566	0.000000
0.460566	0.989434	-0.000000
0.489434	0.989434	-0.000000
0.510566	0.910566	0.000000
0.539434	0.910566	0.000000
0.510566	0.939434	0.000000
0.539434	0.939434	0.000000
0.560566	0.910566	0.000000
0.589434	0.910566	0.000000
0.560566	0.939434	0.000000
0.589434	0.939434	0.000000
0.510566	0.960566	0.000000
0.539434	0.960566	0.000000
0.510566	0.989434	-0.000000
0.539434	0.989434	-0.000000
0.560566	0.960566	0.000000
0.589434	0.960566	0.000000
0.560566	0.989434	-0.000000
0.589434	0.989434	-0.000000
0.610566	0.810566	0.000037
0.639434	0.810566	0.000025
0.610566	0.839434	0.000023
0.639434	0.839434	0.000015
0.660566	0.810566	0.000017
0.689434	0.810566	0.000005
0.660566	0.839434	0.000010
0.689434	0.839434	0.000003
0.610566	0.860566	0.000012
0.639434	0.860566	0.000008
0.610566	0.889434	-0.000002
0.639434	0.889434	-0.000001
0.660566	0.860566	0.000006
0.689434	0.860566	0.000002
0.660566	0.889434	-0.000001
0.689434	0.889434	-0.000000
0.710566	0.810566	0.000001
0.739434	0.810566	0.000001
0.710566	0.839434	0.000001
0.739434	0.839434	0.000000
0.760566	0.810566	0.000000
0.789434	0.810566	0.000000
0.760566	0.839434	0.000000
0.789434	0.839434	0.000000
0.710566	0.860566	0.000000
0.739434	0.860566	0.000000
0.710566	0.889434	-0.000000
0.739434	0.889434	-0.000000
0.760566	0.860566	0.000000
0.789434	0.860566	0.000000
0.760566	0.889434	-0.000000
0.789434	0.889434	-0.000000
0.610566	0.910566	0.000000
0.639434	0.910566	0.000000
0.610566	0.939434	0.000000
0.639434	0.939434	0.000000
0.660566	0.910566	0.000000
0.689434	0.910566	0.000000
0.660566	0.939434	0.000000
0.689434	0.939434	0.000000
0.610566	0.960566	0.000000
0.639434	0.960566	0.000000
0.610566	0.989434	-0.000000
0.639434	0.989434	-0.000000
0.660566	0.960566	0.000000
0.689434	0.960566	0.000000
0.660566	0.989434	-0.000000
0.689434	0.989434	-0.000000
0.710566	0.910566	0.000000
0.739434	0.910566	0.000000
0.710566	0.939434	0.000000
0.739434	0.939434	0.000000
0.760566	0.910566	0.000000
0.789434	0.910566	0.000000
0.760566	0.939434	0.000000
0.789434	0.939434	0.000000
0.710566	0.960566	0.000000
0.739434	0.960566	0.000000
0.710566	0.989434	-0.000000
0.739434	0.989434	-0.000000
0.760566	0.960566	0.000000
0.789434	0.960566	0.000000
0.760566	0.989434	-0.000000
0.789434	0.989434	-0.000000
0.810566	0.810566	0.000000
0.839434	0.810566	0.000000
0.810566	0.839434	0.000000
0.839434	0.839434	0.000000
0.860566	0.810566	0.000000
0.889434	0.810566	-0.000000
0.860566	0.839434	0.000000
0.889434	0.839434	-0.000000
0.810566	0.860566	0.000000
0.839434	0.860566	0.000000
0.810566	0.889434	-0.000000
0.839434	0.889434	-0.000000
0.860566	0.860566	0.000000
0.889434	0.860566	-0.000000
0.860566	0.889434	-0.000000
0.889434	0.889434	0.000000
0.910566	0.810566	0.000000
0.939434	0.810566	0.000000
0.910566	0.839434	0.000000
0.939434	0.839434	0.000000
0.960566	0.810566	0.000000
0.989434	0.810566	-0.000000
0.960566	0.839434	0.000000
0.989434	0.839434	-0.000000
0.910566	0.860566	0.000000
0.939434	0.860566	0.000000
0.910566	0.889434	-0.000000
0.939434	0.889434	-0.000000
0.960566	0.860566	0.000000
0.989434	0.860566	-0.000000
0.960566	0.889434	-0.000000
0.989434	0.889434	0.000000
0.810566	0.910566	0.000000
0.839434	0.910566	0.000000
0.810566	0.939434	0.000000
0.839434	0.939434	0.000000
0.860566	0.910566	0.000000
0.889434	0.910566	-0.000000
0.860566	0.939434	0.000000
0.889434	0.939434	-0.000000
0.810566	0.960566	0.000000
0.839434	0.960566	0.000000
0.810566	0.989434	-0.000000
0.839434	0.989434	-0.000000
0.860566	0.960566	0.000000
0.889434	0.960566	-0.000000
0.860566	0.989434	-0.000000
0.889434	0.989434	0.000000
0.910566	0.910566	0.000000
0.939434	0.910566	0.000000
0.910566	0.939434	0.000000
0.939434	0.939434	0.000000
0.960566	0.910566	0.000000
0.989434	0.910566	-0.000000
0.960566	0.939434	0.000000
0.989434	0.939434	-0.000000
0.910566	0.960566	0.000000
0.939434	0.960566	0.000000
0.910566	0.989434	0.000000
0.939434	0.989434	0.000000
0.960566	0.960566	0.000000
0.989434	0.960566	-0.000000
0.960566	0.989434	-0.000000
0.989434	0.989434	0.000000
0.105283	0.305283	-0.302302
0.119717	0.305283	-0.302302
0.105283	0.319717	-0.302305
0.119717	0.319717	-0.302304
0.130283	0.305283	-0.302302
0.144717	0.305283	-0.302302
0.130283	0.319717	-0.302304
0.144717	0.319717	-0.302304
0.105283	0.330283	-0.302307
0.119717	0.330283	-0.302307
0.105283	0.344717	-0.302310
0.119717	0.344717	-0.302310
0.130283	0.330283	-0.302307
0.144717	0.330283	-0.302307
0.130283	0.344717	-0.302310
0.144717	0.344717	-0.302310
0.155283	0.305283	-0.302301
0.169717	0.305283	-0.302301
0.155283	0.319717	-0.302304
0.169717	0.319717	-0.302304
0.180283	0.305283	-0.302301
0.194717	0.305283	-0.302301
0.180283	0.319717	-0.302303
0.194717	0.319717	-0.302303
0.155283	0.330283	-0.302306
0.169717	0.330283	-0.302306
0.155283	0.344717	-0.302309
0.169717	0.344717	-0.302308
0.180283	0.330283	-0.302305
0.194717	0.330283	-0.302305
0.180283	0.344717	-0.302308
0.194717	0.344717	-0.302307
0.105283	0.355283	-0.925517
0.119717	0.355283	-0.925517
0.105283	0.369717	-0.925517
0.119717	0.369717	-0.925517
0.130283	0.355283	-0.925517
0.144717	0.355283	-0.925517
0.130283	0.369717	-0.925517
0.144717	0.369717	-0.925517
0.105283	0.380283	-0.925517
0.119717	0.380283	-0.925517
0.105283	0.394717	-0.925517
0.119717	0.394717	-0.925517
0.130283	0.380283	-0.925517
0.144717	0.380283	-0.925517
0.130283	0.394717	-0.925517
0.144717	0.394717	-0.925517
0.255283	0.255283	-0.051870
0.269717	0.255283	-0.051859
0.255283	0.269717	-0.052567
0.269717	0.269717	-0.052546
0.280283	0.255283	-0.051851
0.294717	0.255283	-0.051840
0.280283	0.269717	-0.052530
0.294717	0.269717	-0.052509
0.255283	0.280283	-0.053078
0.269717	0.280283	-0.053049
0.255283	0.294717	-0.053776
0.269717	0.294717	-0.053736
0.280283	0.280283	-0.053027
0.294717	0.280283	-0.052998
0.280283	0.294717	-0.053707
0.294717	0.294717	-0.053666
0.305283	0.205283	-0.004834
0.319717	0.205283	-0.004828
0.305283	0.219717	-0.005174
0.319717	0.219717	-0.005159
0.330283	0.205283	-0.004824
0.344717	0.205283	-0.004818
0.330283	0.219717	-0.005148
0.344717	0.219717	-0.005132
0.305283	0.230283	-0.005423
0.319717	0.230283	-0.005401
0.305283	0.244717	-0.005763
0.319717	0.244717	-0.005731
0.330283	0.230283	-0.005384
0.344717	0.230283	-0.005362
0.330283	0.244717	-0.005708
0.344717	0.244717	-0.005677
0.355283	0.205283	-0.004794
0.369717	0.205283	-0.004767
0.355283	0.219717	-0.005070
0.369717	0.219717	-0.005001
0.380283	0.205283	-0.004747
0.394717	0.205283	-0.004721
0.380283	0.219717	-0.004951
0.394717	0.219717	-0.004882
0.355283	0.230283	-0.005273
0.369717	0.230283	-0.005173
0.355283	0.244717	-0.005549
0.369717	0.244717	-0.005407
0.380283	0.230283	-0.005100
0.394717	0.230283	-0.005000
0.380283	0.244717	-0.005303
0.394717	0.244717	-0.005161
0.305283	0.255283	-0.051788
0.319717	0.255283	-0.051707
0.305283	0.269717	-0.052403
0.319717	0.269717	-0.052243
0.330283	0.255283	-0.051649
0.344717	0.255283	-0.051568
0.330283	0.269717	-0.052126
0.344717	0.269717	-0.051965
0.305283	0.280283	-0.052853
0.319717	0.280283	-0.052635
0.305283	0.294717	-0.053469
0.319717	0.294717	-0.053170
0.330283	0.280283	-0.052475
0.344717	0.280283	-0.052256
0.330283	0.294717	-0.052952
0.344717	0.294717	-0.052653
0.255283	0.355283	-0.923443
0.269717	0.355283	-0.923038
0.255283	0.369717	-0.924716
0.269717	0.369717	-0.924170
0.280283	0.355283	-0.922741
0.294717	0.355283	-0.922335
0.280283	0.369717	-0.923771
0.294717	0.369717	-0.923225
0.255283	0.380283	-0.925648
0.269717	0.380283	-0.924999
0.255283	0.394717	-0.926921
0.269717	0.394717	-0.926132
0.280283	0.380283	-0.924525
0.294717	0.380283	-0.923876
0.280283	0.394717	-0.925555
0.294717	0.394717	-0.924766
0.355283	0.305283	-0.173227
0.369717	0.305283	-0.170419
0.355283	0.319717	-0.261946
0.369717	0.319717	-0.257478
0.380283	0.305283	-0.168364
0.394717	0.305283	-0.165557
0.380283	0.319717	-0.254207
0.394717	0.319717	-0.249739
0.355283	0.330283	-0.326893
0.369717	0.330283	-0.321210
0.355283	0.344717	-0.415613
0.369717	0.344717	-0.408268
0.380283	0.330283	-0.317049
0.394717	0.330283	-0.311365
0.380283	0.344717	-0.402892
0.394717	0.344717	-0.395548
0.455283	0.255283	-0.026930
0.469717	0.255283	-0.025396
0.455283	0.269717	-0.033892
0.469717	0.269717	-0.030926
0.480283	0.255283	-0.024273
0.494717	0.255283	-0.022739
0.480283	0.269717	-0.028755
0.494717	0.269717	-0.025789
0.455283	0.280283	-0.038989
0.469717	0.280283	-0.034975
0.455283	0.294717	-0.045951
0.469717	0.294717	-0.040505
0.480283	0.280283	-0.031912
0.494717	0.280283	-0.027938
0.480283	0.294717	-0.036461
0.494717	0.294717	-0.031034
0.555283	0.205283	-0.000445
0.569717	0.205283	-0.000380
0.555283	0.219717	-0.000805
0.569717	0.219717	-0.000647
0.580283	0.205283	-0.000332
0.594717	0.205283	-0.000267
0.580283	0.219717	-0.000532
0.594717	0.219717	-0.000374
0.555283	0.230283	-0.001069
0.569717	0.230283	-0.000844
0.555283	0.244717	-0.001429
0.569717	0.244717	-0.001111
0.580283	0.230283	-0.000679
0.594717	0.230283	-0.000453
0.580283	0.244717	-0.000879
0.594717	0.244717	-0.000561
0.555283	0.255283	-0.004486
0.569717	0.255283	-0.003712
0.555283	0.269717	-0.006956
0.569717	0.269717	-0.005535
0.580283	0.255283	-0.003146
0.594717	0.255283	-0.002372
0.580283	0.269717	-0.004496
0.594717	0.269717	-0.003076
0.555283	0.280283	-0.008764
0.569717	0.280283	-0.006870
0.555283	0.294717	-0.011234
0.569717	0.294717	-0.008694
0.580283	0.280283	-0.005484
0.594717	0.280283	-0.003591
0.580283	0.294717	-0.006834
0.594717	0.294717	-0.004294
0.405283	0.305283	-0.156503
0.419717	0.305283	-0.149161
0.405283	0.319717	-0.235396
0.419717	0.319717	-0.223845
0.430283	0.305283	-0.146645
0.444717	0.305283	-0.139135
0.430283	0.319717	-0.214468
0.444717	0.319717	-0.202972
0.405283	0.330283	-0.293149
0.419717	0.330283	-0.278517
0.405283	0.344717	-0.372042
0.419717	0.344717	-0.353201
0.430283	0.330283	-0.267806
0.444717	0.330283	-0.253174
0.430283	0.344717	-0.339409
0.444717	0.344717	-0.320568
0.455283	0.305283	-0.097050
0.469717	0.305283	-0.088029
0.455283	0.319717	-0.097050
0.469717	0.319717	-0.088029
0.480283	0.305283	-0.097083
0.494717	0.305283	-0.085975
0.480283	0.319717	-0.144053
0.494717	0.319717	-0.126685
0.455283	0.330283	-0.097050
0.469717	0.330283	-0.088029
0.455283	0.344717	-0.273541
0.469717	0.344717	-0.245407
0.480283	0.330283	-0.178530
0.494717	0.330283	-0.156565
0.480283	0.344717	-0.224812
0.494717	0.344717	-0.196679
0.405283	0.355283	-0.597755
0.419717	0.355283	-0.565620
0.405283	0.369717	-0.738552
0.419717	0.369717	-0.696633
0.430283	0.355283	-0.542096
0.444717	0.355283	-0.509961
0.430283	0.369717	-0.665946
0.444717	0.369717	-0.624027
0.405283	0.380283	-0.841623
0.419717	0.380283	-0.792541
0.405283	0.394717	-0.982421
0.419717	0.394717	-0.923554
0.430283	0.380283	-0.761555
0.444717	0.380283	-0.704365
0.430283	0.394717	-0.878868
0.444717	0.394717	-0.820127
0.455283	0.355283	-0.430454
0.469717	0.355283	-0.383489
0.455283	0.369717	-0.521245
0.469717	0.369717	-0.461339
0.480283	0.355283	-0.349109
0.494717	0.355283	-0.302145
0.480283	0.369717	-0.417486
0.494717	0.369717	-0.357580
0.455283	0.380283	-0.587709
0.469717	0.380283	-0.518330
0.455283	0.394717	-0.678500
0.469717	0.394717	-0.596180
0.480283	0.380283	-0.465644
0.494717	0.380283	-0.400375
0.480283	0.394717	-0.535038
0.494717	0.394717	-0.452883
0.505283	0.305283	-0.065263
0.519717	0.305283	-0.055245
0.505283	0.319717	-0.093823
0.519717	0.319717	-0.078734
0.530283	0.305283	-0.047912
0.544717	0.305283	-0.037894
0.530283	0.319717	-0.067688
0.544717	0.319717	-0.052599
0.505283	0.330283	-0.114731
0.519717	0.330283	-0.095929
0.505283	0.344717	-0.143291
0.519717	0.344717	-0.119417
0.530283	0.330283	-0.082165
0.544717	0.330283	-0.063363
0.530283	0.344717	-0.101941
0.544717	0.344717	-0.078067
0.555283	0.305283	-0.023464
0.569717	0.305283	-0.018478
0.555283	0.319717	-0.031318
0.569717	0.319717	-0.024165
0.580283	0.305283	-0.014828
0.594717	0.305283	-0.009842
0.580283	0.319717	-0.018929
0.594717	0.319717	-0.011776
0.555283	0.330283	-0.037067
0.569717	0.330283	-0.028328
0.555283	0.344717	-0.044920
0.569717	0.344717	-0.034015
0.580283	0.330283	-0.021931
0.594717	0.330283	-0.013192
0.580283	0.344717	-0.026032
0.594717	0.344717	-0.015126
0.505283	0.355283	-0.214389
0.519717	0.355283	-0.175983
0.505283	0.369717	-0.247498
0.519717	0.369717	-0.200478
0.530283	0.355283	-0.147869
0.544717	0.355283	-0.109463
0.530283	0.369717	-0.166056
0.544717	0.369717	-0.119036
0.505283	0.380283	-0.271736
0.519717	0.380283	-0.218409
0.505283	0.394717	-0.304846
0.519717	0.394717	-0.242904
0.530283	0.380283	-0.179371
0.544717	0.380283	-0.126044
0.530283	0.394717	-0.197559
0.544717	0.394717	-0.135617
0.155283	0.555283	1.514816
0.169717	0.555283	1.514820
0.155283	0.569717	1.514825
0.169717	0.569717	1.514829
0.180283	0.555283	1.514824
0.194717	0.555283	1.514828
0.180283	0.569717	1.514832
0.194717	0.569717	1.514836
0.155283	0.580283	1.514833
0.169717	0.580283	1.514836
0.155283	0.594717	1.514843
0.169717	0.594717	1.514845
0.180283	0.580283	1.514839
0.194717	0.580283	1.514842
0.180283	0.594717	1.514847
0.194717	0.594717	1.514850
0.205283	0.405283	-1.514053
0.219717	0.405283	-1.513959
0.205283	0.419717	-1.515630
0.219717	0.419717	-1.515522
0.230283	0.405283	-1.513890
0.244717	0.405283	-1.513795
0.230283	0.419717	-1.515442
0.244717	0.419717	-1.515333
0.205283	0.430283	-1.516937
0.219717	0.430283	-1.516817
0.205283	0.444717	-1.518514
0.219717	0.444717	-1.518379
0.230283	0.430283	-1.516728
0.244717	0.430283	-1.516608
0.230283	0.444717	-1.518281
0.244717	0.444717	-1.518146
0.255283	0.405283	-1.513187
0.269717	0.405283	-1.512061
0.255283	0.419717	-1.514724
0.269717	0.419717	-1.513426
0.280283	0.405283	-1.511237
0.294717	0.405283	-1.510112
0.280283	0.419717	-1.512476
0.294717	0.419717	-1.511178
0.255283	0.430283	-1.515850
0.269717	0.430283	-1.514426
0.255283	0.444717	-1.517388
0.269717	0.444717	-1.515791
0.280283	0.430283	-1.513383
0.294717	0.430283	-1.511959
0.280283	0.444717	-1.514622
0.294717	0.444717	-1.513025
