0.021132	0.021132	-0.038118
0.078868	0.021132	-0.037525
0.021132	0.078868	-0.037525
0.078868	0.078868	-0.039738
0.121132	0.021132	-0.037091
0.178868	0.021132	-0.036498
0.121132	0.078868	-0.041357
0.178868	0.078868	-0.043570
0.021132	0.121132	-0.037091
0.078868	0.121132	-0.041357
0.021132	0.178868	-0.036498
0.078868	0.178868	-0.043570
0.121132	0.121132	-0.044481
0.178868	0.121132	-0.048747
0.121132	0.178868	-0.048747
0.178868	0.178868	-0.055820
0.221132	0.021132	-0.023038
0.278868	0.021132	-0.010037
0.221132	0.078868	-0.035955
0.278868	0.078868	-0.023152
0.321132	0.021132	-0.000520
0.378868	0.021132	0.012481
0.321132	0.078868	-0.013781
0.378868	0.078868	-0.000978
0.221132	0.121132	-0.045410
0.278868	0.121132	-0.032753
0.221132	0.178868	-0.058327
0.278868	0.178868	-0.045869
0.321132	0.121132	-0.023488
0.378868	0.121132	-0.010831
0.321132	0.178868	-0.036748
0.378868	0.178868	-0.024290
0.421132	0.021132	0.038173
0.478868	0.021132	0.038639
0.421132	0.078868	0.034961
0.478868	0.078868	0.041924
0.521132	0.021132	0.038981
0.578868	0.021132	0.039447
0.521132	0.078868	0.047021
0.578868	0.078868	0.053983
0.421132	0.121132	0.032610
0.478868	0.121132	0.044328
0.421132	0.178868	0.029398
0.478868	0.178868	0.047612
0.521132	0.121132	0.052906
0.578868	0.121132	0.064625
0.521132	0.178868	0.060946
0.578868	0.178868	0.079161
0.621132	0.021132	0.011639
0.678868	0.021132	0.007155
0.621132	0.078868	0.016993
0.678868	0.078868	0.010449
0.721132	0.021132	0.003873
0.778868	0.021132	-0.000611
0.721132	0.078868	0.005658
0.778868	0.078868	-0.000886
0.621132	0.121132	0.020913
0.678868	0.121132	0.012860
0.621132	0.178868	0.026267
0.678868	0.178868	0.016154
0.721132	0.121132	0.006965
0.778868	0.121132	-0.001088
0.721132	0.178868	0.008750
0.778868	0.178868	-0.001363
0.821132	0.021132	0.000001
0.878868	0.021132	0.000001
0.821132	0.078868	0.000002
0.878868	0.078868	0.000001
0.921132	0.021132	0.000000
0.978868	0.021132	-0.000000
0.921132	0.078868	0.000001
0.978868	0.078868	-0.000000
0.821132	0.121132	0.000002
0.878868	0.121132	0.000001
0.821132	0.178868	0.000003
0.878868	0.178868	0.000002
0.921132	0.121132	0.000001
0.978868	0.121132	-0.000000
0.921132	0.178868	0.000001
0.978868	0.178868	-0.000000
0.021132	0.221132	-0.023038
0.078868	0.221132	-0.035955
0.021132	0.278868	-0.010037
0.078868	0.278868	-0.023152
0.121132	0.221132	-0.045410
0.178868	0.221132	-0.058327
0.121132	0.278868	-0.032753
0.178868	0.278868	-0.045869
0.021132	0.321132	-0.000520
0.078868	0.321132	-0.013781
0.021132	0.378868	0.012481
0.078868	0.378868	-0.000978
0.121132	0.321132	-0.023488
0.178868	0.321132	-0.036748
0.121132	0.378868	-0.010831
0.178868	0.378868	-0.024290
0.221132	0.221132	-0.082455
0.278868	0.221132	-0.079477
0.221132	0.278868	-0.079477
0.278868	0.278868	-0.090555
0.321132	0.221132	-0.077296
0.378868	0.221132	-0.074318
0.321132	0.278868	-0.098664
0.378868	0.278868	-0.109742
0.221132	0.321132	-0.077296
0.278868	0.321132	-0.098664
0.221132	0.378868	-0.074318
0.278868	0.378868	-0.109742
0.321132	0.321132	-0.114307
0.378868	0.321132	-0.135675
0.321132	0.378868	-0.135675
0.378868	0.378868	-0.171099
0.421132	0.221132	-0.004373
0.478868	0.221132	0.042760
0.421132	0.278868	-0.063509
0.478868	0.278868	0.021266
0.521132	0.221132	0.077264
0.578868	0.221132	0.124397
0.521132	0.278868	0.083326
0.578868	0.278868	0.168102
0.421132	0.321132	-0.106801
0.478868	0.321132	0.005532
0.421132	0.378868	-0.165937
0.478868	0.378868	-0.015962
0.521132	0.321132	0.087765
0.578868	0.321132	0.200097
0.521132	0.378868	0.093827
0.578868	0.378868	0.243802
0.621132	0.221132	0.045047
0.678868	0.221132	0.027709
0.621132	0.278868	0.065960
0.678868	0.278868	0.040579
0.721132	0.221132	0.015017
0.778868	0.221132	-0.002321
0.721132	0.278868	0.021998
0.778868	0.278868	-0.003383
0.621132	0.321132	0.081270
0.678868	0.321132	0.050000
0.621132	0.378868	0.102184
0.678868	0.378868	0.062870
0.721132	0.321132	0.027109
0.778868	0.321132	-0.004161
0.721132	0.378868	0.034090
0.778868	0.378868	-0.005224
0.821132	0.221132	0.000005
0.878868	0.221132	0.000003
0.821132	0.278868	0.000008
0.878868	0.278868	0.000005
0.921132	0.221132	0.000002
0.978868	0.221132	-0.000000
0.921132	0.278868	0.000002
0.978868	0.278868	-0.000001
0.821132	0.321132	0.000010
0.878868	0.321132	0.000006
0.821132	0.378868	0.000012
0.878868	0.378868	0.000007
0.921132	0.321132	0.000003
0.978868	0.321132	-0.000001
0.921132	0.378868	0.000004
0.978868	0.378868	-0.000001
0.021132	0.421132	0.038173
0.078868	0.421132	0.034961
0.021132	0.478868	0.038639
0.078868	0.478868	0.041924
0.121132	0.421132	0.032610
0.178868	0.421132	0.029398
0.121132	0.478868	0.044328
0.178868	0.478868	0.047612
0.021132	0.521132	0.038981
0.078868	0.521132	0.047021
0.021132	0.578868	0.039447
0.078868	0.578868	0.053983
0.121132	0.521132	0.052906
0.178868	0.521132	0.060946
0.121132	0.578868	0.064625
0.178868	0.578868	0.079161
0.221132	0.421132	-0.004373
0.278868	0.421132	-0.063509
0.221132	0.478868	0.042760
0.278868	0.478868	0.021266
0.321132	0.421132	-0.106801
0.378868	0.421132	-0.165937
0.321132	0.478868	0.005532
0.378868	0.478868	-0.015962
0.221132	0.521132	0.077264
0.278868	0.521132	0.083326
0.221132	0.578868	0.124397
0.278868	0.578868	0.168102
0.321132	0.521132	0.087765
0.378868	0.521132	0.093827
0.321132	0.578868	0.200097
0.378868	0.578868	0.243802
0.421132	0.421132	-0.236582
0.478868	0.421132	0.037931
0.421132	0.478868	0.037931
0.478868	0.478868	0.256240
0.521132	0.421132	0.238888
0.578868	0.421132	0.513401
0.521132	0.478868	0.416054
0.578868	0.478868	0.634363
0.421132	0.521132	0.238888
0.478868	0.521132	0.416054
0.421132	0.578868	0.513401
0.478868	0.578868	0.634363
0.521132	0.521132	0.545748
0.578868	0.521132	0.722914
0.521132	0.578868	0.722914
0.578868	0.578868	0.843876
0.621132	0.421132	0.191641
0.678868	0.421132	0.117809
0.621132	0.478868	0.194985
0.678868	0.478868	0.119732
0.721132	0.421132	0.063761
0.778868	0.421132	-0.010070
0.721132	0.478868	0.064643
0.778868	0.478868	-0.010609
0.621132	0.521132	0.197433
0.678868	0.521132	0.121140
0.621132	0.578868	0.200777
0.678868	0.578868	0.123063
0.721132	0.521132	0.065289
0.778868	0.521132	-0.011004
0.721132	0.578868	0.066172
0.778868	0.578868	-0.011543
0.821132	0.421132	0.000021
0.878868	0.421132	0.000013
0.821132	0.478868	0.000020
0.878868	0.478868	0.000012
0.921132	0.421132	0.000007
0.978868	0.421132	-0.000002
0.921132	0.478868	0.000006
0.978868	0.478868	-0.000002
0.821132	0.521132	0.000019
0.878868	0.521132	0.000011
0.821132	0.578868	0.000017
0.878868	0.578868	0.000010
0.921132	0.521132	0.000006
0.978868	0.521132	-0.000002
0.921132	0.578868	0.000005
0.978868	0.578868	-0.000001
0.021132	0.621132	0.011639
0.078868	0.621132	0.016993
0.021132	0.678868	0.007155
0.078868	0.678868	0.010449
0.121132	0.621132	0.020913
0.178868	0.621132	0.026267
0.121132	0.678868	0.012860
0.178868	0.678868	0.016154
0.021132	0.721132	0.003873
0.078868	0.721132	0.005658
0.021132	0.778868	-0.000611
0.078868	0.778868	-0.000886
0.121132	0.721132	0.006965
0.178868	0.721132	0.008750
0.121132	0.778868	-0.001088
0.178868	0.778868	-0.001363
0.221132	0.621132	0.045047
0.278868	0.621132	0.065960
0.221132	0.678868	0.027709
0.278868	0.678868	0.040579
0.321132	0.621132	0.081270
0.378868	0.621132	0.102184
0.321132	0.678868	0.050000
0.378868	0.678868	0.062870
0.221132	0.721132	0.015017
0.278868	0.721132	0.021998
0.221132	0.778868	-0.002321
0.278868	0.778868	-0.003383
0.321132	0.721132	0.027109
0.378868	0.721132	0.034090
0.321132	0.778868	-0.004161
0.378868	0.778868	-0.005224
0.421132	0.621132	0.191641
0.478868	0.621132	0.194985
0.421132	0.678868	0.117809
0.478868	0.678868	0.119732
0.521132	0.621132	0.197433
0.578868	0.621132	0.200777
0.521132	0.678868	0.121140
0.578868	0.678868	0.123063
0.421132	0.721132	0.063761
0.478868	0.721132	0.064643
0.421132	0.778868	-0.010070
0.478868	0.778868	-0.010609
0.521132	0.721132	0.065289
0.578868	0.721132	0.066172
0.521132	0.778868	-0.011004
0.578868	0.778868	-0.011543
0.621132	0.621132	0.040523
0.678868	0.621132	0.024803
0.621132	0.678868	0.024803
0.678868	0.678868	0.015182
0.721132	0.621132	0.013296
0.778868	0.621132	-0.002424
0.721132	0.678868	0.008138
0.778868	0.678868	-0.001484
0.621132	0.721132	0.013296
0.678868	0.721132	0.008138
0.621132	0.778868	-0.002424
0.678868	0.778868	-0.001484
0.721132	0.721132	0.004362
0.778868	0.721132	-0.000796
0.721132	0.778868	-0.000796
0.778868	0.778868	0.000144
0.821132	0.621132	0.000003
0.878868	0.621132	0.000002
0.821132	0.678868	0.000002
0.878868	0.678868	0.000001
0.921132	0.621132	0.000001
0.978868	0.621132	-0.000000
0.921132	0.678868	0.000001
0.978868	0.678868	-0.000000
0.821132	0.721132	0.000001
0.878868	0.721132	0.000001
0.821132	0.778868	-0.000000
0.878868	0.778868	-0.000000
0.921132	0.721132	0.000000
0.978868	0.721132	-0.000000
0.921132	0.778868	-0.000000
0.978868	0.778868	0.000000
0.021132	0.821132	0.000001
0.078868	0.821132	0.000002
0.021132	0.878868	0.000001
0.078868	0.878868	0.000001
0.121132	0.821132	0.000002
0.178868	0.821132	0.000003
0.121132	0.878868	0.000001
0.178868	0.878868	0.000002
0.021132	0.921132	0.000000
0.078868	0.921132	0.000001
0.021132	0.978868	-0.000000
0.078868	0.978868	-0.000000
0.121132	0.921132	0.000001
0.178868	0.921132	0.000001
0.121132	0.978868	-0.000000
0.178868	0.978868	-0.000000
0.221132	0.821132	0.000005
0.278868	0.821132	0.000008
0.221132	0.878868	0.000003
0.278868	0.878868	0.000005
0.321132	0.821132	0.000010
0.378868	0.821132	0.000012
0.321132	0.878868	0.000006
0.378868	0.878868	0.000007
0.221132	0.921132	0.000002
0.278868	0.921132	0.000002
0.221132	0.978868	-0.000000
0.278868	0.978868	-0.000001
0.321132	0.921132	0.000003
0.378868	0.921132	0.000004
0.321132	0.978868	-0.000001
0.378868	0.978868	-0.000001
0.421132	0.821132	0.000021
0.478868	0.821132	0.000020
0.421132	0.878868	0.000013
0.478868	0.878868	0.000012
0.521132	0.821132	0.000019
0.578868	0.821132	0.000017
0.521132	0.878868	0.000011
0.578868	0.878868	0.000010
0.421132	0.921132	0.000007
0.478868	0.921132	0.000006
0.421132	0.978868	-0.000002
0.478868	0.978868	-0.000002
0.521132	0.921132	0.000006
0.578868	0.921132	0.000005
0.521132	0.978868	-0.000002
0.578868	0.978868	-0.000001
0.621132	0.821132	0.000003
0.678868	0.821132	0.000002
0.621132	0.878868	0.000002
0.678868	0.878868	0.000001
0.721132	0.821132	0.000001
0.778868	0.821132	-0.000000
0.721132	0.878868	0.000001
0.778868	0.878868	-0.000000
0.621132	0.921132	0.000001
0.678868	0.921132	0.000001
0.621132	0.978868	-0.000000
0.678868	0.978868	-0.000000
0.721132	0.921132	0.000000
0.778868	0.921132	-0.000000
0.721132	0.978868	-0.000000
0.778868	0.978868	0.000000
0.821132	0.821132	0.000000
0.878868	0.821132	0.000000
0.821132	0.878868	0.000000
0.878868	0.878868	0.000000
0.921132	0.821132	0.000000
0.978868	0.821132	-0.000000
0.921132	0.878868	0.000000
0.978868	0.878868	-0.000000
0.821132	0.921132	0.000000
0.878868	0.921132	0.000000
0.821132	0.978868	-0.000000
0.878868	0.978868	-0.000000
0.921132	0.921132	0.000000
0.978868	0.921132	-0.000000
0.921132	0.978868	-0.000000
0.978868	0.978868	0.000000
