44
0 0 -0.7978845608028654
2 0 0.3257350079352799
8 0 -0.2185096861184158
0 1 1
1 2 -0.7978845608028654
5 2 0.3257350079352799
0 3 -0.5641895835477562
2 3 -0.6909882989426709
8 3 0.2575161346821262
1 4 1
3 5 -0.7978845608028654
9 5 0.3257350079352799
4 6 -0.7978845608028654
10 6 0.3257350079352799
2 7 1
1 8 -0.5641895835477562
5 8 -0.6909882989426709
3 9 1
4 10 1
6 11 -0.7978845608028654
7 12 -0.7978845608028654
0 13 0.16286750396764
2 13 -0.5984134206021491
8 13 -0.6690465435572889
5 14 1
3 15 -0.5641895835477562
9 15 -0.6909882989426709
4 16 -0.5641895835477562
10 16 -0.6909882989426709
6 17 1
7 18 1
11 19 -0.7978845608028654
12 20 -0.7978845608028654
13 21 -0.7978845608028654
8 22 1
1 23 0.6514700158705603
5 23 -1.329807601338109
9 24 1
10 25 1
6 26 -1.128379167095513
7 27 -1.128379167095513
11 28 1
12 29 1
13 30 1
