1770
0 0 -0.7978845608028654
2 0 0.3257350079352799
8 0 -0.2185096861184158
20 0 0.1685838828361839
40 0 -0.1390746078775947
70 0 0.1193421921527582
112 0 -0.1051052469526022
168 0 0.09428836433661283
240 0 -0.08575607766762704
0 1 1
1 2 -0.7978845608028654
5 2 0.3257350079352799
14 2 -0.2185096861184158
30 2 0.1685838828361839
55 2 -0.1390746078775947
91 2 0.1193421921527582
140 2 -0.1051052469526022
204 2 0.09428836433661283
0 3 -0.5641895835477562
2 3 -0.6909882989426709
8 3 0.2575161346821262
20 3 -0.1668895294531134
40 3 0.1264379121271375
70 3 -0.1031404896535232
112 3 0.08783347519637486
168 3 -0.07692916362623775
240 3 0.06872386458630352
1 4 1
3 5 -0.7978845608028654
9 5 0.3257350079352799
21 5 -0.2185096861184158
41 5 0.1685838828361839
71 5 -0.1390746078775947
113 5 0.1193421921527582
169 5 -0.1051052469526022
241 5 0.09428836433661283
4 6 -0.7978845608028654
10 6 0.3257350079352799
22 6 -0.2185096861184158
42 6 0.1685838828361839
72 6 -0.1390746078775947
114 6 0.1193421921527582
170 6 -0.1051052469526022
242 6 0.09428836433661283
2 7 1
1 8 -0.5641895835477562
5 8 -0.6909882989426709
14 8 0.2575161346821262
30 8 -0.1668895294531134
55 8 0.1264379121271375
91 8 -0.1031404896535232
140 8 0.08783347519637486
204 8 -0.07692916362623775
3 9 1
4 10 1
6 11 -0.7978845608028654
15 11 0.3257350079352799
31 11 -0.2185096861184158
56 11 0.1685838828361839
92 11 -0.1390746078775947
141 11 0.1193421921527582
205 11 -0.1051052469526022
7 12 -0.7978845608028654
16 12 0.3257350079352799
32 12 -0.2185096861184158
57 12 0.1685838828361839
93 12 -0.1390746078775947
142 12 0.1193421921527582
206 12 -0.1051052469526022
0 13 0.16286750396764
2 13 -0.5984134206021491
8 13 -0.6690465435572889
20 13 0.2408842868867123
40 13 -0.1532978214649914
70 13 0.1148429368269212
112 13 -0.09296958100555763
168 13 0.07873581180897474
240 13 -0.06867301451305141
5 14 1
3 15 -0.5641895835477562
9 15 -0.6909882989426709
21 15 0.2575161346821262
41 15 -0.1668895294531134
71 15 0.1264379121271375
113 15 -0.1031404896535232
169 15 0.08783347519637486
241 15 -0.07692916362623775
4 16 -0.5641895835477562
10 16 -0.6909882989426709
22 16 0.2575161346821262
42 16 -0.1668895294531134
72 16 0.1264379121271375
114 16 -0.1031404896535232
170 16 0.08783347519637486
242 16 -0.07692916362623775
6 17 1
7 18 1
11 19 -0.7978845608028654
23 19 0.3257350079352799
43 19 -0.2185096861184158
73 19 0.1685838828361839
115 19 -0.1390746078775947
171 19 0.1193421921527582
243 19 -0.1051052469526022
12 20 -0.7978845608028654
24 20 0.3257350079352799
44 20 -0.2185096861184158
74 20 0.1685838828361839
116 20 -0.1390746078775947
172 20 0.1193421921527582
244 20 -0.1051052469526022
13 21 -0.7978845608028654
25 21 0.3257350079352799
45 21 -0.2185096861184158
75 21 0.1685838828361839
117 21 -0.1390746078775947
173 21 0.1193421921527582
245 21 -0.1051052469526022
8 22 1
1 23 0.16286750396764
5 23 -0.5984134206021491
14 23 -0.6690465435572889
30 23 0.2408842868867123
55 23 -0.1532978214649914
91 23 0.1148429368269212
140 23 -0.09296958100555763
204 23 0.07873581180897474
9 24 1
10 25 1
6 26 -0.5641895835477562
15 26 -0.6909882989426709
31 26 0.2575161346821262
56 26 -0.1668895294531134
92 26 0.1264379121271375
141 26 -0.1031404896535232
205 26 0.08783347519637486
7 27 -0.5641895835477562
16 27 -0.6909882989426709
32 27 0.2575161346821262
57 27 -0.1668895294531134
93 27 0.1264379121271375
142 27 -0.1031404896535232
206 27 0.08783347519637486
11 28 1
12 29 1
13 30 1
17 31 -0.7978845608028654
33 31 0.3257350079352799
58 31 -0.2185096861184158
94 31 0.1685838828361839
143 31 -0.1390746078775947
207 31 0.1193421921527582
18 32 -0.7978845608028654
34 32 0.3257350079352799
59 32 -0.2185096861184158
95 32 0.1685838828361839
144 32 -0.1390746078775947
208 32 0.1193421921527582
19 33 -0.7978845608028654
35 33 0.3257350079352799
60 33 -0.2185096861184158
96 33 0.1685838828361839
145 33 -0.1390746078775947
209 33 0.1193421921527582
0 34 -0.08920620580763855
2 34 0.1820914050986799
8 34 -0.6107531398786501
20 34 -0.659688788381992
40 34 0.2332352078688213
70 34 -0.1467714898305733
112 34 0.1091175785968875
168 34 -0.08784799672663052
240 34 0.07408770739829745
14 35 1
3 36 0.16286750396764
9 36 -0.5984134206021491
21 36 -0.6690465435572889
41 36 0.2408842868867123
71 36 -0.1532978214649914
113 36 0.1148429368269212
169 36 -0.09296958100555763
241 36 0.07873581180897474
4 37 0.16286750396764
10 37 -0.5984134206021491
22 37 -0.6690465435572889
42 37 0.2408842868867123
72 37 -0.1532978214649914
114 37 0.1148429368269212
170 37 -0.09296958100555763
242 37 0.07873581180897474
15 38 1
16 39 1
11 40 -0.5641895835477562
23 40 -0.6909882989426709
43 40 0.2575161346821262
73 40 -0.1668895294531134
115 40 0.1264379121271375
171 40 -0.1031404896535232
243 40 0.08783347519637486
12 41 -0.5641895835477562
24 41 -0.6909882989426709
44 41 0.2575161346821262
74 41 -0.1668895294531134
116 41 0.1264379121271375
172 41 -0.1031404896535232
244 41 0.08783347519637486
13 42 -0.5641895835477562
25 42 -0.6909882989426709
45 42 0.2575161346821262
75 42 -0.1668895294531134
117 42 0.1264379121271375
173 42 -0.1031404896535232
245 42 0.08783347519637486
17 43 1
18 44 1
19 45 1
26 46 -0.7978845608028654
46 46 0.3257350079352799
76 46 -0.2185096861184158
118 46 0.1685838828361839
174 46 -0.1390746078775947
246 46 0.1193421921527582
27 47 -0.7978845608028654
47 47 0.3257350079352799
77 47 -0.2185096861184158
119 47 0.1685838828361839
175 47 -0.1390746078775947
247 47 0.1193421921527582
28 48 -0.7978845608028654
48 48 0.3257350079352799
78 48 -0.2185096861184158
120 48 0.1685838828361839
176 48 -0.1390746078775947
248 48 0.1193421921527582
29 49 -0.7978845608028654
49 49 0.3257350079352799
79 49 -0.2185096861184158
121 49 0.1685838828361839
177 49 -0.1390746078775947
249 49 0.1193421921527582
20 50 1
1 51 -0.08920620580763855
5 51 0.1820914050986799
14 51 -0.6107531398786501
30 51 -0.659688788381992
55 51 0.2332352078688213
91 51 -0.1467714898305733
140 51 0.1091175785968875
204 51 -0.08784799672663052
21 52 1
22 53 1
6 54 0.16286750396764
15 54 -0.5984134206021491
31 54 -0.6690465435572889
56 54 0.2408842868867123
92 54 -0.1532978214649914
141 54 0.1148429368269212
205 54 -0.09296958100555763
7 55 0.16286750396764
16 55 -0.5984134206021491
32 55 -0.6690465435572889
57 55 0.2408842868867123
93 55 -0.1532978214649914
142 55 0.1148429368269212
206 55 -0.09296958100555763
23 56 1
24 57 1
25 58 1
17 59 -0.5641895835477562
33 59 -0.6909882989426709
58 59 0.2575161346821262
94 59 -0.1668895294531134
143 59 0.1264379121271375
207 59 -0.1031404896535232
18 60 -0.5641895835477562
34 60 -0.6909882989426709
59 60 0.2575161346821262
95 60 -0.1668895294531134
144 60 0.1264379121271375
208 60 -0.1031404896535232
19 61 -0.5641895835477562
35 61 -0.6909882989426709
60 61 0.2575161346821262
96 61 -0.1668895294531134
145 61 0.1264379121271375
209 61 -0.1031404896535232
26 62 1
27 63 1
28 64 1
29 65 1
36 66 -0.7978845608028654
61 66 0.3257350079352799
97 66 -0.2185096861184158
146 66 0.1685838828361839
210 66 -0.1390746078775947
37 67 -0.7978845608028654
62 67 0.3257350079352799
98 67 -0.2185096861184158
147 67 0.1685838828361839
211 67 -0.1390746078775947
38 68 -0.7978845608028654
63 68 0.3257350079352799
99 68 -0.2185096861184158
148 68 0.1685838828361839
212 68 -0.1390746078775947
39 69 -0.7978845608028654
64 69 0.3257350079352799
100 69 -0.2185096861184158
149 69 0.1685838828361839
213 69 -0.1390746078775947
0 70 0.05960340337611203
2 70 -0.1021985476433283
8 70 0.1904357497768608
20 70 -0.6170823570053585
40 70 -0.6545146787835997
70 70 0.2288202621218269
112 70 -0.1428982078943777
168 70 0.1056526411710521
240 70 -0.08470330539488052
30 71 1
3 72 -0.08920620580763855
9 72 0.1820914050986799
21 72 -0.6107531398786501
41 72 -0.659688788381992
71 72 0.2332352078688213
113 72 -0.1467714898305733
169 72 0.1091175785968875
241 72 -0.08784799672663052
4 73 -0.08920620580763855
10 73 0.1820914050986799
22 73 -0.6107531398786501
42 73 -0.659688788381992
72 73 0.2332352078688213
114 73 -0.1467714898305733
170 73 0.1091175785968875
242 73 -0.08784799672663052
31 74 1
32 75 1
11 76 0.16286750396764
23 76 -0.5984134206021491
43 76 -0.6690465435572889
73 76 0.2408842868867123
115 76 -0.1532978214649914
171 76 0.1148429368269212
243 76 -0.09296958100555763
12 77 0.16286750396764
24 77 -0.5984134206021491
44 77 -0.6690465435572889
74 77 0.2408842868867123
116 77 -0.1532978214649914
172 77 0.1148429368269212
244 77 -0.09296958100555763
13 78 0.16286750396764
25 78 -0.5984134206021491
45 78 -0.6690465435572889
75 78 0.2408842868867123
117 78 -0.1532978214649914
173 78 0.1148429368269212
245 78 -0.09296958100555763
33 79 1
34 80 1
35 81 1
26 82 -0.5641895835477562
46 82 -0.6909882989426709
76 82 0.2575161346821262
118 82 -0.1668895294531134
174 82 0.1264379121271375
246 82 -0.1031404896535232
27 83 -0.5641895835477562
47 83 -0.6909882989426709
77 83 0.2575161346821262
119 83 -0.1668895294531134
175 83 0.1264379121271375
247 83 -0.1031404896535232
28 84 -0.5641895835477562
48 84 -0.6909882989426709
78 84 0.2575161346821262
120 84 -0.1668895294531134
176 84 0.1264379121271375
248 84 -0.1031404896535232
29 85 -0.5641895835477562
49 85 -0.6909882989426709
79 85 0.2575161346821262
121 85 -0.1668895294531134
177 85 0.1264379121271375
249 85 -0.1031404896535232
36 86 1
37 87 1
38 88 1
39 89 1
50 90 -0.7978845608028654
80 90 0.3257350079352799
122 90 -0.2185096861184158
178 90 0.1685838828361839
250 90 -0.1390746078775947
51 91 -0.7978845608028654
81 91 0.3257350079352799
123 91 -0.2185096861184158
179 91 0.1685838828361839
251 91 -0.1390746078775947
52 92 -0.7978845608028654
82 92 0.3257350079352799
124 92 -0.2185096861184158
180 92 0.1685838828361839
252 92 -0.1390746078775947
53 93 -0.7978845608028654
83 93 0.3257350079352799
125 93 -0.2185096861184158
181 93 0.1685838828361839
253 93 -0.1390746078775947
54 94 -0.7978845608028654
84 94 0.3257350079352799
126 94 -0.2185096861184158
182 94 0.1685838828361839
254 94 -0.1390746078775947
40 95 1
1 96 0.05960340337611203
5 96 -0.1021985476433283
14 96 0.1904357497768608
30 96 -0.6170823570053585
55 96 -0.6545146787835997
91 96 0.2288202621218269
140 96 -0.1428982078943777
204 96 0.1056526411710521
41 97 1
42 98 1
6 99 -0.08920620580763855
15 99 0.1820914050986799
31 99 -0.6107531398786501
56 99 -0.659688788381992
92 99 0.2332352078688213
141 99 -0.1467714898305733
205 99 0.1091175785968875
7 100 -0.08920620580763855
16 100 0.1820914050986799
32 100 -0.6107531398786501
57 100 -0.659688788381992
93 100 0.2332352078688213
142 100 -0.1467714898305733
206 100 0.1091175785968875
43 101 1
44 102 1
45 103 1
17 104 0.16286750396764
33 104 -0.5984134206021491
58 104 -0.6690465435572889
94 104 0.2408842868867123
143 104 -0.1532978214649914
207 104 0.1148429368269212
18 105 0.16286750396764
34 105 -0.5984134206021491
59 105 -0.6690465435572889
95 105 0.2408842868867123
144 105 -0.1532978214649914
208 105 0.1148429368269212
19 106 0.16286750396764
35 106 -0.5984134206021491
60 106 -0.6690465435572889
96 106 0.2408842868867123
145 106 -0.1532978214649914
209 106 0.1148429368269212
46 107 1
47 108 1
48 109 1
49 110 1
36 111 -0.5641895835477562
61 111 -0.6909882989426709
97 111 0.2575161346821262
146 111 -0.1668895294531134
210 111 0.1264379121271375
37 112 -0.5641895835477562
62 112 -0.6909882989426709
98 112 0.2575161346821262
147 112 -0.1668895294531134
211 112 0.1264379121271375
38 113 -0.5641895835477562
63 113 -0.6909882989426709
99 113 0.2575161346821262
148 113 -0.1668895294531134
212 113 0.1264379121271375
39 114 -0.5641895835477562
64 114 -0.6909882989426709
100 114 0.2575161346821262
149 114 -0.1668895294531134
213 114 0.1264379121271375
50 115 1
51 116 1
52 117 1
53 118 1
54 119 1
65 120 -0.7978845608028654
101 120 0.3257350079352799
150 120 -0.2185096861184158
214 120 0.1685838828361839
66 121 -0.7978845608028654
102 121 0.3257350079352799
151 121 -0.2185096861184158
215 121 0.1685838828361839
67 122 -0.7978845608028654
103 122 0.3257350079352799
152 122 -0.2185096861184158
216 122 0.1685838828361839
68 123 -0.7978845608028654
104 123 0.3257350079352799
153 123 -0.2185096861184158
217 123 0.1685838828361839
69 124 -0.7978845608028654
105 124 0.3257350079352799
154 124 -0.2185096861184158
218 124 0.1685838828361839
0 125 -0.04397925255879953
2 125 0.06925289659588951
8 125 -0.1083979290990209
20 125 0.1951385752042094
40 125 -0.6209271440908991
70 125 -0.6512338827915564
112 125 0.2259419052512467
168 125 -0.1403232545034679
240 125 0.1033156428657451
55 126 1
3 127 0.05960340337611203
9 127 -0.1021985476433283
21 127 0.1904357497768608
41 127 -0.6170823570053585
71 127 -0.6545146787835997
113 127 0.2288202621218269
169 127 -0.1428982078943777
241 127 0.1056526411710521
4 128 0.05960340337611203
10 128 -0.1021985476433283
22 128 0.1904357497768608
42 128 -0.6170823570053585
72 128 -0.6545146787835997
114 128 0.2288202621218269
170 128 -0.1428982078943777
242 128 0.1056526411710521
56 129 1
57 130 1
11 131 -0.08920620580763855
23 131 0.1820914050986799
43 131 -0.6107531398786501
73 131 -0.659688788381992
115 131 0.2332352078688213
171 131 -0.1467714898305733
243 131 0.1091175785968875
12 132 -0.08920620580763855
24 132 0.1820914050986799
44 132 -0.6107531398786501
74 132 -0.659688788381992
116 132 0.2332352078688213
172 132 -0.1467714898305733
244 132 0.1091175785968875
13 133 -0.08920620580763855
25 133 0.1820914050986799
45 133 -0.6107531398786501
75 133 -0.659688788381992
117 133 0.2332352078688213
173 133 -0.1467714898305733
245 133 0.1091175785968875
58 134 1
59 135 1
60 136 1
26 137 0.16286750396764
46 137 -0.5984134206021491
76 137 -0.6690465435572889
118 137 0.2408842868867123
174 137 -0.1532978214649914
246 137 0.1148429368269212
27 138 0.16286750396764
47 138 -0.5984134206021491
77 138 -0.6690465435572889
119 138 0.2408842868867123
175 138 -0.1532978214649914
247 138 0.1148429368269212
28 139 0.16286750396764
48 139 -0.5984134206021491
78 139 -0.6690465435572889
120 139 0.2408842868867123
176 139 -0.1532978214649914
248 139 0.1148429368269212
29 140 0.16286750396764
49 140 -0.5984134206021491
79 140 -0.6690465435572889
121 140 0.2408842868867123
177 140 -0.1532978214649914
249 140 0.1148429368269212
61 141 1
62 142 1
63 143 1
64 144 1
50 145 -0.5641895835477562
80 145 -0.6909882989426709
122 145 0.2575161346821262
178 145 -0.1668895294531134
250 145 0.1264379121271375
51 146 -0.5641895835477562
81 146 -0.6909882989426709
123 146 0.2575161346821262
179 146 -0.1668895294531134
251 146 0.1264379121271375
52 147 -0.5641895835477562
82 147 -0.6909882989426709
124 147 0.2575161346821262
180 147 -0.1668895294531134
252 147 0.1264379121271375
53 148 -0.5641895835477562
83 148 -0.6909882989426709
125 148 0.2575161346821262
181 148 -0.1668895294531134
253 148 0.1264379121271375
54 149 -0.5641895835477562
84 149 -0.6909882989426709
126 149 0.2575161346821262
182 149 -0.1668895294531134
254 149 0.1264379121271375
65 150 1
66 151 1
67 152 1
68 153 1
69 154 1
85 155 -0.7978845608028654
127 155 0.3257350079352799
183 155 -0.2185096861184158
255 155 0.1685838828361839
86 156 -0.7978845608028654
128 156 0.3257350079352799
184 156 -0.2185096861184158
256 156 0.1685838828361839
87 157 -0.7978845608028654
129 157 0.3257350079352799
185 157 -0.2185096861184158
257 157 0.1685838828361839
88 158 -0.7978845608028654
130 158 0.3257350079352799
186 158 -0.2185096861184158
258 158 0.1685838828361839
89 159 -0.7978845608028654
131 159 0.3257350079352799
187 159 -0.2185096861184158
259 159 0.1685838828361839
90 160 -0.7978845608028654
132 160 0.3257350079352799
188 160 -0.2185096861184158
260 160 0.1685838828361839
70 161 1
1 162 -0.04397925255879953
5 162 0.06925289659588951
14 162 -0.1083979290990209
30 162 0.1951385752042094
55 162 -0.6209271440908991
91 162 -0.6512338827915564
140 162 0.2259419052512467
204 162 -0.1403232545034679
71 163 1
72 164 1
6 165 0.05960340337611203
15 165 -0.1021985476433283
31 165 0.1904357497768608
56 165 -0.6170823570053585
92 165 -0.6545146787835997
141 165 0.2288202621218269
205 165 -0.1428982078943777
7 166 0.05960340337611203
16 166 -0.1021985476433283
32 166 0.1904357497768608
57 166 -0.6170823570053585
93 166 -0.6545146787835997
142 166 0.2288202621218269
206 166 -0.1428982078943777
73 167 1
74 168 1
75 169 1
17 170 -0.08920620580763855
33 170 0.1820914050986799
58 170 -0.6107531398786501
94 170 -0.659688788381992
143 170 0.2332352078688213
207 170 -0.1467714898305733
18 171 -0.08920620580763855
34 171 0.1820914050986799
59 171 -0.6107531398786501
95 171 -0.659688788381992
144 171 0.2332352078688213
208 171 -0.1467714898305733
19 172 -0.08920620580763855
35 172 0.1820914050986799
60 172 -0.6107531398786501
96 172 -0.659688788381992
145 172 0.2332352078688213
209 172 -0.1467714898305733
76 173 1
77 174 1
78 175 1
79 176 1
36 177 0.16286750396764
61 177 -0.5984134206021491
97 177 -0.6690465435572889
146 177 0.2408842868867123
210 177 -0.1532978214649914
37 178 0.16286750396764
62 178 -0.5984134206021491
98 178 -0.6690465435572889
147 178 0.2408842868867123
211 178 -0.1532978214649914
38 179 0.16286750396764
63 179 -0.5984134206021491
99 179 -0.6690465435572889
148 179 0.2408842868867123
212 179 -0.1532978214649914
39 180 0.16286750396764
64 180 -0.5984134206021491
100 180 -0.6690465435572889
149 180 0.2408842868867123
213 180 -0.1532978214649914
80 181 1
81 182 1
82 183 1
83 184 1
84 185 1
65 186 -0.5641895835477562
101 186 -0.6909882989426709
150 186 0.2575161346821262
214 186 -0.1668895294531134
66 187 -0.5641895835477562
102 187 -0.6909882989426709
151 187 0.2575161346821262
215 187 -0.1668895294531134
67 188 -0.5641895835477562
103 188 -0.6909882989426709
152 188 0.2575161346821262
216 188 -0.1668895294531134
68 189 -0.5641895835477562
104 189 -0.6909882989426709
153 189 0.2575161346821262
217 189 -0.1668895294531134
69 190 -0.5641895835477562
105 190 -0.6909882989426709
154 190 0.2575161346821262
218 190 -0.1668895294531134
85 191 1
86 192 1
87 193 1
88 194 1
89 195 1
90 196 1
106 197 -0.7978845608028654
155 197 0.3257350079352799
219 197 -0.2185096861184158
107 198 -0.7978845608028654
156 198 0.3257350079352799
220 198 -0.2185096861184158
108 199 -0.7978845608028654
157 199 0.3257350079352799
221 199 -0.2185096861184158
109 200 -0.7978845608028654
158 200 0.3257350079352799
222 200 -0.2185096861184158
110 201 -0.7978845608028654
159 201 0.3257350079352799
223 201 -0.2185096861184158
111 202 -0.7978845608028654
160 202 0.3257350079352799
224 202 -0.2185096861184158
0 203 0.03445112338253753
2 203 -0.05157024482676209
8 203 0.07413079696003722
20 203 -0.1120985770016755
40 203 0.1981641598981175
70 203 -0.623508972874051
112 203 -0.6489687145969804
168 203 0.2239154795170237
240 203 -0.138484075988923
91 204 1
3 205 -0.04397925255879953
9 205 0.06925289659588951
21 205 -0.1083979290990209
41 205 0.1951385752042094
71 205 -0.6209271440908991
113 205 -0.6512338827915564
169 205 0.2259419052512467
241 205 -0.1403232545034679
4 206 -0.04397925255879953
10 206 0.06925289659588951
22 206 -0.1083979290990209
42 206 0.1951385752042094
72 206 -0.6209271440908991
114 206 -0.6512338827915564
170 206 0.2259419052512467
242 206 -0.1403232545034679
92 207 1
93 208 1
11 209 0.05960340337611203
23 209 -0.1021985476433283
43 209 0.1904357497768608
73 209 -0.6170823570053585
115 209 -0.6545146787835997
171 209 0.2288202621218269
243 209 -0.1428982078943777
12 210 0.05960340337611203
24 210 -0.1021985476433283
44 210 0.1904357497768608
74 210 -0.6170823570053585
116 210 -0.6545146787835997
172 210 0.2288202621218269
244 210 -0.1428982078943777
13 211 0.05960340337611203
25 211 -0.1021985476433283
45 211 0.1904357497768608
75 211 -0.6170823570053585
117 211 -0.6545146787835997
173 211 0.2288202621218269
245 211 -0.1428982078943777
94 212 1
95 213 1
96 214 1
26 215 -0.08920620580763855
46 215 0.1820914050986799
76 215 -0.6107531398786501
118 215 -0.659688788381992
174 215 0.2332352078688213
246 215 -0.1467714898305733
27 216 -0.08920620580763855
47 216 0.1820914050986799
77 216 -0.6107531398786501
119 216 -0.659688788381992
175 216 0.2332352078688213
247 216 -0.1467714898305733
28 217 -0.08920620580763855
48 217 0.1820914050986799
78 217 -0.6107531398786501
120 217 -0.659688788381992
176 217 0.2332352078688213
248 217 -0.1467714898305733
29 218 -0.08920620580763855
49 218 0.1820914050986799
79 218 -0.6107531398786501
121 218 -0.659688788381992
177 218 0.2332352078688213
249 218 -0.1467714898305733
97 219 1
98 220 1
99 221 1
100 222 1
50 223 0.16286750396764
80 223 -0.5984134206021491
122 223 -0.6690465435572889
178 223 0.2408842868867123
250 223 -0.1532978214649914
51 224 0.16286750396764
81 224 -0.5984134206021491
123 224 -0.6690465435572889
179 224 0.2408842868867123
251 224 -0.1532978214649914
52 225 0.16286750396764
82 225 -0.5984134206021491
124 225 -0.6690465435572889
180 225 0.2408842868867123
252 225 -0.1532978214649914
53 226 0.16286750396764
83 226 -0.5984134206021491
125 226 -0.6690465435572889
181 226 0.2408842868867123
253 226 -0.1532978214649914
54 227 0.16286750396764
84 227 -0.5984134206021491
126 227 -0.6690465435572889
182 227 0.2408842868867123
254 227 -0.1532978214649914
101 228 1
102 229 1
103 230 1
104 231 1
105 232 1
85 233 -0.5641895835477562
127 233 -0.6909882989426709
183 233 0.2575161346821262
255 233 -0.1668895294531134
86 234 -0.5641895835477562
128 234 -0.6909882989426709
184 234 0.2575161346821262
256 234 -0.1668895294531134
87 235 -0.5641895835477562
129 235 -0.6909882989426709
185 235 0.2575161346821262
257 235 -0.1668895294531134
88 236 -0.5641895835477562
130 236 -0.6909882989426709
186 236 0.2575161346821262
258 236 -0.1668895294531134
89 237 -0.5641895835477562
131 237 -0.6909882989426709
187 237 0.2575161346821262
259 237 -0.1668895294531134
90 238 -0.5641895835477562
132 238 -0.6909882989426709
188 238 0.2575161346821262
260 238 -0.1668895294531134
106 239 1
107 240 1
108 241 1
109 242 1
110 243 1
111 244 1
133 245 -0.7978845608028654
189 245 0.3257350079352799
261 245 -0.2185096861184158
134 246 -0.7978845608028654
190 246 0.3257350079352799
262 246 -0.2185096861184158
135 247 -0.7978845608028654
191 247 0.3257350079352799
263 247 -0.2185096861184158
136 248 -0.7978845608028654
192 248 0.3257350079352799
264 248 -0.2185096861184158
137 249 -0.7978845608028654
193 249 0.3257350079352799
265 249 -0.2185096861184158
138 250 -0.7978845608028654
194 250 0.3257350079352799
266 250 -0.2185096861184158
139 251 -0.7978845608028654
195 251 0.3257350079352799
267 251 -0.2185096861184158
112 252 1
1 253 0.03445112338253753
5 253 -0.05157024482676209
14 253 0.07413079696003722
30 253 -0.1120985770016755
55 253 0.1981641598981175
91 253 -0.623508972874051
140 253 -0.6489687145969804
204 253 0.2239154795170237
113 254 1
114 255 1
6 256 -0.04397925255879953
15 256 0.06925289659588951
31 256 -0.1083979290990209
56 256 0.1951385752042094
92 256 -0.6209271440908991
141 256 -0.6512338827915564
205 256 0.2259419052512467
7 257 -0.04397925255879953
16 257 0.06925289659588951
32 257 -0.1083979290990209
57 257 0.1951385752042094
93 257 -0.6209271440908991
142 257 -0.6512338827915564
206 257 0.2259419052512467
115 258 1
116 259 1
117 260 1
17 261 0.05960340337611203
33 261 -0.1021985476433283
58 261 0.1904357497768608
94 261 -0.6170823570053585
143 261 -0.6545146787835997
207 261 0.2288202621218269
18 262 0.05960340337611203
34 262 -0.1021985476433283
59 262 0.1904357497768608
95 262 -0.6170823570053585
144 262 -0.6545146787835997
208 262 0.2288202621218269
19 263 0.05960340337611203
35 263 -0.1021985476433283
60 263 0.1904357497768608
96 263 -0.6170823570053585
145 263 -0.6545146787835997
209 263 0.2288202621218269
118 264 1
119 265 1
120 266 1
121 267 1
36 268 -0.08920620580763855
61 268 0.1820914050986799
97 268 -0.6107531398786501
146 268 -0.659688788381992
210 268 0.2332352078688213
37 269 -0.08920620580763855
62 269 0.1820914050986799
98 269 -0.6107531398786501
147 269 -0.659688788381992
211 269 0.2332352078688213
38 270 -0.08920620580763855
63 270 0.1820914050986799
99 270 -0.6107531398786501
148 270 -0.659688788381992
212 270 0.2332352078688213
39 271 -0.08920620580763855
64 271 0.1820914050986799
100 271 -0.6107531398786501
149 271 -0.659688788381992
213 271 0.2332352078688213
122 272 1
123 273 1
124 274 1
125 275 1
126 276 1
65 277 0.16286750396764
101 277 -0.5984134206021491
150 277 -0.6690465435572889
214 277 0.2408842868867123
66 278 0.16286750396764
102 278 -0.5984134206021491
151 278 -0.6690465435572889
215 278 0.2408842868867123
67 279 0.16286750396764
103 279 -0.5984134206021491
152 279 -0.6690465435572889
216 279 0.2408842868867123
68 280 0.16286750396764
104 280 -0.5984134206021491
153 280 -0.6690465435572889
217 280 0.2408842868867123
69 281 0.16286750396764
105 281 -0.5984134206021491
154 281 -0.6690465435572889
218 281 0.2408842868867123
127 282 1
128 283 1
129 284 1
130 285 1
131 286 1
132 287 1
106 288 -0.5641895835477562
155 288 -0.6909882989426709
219 288 0.2575161346821262
107 289 -0.5641895835477562
156 289 -0.6909882989426709
220 289 0.2575161346821262
108 290 -0.5641895835477562
157 290 -0.6909882989426709
221 290 0.2575161346821262
109 291 -0.5641895835477562
158 291 -0.6909882989426709
222 291 0.2575161346821262
110 292 -0.5641895835477562
159 292 -0.6909882989426709
223 292 0.2575161346821262
111 293 -0.5641895835477562
160 293 -0.6909882989426709
224 293 0.2575161346821262
133 294 1
134 295 1
135 296 1
136 297 1
137 298 1
138 299 1
139 300 1
161 301 -0.7978845608028654
225 301 0.3257350079352799
162 302 -0.7978845608028654
226 302 0.3257350079352799
163 303 -0.7978845608028654
227 303 0.3257350079352799
164 304 -0.7978845608028654
228 304 0.3257350079352799
165 305 -0.7978845608028654
229 305 0.3257350079352799
166 306 -0.7978845608028654
230 306 0.3257350079352799
167 307 -0.7978845608028654
231 307 0.3257350079352799
0 308 -0.02809055883206452
2 308 0.04065899838483927
8 308 -0.05555995150783899
20 308 0.07715777977251848
40 308 -0.1145734575267368
70 308 0.2002760933658141
112 308 -0.6253619010982796
168 308 -0.6473110651091718
240 308 0.2224109911730117
140 309 1
3 310 0.03445112338253753
9 310 -0.05157024482676209
21 310 0.07413079696003722
41 310 -0.1120985770016755
71 310 0.1981641598981175
113 310 -0.623508972874051
169 310 -0.6489687145969804
241 310 0.2239154795170237
4 311 0.03445112338253753
10 311 -0.05157024482676209
22 311 0.07413079696003722
42 311 -0.1120985770016755
72 311 0.1981641598981175
114 311 -0.623508972874051
170 311 -0.6489687145969804
242 311 0.2239154795170237
141 312 1
142 313 1
11 314 -0.04397925255879953
23 314 0.06925289659588951
43 314 -0.1083979290990209
73 314 0.1951385752042094
115 314 -0.6209271440908991
171 314 -0.6512338827915564
243 314 0.2259419052512467
12 315 -0.04397925255879953
24 315 0.06925289659588951
44 315 -0.1083979290990209
74 315 0.1951385752042094
116 315 -0.6209271440908991
172 315 -0.6512338827915564
244 315 0.2259419052512467
13 316 -0.04397925255879953
25 316 0.06925289659588951
45 316 -0.1083979290990209
75 316 0.1951385752042094
117 316 -0.6209271440908991
173 316 -0.6512338827915564
245 316 0.2259419052512467
143 317 1
144 318 1
145 319 1
26 320 0.05960340337611203
46 320 -0.1021985476433283
76 320 0.1904357497768608
118 320 -0.6170823570053585
174 320 -0.6545146787835997
246 320 0.2288202621218269
27 321 0.05960340337611203
47 321 -0.1021985476433283
77 321 0.1904357497768608
119 321 -0.6170823570053585
175 321 -0.6545146787835997
247 321 0.2288202621218269
28 322 0.05960340337611203
48 322 -0.1021985476433283
78 322 0.1904357497768608
120 322 -0.6170823570053585
176 322 -0.6545146787835997
248 322 0.2288202621218269
29 323 0.05960340337611203
49 323 -0.1021985476433283
79 323 0.1904357497768608
121 323 -0.6170823570053585
177 323 -0.6545146787835997
249 323 0.2288202621218269
146 324 1
147 325 1
148 326 1
149 327 1
50 328 -0.08920620580763855
80 328 0.1820914050986799
122 328 -0.6107531398786501
178 328 -0.659688788381992
250 328 0.2332352078688213
51 329 -0.08920620580763855
81 329 0.1820914050986799
123 329 -0.6107531398786501
179 329 -0.659688788381992
251 329 0.2332352078688213
52 330 -0.08920620580763855
82 330 0.1820914050986799
124 330 -0.6107531398786501
180 330 -0.659688788381992
252 330 0.2332352078688213
53 331 -0.08920620580763855
83 331 0.1820914050986799
125 331 -0.6107531398786501
181 331 -0.659688788381992
253 331 0.2332352078688213
54 332 -0.08920620580763855
84 332 0.1820914050986799
126 332 -0.6107531398786501
182 332 -0.659688788381992
254 332 0.2332352078688213
150 333 1
151 334 1
152 335 1
153 336 1
154 337 1
85 338 0.16286750396764
127 338 -0.5984134206021491
183 338 -0.6690465435572889
255 338 0.2408842868867123
86 339 0.16286750396764
128 339 -0.5984134206021491
184 339 -0.6690465435572889
256 339 0.2408842868867123
87 340 0.16286750396764
129 340 -0.5984134206021491
185 340 -0.6690465435572889
257 340 0.2408842868867123
88 341 0.16286750396764
130 341 -0.5984134206021491
186 341 -0.6690465435572889
258 341 0.2408842868867123
89 342 0.16286750396764
131 342 -0.5984134206021491
187 342 -0.6690465435572889
259 342 0.2408842868867123
90 343 0.16286750396764
132 343 -0.5984134206021491
188 343 -0.6690465435572889
260 343 0.2408842868867123
155 344 1
156 345 1
157 346 1
158 347 1
159 348 1
160 349 1
133 350 -0.5641895835477562
189 350 -0.6909882989426709
261 350 0.2575161346821262
134 351 -0.5641895835477562
190 351 -0.6909882989426709
262 351 0.2575161346821262
135 352 -0.5641895835477562
191 352 -0.6909882989426709
263 352 0.2575161346821262
136 353 -0.5641895835477562
192 353 -0.6909882989426709
264 353 0.2575161346821262
137 354 -0.5641895835477562
193 354 -0.6909882989426709
265 354 0.2575161346821262
138 355 -0.5641895835477562
194 355 -0.6909882989426709
266 355 0.2575161346821262
139 356 -0.5641895835477562
195 356 -0.6909882989426709
267 356 0.2575161346821262
161 357 1
162 358 1
163 359 1
164 360 1
165 361 1
166 362 1
167 363 1
196 364 -0.7978845608028654
268 364 0.3257350079352799
197 365 -0.7978845608028654
269 365 0.3257350079352799
198 366 -0.7978845608028654
270 366 0.3257350079352799
199 367 -0.7978845608028654
271 367 0.3257350079352799
200 368 -0.7978845608028654
272 368 0.3257350079352799
201 369 -0.7978845608028654
273 369 0.3257350079352799
202 370 -0.7978845608028654
274 370 0.3257350079352799
203 371 -0.7978845608028654
275 371 0.3257350079352799
168 372 1
1 373 -0.02809055883206452
5 373 0.04065899838483927
14 373 -0.05555995150783899
30 373 0.07715777977251848
55 373 -0.1145734575267368
91 373 0.2002760933658141
140 373 -0.6253619010982796
204 373 -0.6473110651091718
169 374 1
170 375 1
6 376 0.03445112338253753
15 376 -0.05157024482676209
31 376 0.07413079696003722
56 376 -0.1120985770016755
92 376 0.1981641598981175
141 376 -0.623508972874051
205 376 -0.6489687145969804
7 377 0.03445112338253753
16 377 -0.05157024482676209
32 377 0.07413079696003722
57 377 -0.1120985770016755
93 377 0.1981641598981175
142 377 -0.623508972874051
206 377 -0.6489687145969804
171 378 1
172 379 1
173 380 1
17 381 -0.04397925255879953
33 381 0.06925289659588951
58 381 -0.1083979290990209
94 381 0.1951385752042094
143 381 -0.6209271440908991
207 381 -0.6512338827915564
18 382 -0.04397925255879953
34 382 0.06925289659588951
59 382 -0.1083979290990209
95 382 0.1951385752042094
144 382 -0.6209271440908991
208 382 -0.6512338827915564
19 383 -0.04397925255879953
35 383 0.06925289659588951
60 383 -0.1083979290990209
96 383 0.1951385752042094
145 383 -0.6209271440908991
209 383 -0.6512338827915564
174 384 1
175 385 1
176 386 1
177 387 1
36 388 0.05960340337611203
61 388 -0.1021985476433283
97 388 0.1904357497768608
146 388 -0.6170823570053585
210 388 -0.6545146787835997
37 389 0.05960340337611203
62 389 -0.1021985476433283
98 389 0.1904357497768608
147 389 -0.6170823570053585
211 389 -0.6545146787835997
38 390 0.05960340337611203
63 390 -0.1021985476433283
99 390 0.1904357497768608
148 390 -0.6170823570053585
212 390 -0.6545146787835997
39 391 0.05960340337611203
64 391 -0.1021985476433283
100 391 0.1904357497768608
149 391 -0.6170823570053585
213 391 -0.6545146787835997
178 392 1
179 393 1
180 394 1
181 395 1
182 396 1
65 397 -0.08920620580763855
101 397 0.1820914050986799
150 397 -0.6107531398786501
214 397 -0.659688788381992
66 398 -0.08920620580763855
102 398 0.1820914050986799
151 398 -0.6107531398786501
215 398 -0.659688788381992
67 399 -0.08920620580763855
103 399 0.1820914050986799
152 399 -0.6107531398786501
216 399 -0.659688788381992
68 400 -0.08920620580763855
104 400 0.1820914050986799
153 400 -0.6107531398786501
217 400 -0.659688788381992
69 401 -0.08920620580763855
105 401 0.1820914050986799
154 401 -0.6107531398786501
218 401 -0.659688788381992
183 402 1
184 403 1
185 404 1
186 405 1
187 406 1
188 407 1
106 408 0.16286750396764
155 408 -0.5984134206021491
219 408 -0.6690465435572889
107 409 0.16286750396764
156 409 -0.5984134206021491
220 409 -0.6690465435572889
108 410 0.16286750396764
157 410 -0.5984134206021491
221 410 -0.6690465435572889
109 411 0.16286750396764
158 411 -0.5984134206021491
222 411 -0.6690465435572889
110 412 0.16286750396764
159 412 -0.5984134206021491
223 412 -0.6690465435572889
111 413 0.16286750396764
160 413 -0.5984134206021491
224 413 -0.6690465435572889
189 414 1
190 415 1
191 416 1
192 417 1
193 418 1
194 419 1
195 420 1
161 421 -0.5641895835477562
225 421 -0.6909882989426709
162 422 -0.5641895835477562
226 422 -0.6909882989426709
163 423 -0.5641895835477562
227 423 -0.6909882989426709
164 424 -0.5641895835477562
228 424 -0.6909882989426709
165 425 -0.5641895835477562
229 425 -0.6909882989426709
166 426 -0.5641895835477562
230 426 -0.6909882989426709
167 427 -0.5641895835477562
231 427 -0.6909882989426709
196 428 1
197 429 1
198 430 1
199 431 1
200 432 1
201 433 1
202 434 1
203 435 1
232 436 -0.7978845608028654
233 437 -0.7978845608028654
234 438 -0.7978845608028654
235 439 -0.7978845608028654
236 440 -0.7978845608028654
237 441 -0.7978845608028654
238 442 -0.7978845608028654
239 443 -0.7978845608028654
0 444 0.0235720910841532
2 444 -0.03331130499610624
8 444 0.04401465686712669
20 444 -0.05810598812847567
40 444 0.07923948087829535
70 444 -0.116349896137392
112 444 0.2018346856921874
168 444 -0.6267562437459036
240 444 -0.6460455486199304
204 445 1
3 446 -0.02809055883206452
9 446 0.04065899838483927
21 446 -0.05555995150783899
41 446 0.07715777977251848
71 446 -0.1145734575267368
113 446 0.2002760933658141
169 446 -0.6253619010982796
241 446 -0.6473110651091718
4 447 -0.02809055883206452
10 447 0.04065899838483927
22 447 -0.05555995150783899
42 447 0.07715777977251848
72 447 -0.1145734575267368
114 447 0.2002760933658141
170 447 -0.6253619010982796
242 447 -0.6473110651091718
205 448 1
206 449 1
11 450 0.03445112338253753
23 450 -0.05157024482676209
43 450 0.07413079696003722
73 450 -0.1120985770016755
115 450 0.1981641598981175
171 450 -0.623508972874051
243 450 -0.6489687145969804
12 451 0.03445112338253753
24 451 -0.05157024482676209
44 451 0.07413079696003722
74 451 -0.1120985770016755
116 451 0.1981641598981175
172 451 -0.623508972874051
244 451 -0.6489687145969804
13 452 0.03445112338253753
25 452 -0.05157024482676209
45 452 0.07413079696003722
75 452 -0.1120985770016755
117 452 0.1981641598981175
173 452 -0.623508972874051
245 452 -0.6489687145969804
207 453 1
208 454 1
209 455 1
26 456 -0.04397925255879953
46 456 0.06925289659588951
76 456 -0.1083979290990209
118 456 0.1951385752042094
174 456 -0.6209271440908991
246 456 -0.6512338827915564
27 457 -0.04397925255879953
47 457 0.06925289659588951
77 457 -0.1083979290990209
119 457 0.1951385752042094
175 457 -0.6209271440908991
247 457 -0.6512338827915564
28 458 -0.04397925255879953
48 458 0.06925289659588951
78 458 -0.1083979290990209
120 458 0.1951385752042094
176 458 -0.6209271440908991
248 458 -0.6512338827915564
29 459 -0.04397925255879953
49 459 0.06925289659588951
79 459 -0.1083979290990209
121 459 0.1951385752042094
177 459 -0.6209271440908991
249 459 -0.6512338827915564
210 460 1
211 461 1
212 462 1
213 463 1
50 464 0.05960340337611203
80 464 -0.1021985476433283
122 464 0.1904357497768608
178 464 -0.6170823570053585
250 464 -0.6545146787835997
51 465 0.05960340337611203
81 465 -0.1021985476433283
123 465 0.1904357497768608
179 465 -0.6170823570053585
251 465 -0.6545146787835997
52 466 0.05960340337611203
82 466 -0.1021985476433283
124 466 0.1904357497768608
180 466 -0.6170823570053585
252 466 -0.6545146787835997
53 467 0.05960340337611203
83 467 -0.1021985476433283
125 467 0.1904357497768608
181 467 -0.6170823570053585
253 467 -0.6545146787835997
54 468 0.05960340337611203
84 468 -0.1021985476433283
126 468 0.1904357497768608
182 468 -0.6170823570053585
254 468 -0.6545146787835997
214 469 1
215 470 1
216 471 1
217 472 1
218 473 1
85 474 -0.08920620580763855
127 474 0.1820914050986799
183 474 -0.6107531398786501
255 474 -0.659688788381992
86 475 -0.08920620580763855
128 475 0.1820914050986799
184 475 -0.6107531398786501
256 475 -0.659688788381992
87 476 -0.08920620580763855
129 476 0.1820914050986799
185 476 -0.6107531398786501
257 476 -0.659688788381992
88 477 -0.08920620580763855
130 477 0.1820914050986799
186 477 -0.6107531398786501
258 477 -0.659688788381992
89 478 -0.08920620580763855
131 478 0.1820914050986799
187 478 -0.6107531398786501
259 478 -0.659688788381992
90 479 -0.08920620580763855
132 479 0.1820914050986799
188 479 -0.6107531398786501
260 479 -0.659688788381992
219 480 1
220 481 1
221 482 1
222 483 1
223 484 1
224 485 1
133 486 0.16286750396764
189 486 -0.5984134206021491
261 486 -0.6690465435572889
134 487 0.16286750396764
190 487 -0.5984134206021491
262 487 -0.6690465435572889
135 488 0.16286750396764
191 488 -0.5984134206021491
263 488 -0.6690465435572889
136 489 0.16286750396764
192 489 -0.5984134206021491
264 489 -0.6690465435572889
137 490 0.16286750396764
193 490 -0.5984134206021491
265 490 -0.6690465435572889
138 491 0.16286750396764
194 491 -0.5984134206021491
266 491 -0.6690465435572889
139 492 0.16286750396764
195 492 -0.5984134206021491
267 492 -0.6690465435572889
225 493 1
226 494 1
227 495 1
228 496 1
229 497 1
230 498 1
231 499 1
196 500 -0.5641895835477562
268 500 -0.6909882989426709
197 501 -0.5641895835477562
269 501 -0.6909882989426709
198 502 -0.5641895835477562
270 502 -0.6909882989426709
199 503 -0.5641895835477562
271 503 -0.6909882989426709
200 504 -0.5641895835477562
272 504 -0.6909882989426709
201 505 -0.5641895835477562
273 505 -0.6909882989426709
202 506 -0.5641895835477562
274 506 -0.6909882989426709
203 507 -0.5641895835477562
275 507 -0.6909882989426709
232 508 1
233 509 1
234 510 1
235 511 1
236 512 1
237 513 1
238 514 1
239 515 1
276 516 -0.7978845608028654
277 517 -0.7978845608028654
278 518 -0.7978845608028654
279 519 -0.7978845608028654
280 520 -0.7978845608028654
281 521 -0.7978845608028654
282 522 -0.7978845608028654
283 523 -0.7978845608028654
284 524 -0.7978845608028654
240 525 1
1 526 0.3771534573464517
5 526 -0.4856048017210142
14 526 0.575185040714202
30 526 -0.6653315589325017
55 526 0.7681507976395306
91 526 -0.9016392610119279
140 526 1.11467890243605
204 526 -1.745422121744261
241 527 1
242 528 1
6 529 -0.3932678236489037
15 529 0.5108438258608
31 529 -0.6124804724262738
56 529 0.7213622916354679
92 529 -0.8583322691851982
141 529 1.073284553912304
205 529 -1.704645107474175
7 530 -0.3932678236489037
16 530 0.5108438258608
32 530 -0.6124804724262738
57 530 0.7213622916354679
93 530 -0.8583322691851982
142 530 1.073284553912304
206 530 -1.704645107474175
243 531 1
244 532 1
245 533 1
17 534 0.4134134805904504
33 534 -0.5438316727185808
58 534 0.6643317481105543
94 534 -0.8072206744635151
143 534 1.025273830300328
207 534 -1.657751847695584
18 535 0.4134134805904504
34 535 -0.5438316727185808
59 535 0.6643317481105543
95 535 -0.8072206744635151
144 535 1.025273830300328
208 535 -1.657751847695584
19 536 0.4134134805904504
35 536 -0.5438316727185808
60 536 0.6643317481105543
96 536 -0.8072206744635151
145 536 1.025273830300328
209 536 -1.657751847695584
246 537 1
247 538 1
248 539 1
249 540 1
36 541 -0.4397925255879954
61 541 0.5899320821131318
97 541 -0.7444471532832211
146 541 0.9679935308769332
210 541 -1.602552102093605
37 542 -0.4397925255879954
62 542 0.5899320821131318
98 542 -0.7444471532832211
147 542 0.9679935308769332
211 542 -1.602552102093605
38 543 -0.4397925255879954
63 543 0.5899320821131318
99 543 -0.7444471532832211
148 543 0.9679935308769332
212 543 -1.602552102093605
39 544 -0.4397925255879954
64 544 0.5899320821131318
100 544 -0.7444471532832211
149 544 0.9679935308769332
213 544 -1.602552102093605
250 545 1
251 546 1
252 547 1
253 548 1
254 549 1
65 550 0.4768272270088965
101 550 -0.6618572609282206
150 550 0.8966803303779033
214 550 -1.535401652369249
66 551 0.4768272270088965
102 551 -0.6618572609282206
151 551 0.8966803303779033
215 551 -1.535401652369249
67 552 0.4768272270088965
103 552 -0.6618572609282206
152 552 0.8966803303779033
216 552 -1.535401652369249
68 553 0.4768272270088965
104 553 -0.6618572609282206
153 553 0.8966803303779033
217 553 -1.535401652369249
69 554 0.4768272270088965
105 554 -0.6618572609282206
154 554 0.8966803303779033
218 554 -1.535401652369249
255 555 1
256 556 1
257 557 1
258 558 1
259 559 1
260 560 1
106 561 -0.5352372348458316
155 561 0.8012021824341911
219 561 -1.449520785311995
107 562 -0.5352372348458316
156 562 0.8012021824341911
220 562 -1.449520785311995
108 563 -0.5352372348458316
157 563 0.8012021824341911
221 563 -1.449520785311995
109 564 -0.5352372348458316
158 564 0.8012021824341911
222 564 -1.449520785311995
110 565 -0.5352372348458316
159 565 0.8012021824341911
223 565 -1.449520785311995
111 566 -0.5352372348458316
160 566 0.8012021824341911
224 566 -1.449520785311995
261 567 1
262 568 1
263 569 1
264 570 1
265 571 1
266 572 1
267 573 1
161 574 0.6514700158705603
225 574 -1.329807601338109
162 575 0.6514700158705603
226 575 -1.329807601338109
163 576 0.6514700158705603
227 576 -1.329807601338109
164 577 0.6514700158705603
228 577 -1.329807601338109
165 578 0.6514700158705603
229 578 -1.329807601338109
166 579 0.6514700158705603
230 579 -1.329807601338109
167 580 0.6514700158705603
231 580 -1.329807601338109
268 581 1
269 582 1
270 583 1
271 584 1
272 585 1
273 586 1
274 587 1
275 588 1
232 589 -1.128379167095513
233 590 -1.128379167095513
234 591 -1.128379167095513
235 592 -1.128379167095513
236 593 -1.128379167095513
237 594 -1.128379167095513
238 595 -1.128379167095513
239 596 -1.128379167095513
276 597 1
277 598 1
278 599 1
279 600 1
280 601 1
281 602 1
282 603 1
283 604 1
284 605 1
