110
0 0 -0.7978845608028654
2 0 0.3257350079352799
8 0 -0.2185096861184158
20 0 0.1685838828361839
0 1 1
1 2 -0.7978845608028654
5 2 0.3257350079352799
14 2 -0.2185096861184158
0 3 -0.5641895835477562
2 3 -0.6909882989426709
8 3 0.2575161346821262
20 3 -0.1668895294531134
1 4 1
3 5 -0.7978845608028654
9 5 0.3257350079352799
21 5 -0.2185096861184158
4 6 -0.7978845608028654
10 6 0.3257350079352799
22 6 -0.2185096861184158
2 7 1
1 8 -0.5641895835477562
5 8 -0.6909882989426709
14 8 0.2575161346821262
3 9 1
4 10 1
6 11 -0.7978845608028654
15 11 0.3257350079352799
7 12 -0.7978845608028654
16 12 0.3257350079352799
0 13 0.16286750396764
2 13 -0.5984134206021491
8 13 -0.6690465435572889
20 13 0.2408842868867123
5 14 1
3 15 -0.5641895835477562
9 15 -0.6909882989426709
21 15 0.2575161346821262
4 16 -0.5641895835477562
10 16 -0.6909882989426709
22 16 0.2575161346821262
6 17 1
7 18 1
11 19 -0.7978845608028654
23 19 0.3257350079352799
12 20 -0.7978845608028654
24 20 0.3257350079352799
13 21 -0.7978845608028654
25 21 0.3257350079352799
8 22 1
1 23 0.16286750396764
5 23 -0.5984134206021491
14 23 -0.6690465435572889
9 24 1
10 25 1
6 26 -0.5641895835477562
15 26 -0.6909882989426709
7 27 -0.5641895835477562
16 27 -0.6909882989426709
11 28 1
12 29 1
13 30 1
17 31 -0.7978845608028654
18 32 -0.7978845608028654
19 33 -0.7978845608028654
0 34 -0.08920620580763855
2 34 0.1820914050986799
8 34 -0.6107531398786501
20 34 -0.659688788381992
14 35 1
3 36 0.16286750396764
9 36 -0.5984134206021491
21 36 -0.6690465435572889
4 37 0.16286750396764
10 37 -0.5984134206021491
22 37 -0.6690465435572889
15 38 1
16 39 1
11 40 -0.5641895835477562
23 40 -0.6909882989426709
12 41 -0.5641895835477562
24 41 -0.6909882989426709
13 42 -0.5641895835477562
25 42 -0.6909882989426709
17 43 1
18 44 1
19 45 1
26 46 -0.7978845608028654
27 47 -0.7978845608028654
28 48 -0.7978845608028654
29 49 -0.7978845608028654
20 50 1
1 51 -0.5352372348458316
5 51 0.8012021824341911
14 51 -1.449520785311995
21 52 1
22 53 1
6 54 0.6514700158705603
15 54 -1.329807601338109
7 55 0.6514700158705603
16 55 -1.329807601338109
23 56 1
24 57 1
25 58 1
17 59 -1.128379167095513
18 60 -1.128379167095513
19 61 -1.128379167095513
26 62 1
27 63 1
28 64 1
29 65 1
