70
0 0 -0.7978845608028654
2 0 0.3257350079352799
8 0 -0.2185096861184158
0 1 1
1 2 -0.7978845608028654
5 2 0.3257350079352799
14 2 -0.2185096861184158
0 3 -0.5641895835477562
2 3 -0.6909882989426709
8 3 0.2575161346821262
1 4 1
3 5 -0.7978845608028654
9 5 0.3257350079352799
4 6 -0.7978845608028654
10 6 0.3257350079352799
2 7 1
1 8 -0.5641895835477562
5 8 -0.6909882989426709
14 8 0.2575161346821262
3 9 1
4 10 1
6 11 -0.7978845608028654
15 11 0.3257350079352799
7 12 -0.7978845608028654
16 12 0.3257350079352799
0 13 0.16286750396764
2 13 -0.5984134206021491
8 13 -0.6690465435572889
5 14 1
3 15 -0.5641895835477562
9 15 -0.6909882989426709
4 16 -0.5641895835477562
10 16 -0.6909882989426709
6 17 1
7 18 1
11 19 -0.7978845608028654
12 20 -0.7978845608028654
13 21 -0.7978845608028654
8 22 1
1 23 0.16286750396764
5 23 -0.5984134206021491
14 23 -0.6690465435572889
9 24 1
10 25 1
6 26 -0.5641895835477562
15 26 -0.6909882989426709
7 27 -0.5641895835477562
16 27 -0.6909882989426709
11 28 1
12 29 1
13 30 1
17 31 -0.7978845608028654
18 32 -0.7978845608028654
19 33 -0.7978845608028654
0 34 -0.5352372348458316
2 34 0.8012021824341911
8 34 -1.449520785311995
14 35 1
3 36 0.6514700158705603
9 36 -1.329807601338109
4 37 0.6514700158705603
10 37 -1.329807601338109
15 38 1
16 39 1
11 40 -1.128379167095513
12 41 -1.128379167095513
13 42 -1.128379167095513
17 43 1
18 44 1
19 45 1
