188
0 0 0.5039177532283676
1 0 -0.7901308278642615
3 0 0.7055423992138993
5 0 9.62405034716761e-18
6 0 -1.197554625778356e-18
7 0 -0.3404476223932633
9 0 1.277804341105579e-19
10 0 1.210821677134471e-18
12 0 1.143957857177552e-16
13 0 -0.003225100269993231
15 0 7.66744501298447e-18
16 0 1.466439056176688e-18
18 0 -2.480427046707326e-34
20 0 3.367818963918015e-17
22 0 0.1073418447963949
24 0 4.45465133734131e-18
25 0 3.967648941381522e-18
27 0 -8.089003582018788e-17
29 0 -4.838183353713496e-18
2 1 0.47829217355732
4 1 -0.7962893334546837
8 1 0.7238903982989623
14 1 -0.3488698969543838
23 1 0.05482878385529806
0 2 -0.009358753278876437
1 2 -0.3404476223932635
3 2 0.8730787710518719
5 2 1.180686200335951e-16
6 2 3.103491637886023e-18
7 2 -1.165057659816937
9 2 -2.463792197375935e-17
10 2 1.235036160366504e-16
12 2 1.518469190773134e-16
13 2 0.9993474207261243
15 2 -3.770406965085407e-17
16 2 -4.069461826434854e-18
18 2 -2.05517452912723e-33
20 2 3.320220754531906e-17
22 2 -0.5364563912798449
24 2 6.527672217851005e-17
25 2 -1.025702393836838e-16
27 2 -1.073719861818532e-16
29 2 -2.537789602808394e-17
0 3 -4.99924463696138e-18
1 3 7.274840239684986e-18
3 3 9.978086805165813e-18
5 3 0.5087042296962436
6 3 1.203565806115067e-17
7 3 -3.329866843649057e-18
9 3 -0.7759665129036146
10 3 -3.605406651333152e-17
12 3 -3.489198223298383e-18
13 3 -1.232684792381871e-16
15 3 0.7052403795748794
16 3 -1.063303889220033e-17
18 3 9.603109073228213e-21
20 3 9.808981250102033e-32
22 3 5.645702431116003e-17
24 3 -0.3924537643417026
25 3 -1.841257534202918e-18
27 3 2.413549569218468e-18
29 3 -5.575431893516293e-32
0 4 -1.465559896967565e-19
1 4 -3.795671147771451e-19
3 4 3.777457557257051e-19
5 4 -2.553276798796816e-17
6 4 0.5087042296962435
7 4 1.886192198592896e-18
9 4 -9.156627312462628e-18
10 4 -0.7759665129036148
12 4 -1.407249106442026e-17
13 4 4.033780710800984e-19
15 4 8.20783344345207e-18
16 4 0.7052403795748793
18 4 3.253951373077333e-18
20 4 6.92740515389773e-34
22 4 2.46123064612161e-18
24 4 -2.350636707003673e-17
25 4 -0.3924537643417024
27 4 -8.240452517330274e-18
29 4 -2.279850584995804e-33
2 5 0.07132464662878152
4 5 -0.348869896954384
8 5 0.7934333361778712
14 5 -1.07351848164582
23 5 0.799705240236077
11 6 0.4198194058194252
17 6 -0.7271485408826215
26 6 0.5937142974572452
0 7 9.933604179142696e-34
1 7 3.218295124931882e-33
3 7 1.348113806970283e-32
5 7 1.640225820889461e-33
6 7 -4.38212168206932e-47
7 7 -3.634161495000449e-35
9 7 -9.074235872545854e-34
10 7 -2.050910376633301e-34
12 7 0.4198194058194251
13 7 -1.098203213794624e-33
15 7 3.461286366673826e-33
16 7 -3.576793005775866e-47
18 7 -0.7271485408826216
20 7 -2.063645333091734e-33
22 7 -3.035378817265561e-34
24 7 -4.10516756399192e-35
25 7 -6.829250659283482e-35
27 7 0.5937142974572454
29 7 -9.503153047628846e-35
0 8 0.02926339003128982
1 8 0.1073418447963946
3 8 -0.03773976254819889
5 8 4.858515201843716e-17
6 8 6.032813233684105e-18
7 8 -0.5364563912798452
9 8 5.58999955600081e-17
10 8 1.252153476385126e-16
12 8 2.691009353417164e-17
13 8 1.189887927025929
15 8 -1.071585587585394e-16
16 8 -7.743876038862136e-18
18 8 -1.7629584594171e-33
20 8 -7.210240897573949e-18
22 8 -1.057736348607767
24 8 9.636433643724703e-17
25 8 -1.166442563087413e-16
27 8 -1.902830962037705e-17
29 8 3.906599849297253e-17
0 9 -3.921699009037978e-18
1 9 -9.334700499432659e-18
3 9 2.384311525780564e-17
5 9 -0.03872966507662153
6 9 1.799775606325937e-17
7 9 5.0429388384681e-17
9 9 -0.3924537643417027
10 9 3.469446951953614e-18
12 9 -6.182263705843018e-17
13 9 2.223673523162883e-17
15 9 0.9285355305323884
16 9 6.938893903907228e-18
18 9 -1.126689959505085e-20
20 9 -1.055527302150568e-31
22 9 7.881443104693042e-17
24 9 -0.842412168283459
25 9 3.469446951953614e-17
27 9 4.377819346665657e-17
29 9 -5.121089463961779e-32
0 10 1.719467129750419e-19
1 10 4.453287154752039e-19
3 10 -4.431918982599107e-19
5 10 -3.050316901627778e-17
6 10 -0.03872966507662166
7 10 -2.212984992543695e-18
9 10 3.208091913780939e-17
10 10 -0.3924537643417025
12 10 1.651062615929953e-17
13 10 -4.732657473720122e-19
15 10 3.681416950240421e-18
16 10 0.9285355305323885
18 10 -3.817716025931799e-18
20 10 -8.127612143604422e-34
22 10 -2.887652531130605e-18
24 10 1.419975109378449e-17
25 10 -0.8424121682834589
27 10 9.668155429928774e-18
29 10 2.674847489667846e-33
19 11 0.5562092371233439
28 11 -0.5562092371233439
0 12 5.828250308323429e-17
1 12 -6.145132230603905e-17
3 12 -1.627696596020542e-18
5 12 -1.130265272916844e-18
6 12 -2.781406582636408e-18
7 12 2.318734541560853e-17
9 12 8.197531614368103e-19
10 12 -5.250323222946932e-18
12 12 -6.773236669853007e-18
13 12 -7.027418176197772e-17
15 12 -1.151660091305046e-17
16 12 1.056098759300711e-17
18 12 4.788871278728267e-34
20 12 0.5562092371233438
22 12 3.524867089321613e-17
24 12 1.728328691459703e-18
25 12 -1.222864028104102e-17
27 12 4.789401579834449e-18
29 12 -0.5562092371233438
21 13 0.5562092371233439
30 13 -0.5562092371233439
