21
0 0 0.5087042296962434
1 0 -0.7759665129036146
2 0 2.58341613308969e-19
3 0 0.705240379574879
4 0 5.751572659876022e-19
7 0 -0.3924537643417026
8 0 -3.398090251271514e-18
2 1 0.4198194058194252
4 1 -0.7271485408826217
8 1 0.5937142974572452
0 2 -0.03872966507662164
1 2 -0.3924537643417028
2 2 -3.031006933462513e-19
3 2 0.9285355305323886
4 2 -6.748063692529559e-19
7 2 -0.842412168283459
8 2 3.986827743394661e-18
5 3 0.5562092371233439
9 3 -0.5562092371233439
6 4 0.5562092371233439
10 4 -0.5562092371233439
