372
0 0 0.5023432184501673
1 0 -0.7939427885426094
2 0 6.009247452252555e-18
3 0 0.7059690806738915
4 0 -3.265574558143152e-17
5 0 1.392063860528738e-48
7 0 -0.3322014401503952
8 0 -3.115911434287371e-17
9 0 3.834804591987131e-52
12 0 1.389887143561644e-17
13 0 -0.0003146249923984754
14 0 -2.945950972976264e-17
15 0 4.496898554486493e-49
18 0 -2.646279760568445e-33
22 0 0.08329882695173702
23 0 7.657500568596574e-17
24 0 -9.160605060399765e-52
27 0 -9.827986242964393e-18
31 0 -2.084014411106558e-17
34 0 0.003731995537950117
35 0 -2.68641645529278e-17
36 0 -6.410680689727254e-50
39 0 2.327677860163094e-34
43 0 1.62579791475697e-33
50 0 -0.05579817095251982
51 0 9.174038003665371e-17
52 0 2.86438108599485e-51
55 0 8.511285754451131e-18
59 0 1.473620722183935e-17
0 1 -1.846890114112952e-19
1 1 -2.952654948591583e-18
2 1 0.4888427365122798
3 1 -1.747428530639496e-18
4 1 -0.7982944834327408
5 1 1.227148332234653e-33
7 1 2.075972726461797e-17
8 1 0.7152096301221899
9 1 -4.447215848951289e-36
12 1 -2.238226681487651e-17
13 1 -1.222100627352918e-17
14 1 -0.3268255514821793
15 1 -6.152095434396442e-34
18 1 1.617665841499161e-18
22 1 3.647828603306455e-17
23 1 -0.006371536369654131
24 1 1.06235368799859e-35
27 1 1.396006641936267e-17
31 1 2.748478124234661e-33
34 1 1.320714037567632e-17
35 1 0.08846773136357351
36 1 6.319664298308825e-37
39 1 -5.762898758539314e-18
43 1 -1.489658556948826e-49
50 1 1.722245474770668e-17
51 1 -0.03718777134154339
52 1 -3.321817489648953e-35
55 1 9.620201055749064e-18
59 1 -1.352984412882648e-33
0 2 -0.004570315816990578
1 2 -0.3322014401503953
2 2 -7.788891266225412e-17
3 2 0.8690317432674095
4 2 8.751394845541641e-17
5 2 -8.359027453461918e-50
7 2 -1.185568016226328
8 2 3.784406392370389e-17
9 2 -1.043749027801568e-51
12 2 -1.154524408140461e-17
13 2 0.9988602582773023
14 2 7.220893852197242e-18
15 2 -2.602177323537182e-49
18 2 2.751500706318981e-33
22 2 -0.4657356083585802
23 2 -9.889996560048616e-17
24 2 2.493314169339972e-51
27 2 8.163720380415052e-18
31 2 2.769919992306769e-18
34 2 -0.004580089010151722
35 2 9.394732457665801e-18
36 2 1.153390002647139e-49
39 2 -1.46619809781958e-33
43 2 -2.160892037759391e-34
50 2 0.1419185560250511
51 2 -1.038089825147561e-17
52 2 -7.796212041684712e-51
55 2 -7.069989238832184e-18
59 2 -1.958629209904303e-18
5 3 0.5039177532283677
9 3 -0.790130827864262
15 3 0.7055423992138996
24 3 -0.3404476223932633
36 3 -0.003225100269993453
52 3 0.1073418447963949
6 4 0.5039177532283677
10 4 -0.790130827864262
16 4 0.7055423992138996
25 4 -0.3404476223932634
37 4 -0.003225100269993453
53 4 0.1073418447963949
0 5 -1.105924312816851e-18
1 5 3.948882507127136e-19
2 5 0.02219190536927201
3 5 4.460299965924692e-18
4 5 -0.3268255514821797
5 5 -5.104904664253707e-34
7 5 -3.358936220943804e-19
8 5 0.8480501212636462
9 5 2.250020286656036e-36
12 5 -1.818187210065289e-17
13 5 -5.576016585540005e-18
14 5 -1.19221546782141
15 5 1.502966982479741e-34
18 5 -1.846794478091424e-18
22 5 -8.891383940421452e-18
23 5 1.017116114712422
24 5 -5.374862455044056e-36
27 5 2.074574104753062e-18
31 5 -2.432889852675728e-34
34 5 3.436287105651234e-19
35 5 -0.4822914250193674
36 5 7.94000589340706e-36
39 5 6.398357852092083e-18
43 5 -6.535155367096452e-51
50 5 -1.160679042207941e-17
51 5 0.08118498515471363
52 5 1.680637278274031e-35
55 5 -1.586507097984221e-17
59 5 2.73553426832297e-34
11 6 0.47829217355732
17 6 -0.7962893334546837
26 6 0.7238903982989623
38 6 -0.3488698969543837
54 6 0.05482878385529798
0 7 -2.651558519512653e-34
1 7 3.886341015723077e-33
2 7 2.67203310461531e-34
3 7 -1.395047445189501e-33
4 7 -3.895000512382854e-34
5 7 3.66939710771195e-17
7 7 5.254507563378634e-33
8 7 -1.649855753192423e-33
9 7 -1.413585038426148e-19
12 7 0.47829217355732
13 7 1.822501623409768e-33
14 7 -5.3561809778076e-35
15 7 -9.752928195594559e-18
18 7 -0.7962893334546837
22 7 7.786020179705165e-34
23 7 1.887405530189146e-33
24 7 3.376780731759849e-19
27 7 0.7238903982989622
31 7 1.7392304788347e-34
34 7 2.662316310777173e-33
35 7 -3.775695323163451e-35
36 7 2.456922980490722e-18
39 7 -0.3488698969543837
50 7 -2.921887500681544e-34
51 7 2.352929205985653e-33
52 7 -1.055867685139914e-18
55 7 0.05482878385529785
59 7 1.527244560797543e-35
0 8 0.008868782087400405
1 8 0.08329882695173726
2 8 6.517634793616648e-17
3 8 -0.007588252875854392
4 8 -1.733903157896559e-17
5 8 5.881096366220761e-49
7 8 -0.4657356083585804
8 8 7.813426115439304e-17
9 8 -1.000429378453634e-51
12 8 1.167199039353002e-17
13 8 1.124805538199663
14 8 -2.542314210898791e-17
15 8 3.416611792463685e-49
18 8 -2.356444134553811e-33
22 8 -1.457102632414976
23 8 -2.127742874072595e-17
24 8 2.389831921544422e-51
27 8 -8.253343557209312e-18
31 8 8.871157441063739e-18
34 8 1.224912538009694
35 8 2.466524580555685e-17
36 8 3.137003840253991e-50
39 8 1.30120563203199e-34
43 8 -6.920637972701984e-34
50 8 -0.6470997052696574
51 8 9.092018296658689e-17
52 8 -7.4726388809964e-51
55 8 7.147605186703871e-18
59 8 -6.272855583549667e-18
5 9 -0.009358753278876688
9 9 -0.3404476223932634
15 9 0.8730787710518718
24 9 -1.165057659816937
36 9 0.9993474207261231
52 9 -0.5364563912798445
6 10 -0.009358753278876669
10 10 -0.3404476223932633
16 10 0.8730787710518719
25 10 -1.165057659816937
37 10 0.9993474207261231
53 10 -0.5364563912798442
19 11 0.5087042296962435
28 11 -0.7759665129036147
40 11 0.7052403795748794
56 11 -0.3924537643417026
20 12 0.5087042296962435
29 12 -0.7759665129036147
41 12 0.7052403795748794
57 12 -0.3924537643417026
21 13 0.5087042296962435
30 13 -0.7759665129036147
42 13 0.7052403795748794
58 13 -0.3924537643417026
0 14 2.431199421458578e-19
1 14 2.629435390896635e-19
2 14 -0.06290593653653924
3 14 -7.219862254078648e-19
4 14 0.08846773136357371
5 14 -6.199480885703842e-35
7 14 -2.528126374177306e-18
8 14 0.05912100326926546
9 14 -9.419305267015649e-37
12 14 1.382692422371764e-17
13 14 1.323189304115548e-18
14 14 -0.4822914250193676
15 14 4.334930380131777e-34
18 14 4.204861450280399e-19
22 14 -4.551623440166991e-18
23 14 1.043296608533791
24 14 2.250089500637282e-36
27 14 -8.20687645656839e-18
31 14 -7.14894087272707e-34
34 14 -1.999345560146542e-18
35 14 -1.329882349101504
36 14 -5.443094448399935e-35
39 14 -1.484282993940839e-18
43 14 3.203561212730315e-50
50 14 8.273080275134884e-19
51 14 0.9555618019439405
52 14 -7.035685705175357e-36
55 14 6.583991785961018e-18
59 14 1.977734850265814e-34
11 15 0.07132464662878152
17 15 -0.348869896954384
26 15 0.7934333361778712
38 15 -1.07351848164582
54 15 0.799705240236077
0 16 -3.161250852371301e-34
1 16 -2.26184086392021e-34
2 16 -1.830657851756514e-34
3 16 7.85380840383659e-35
4 16 -7.005281426470997e-35
5 16 6.256424252913631e-17
7 16 1.930734540319692e-34
8 16 -5.185674655187283e-34
9 16 -2.410201855606633e-19
12 16 0.07132464662878135
13 16 -5.659303940900569e-35
14 16 -6.580002748954129e-35
15 16 -1.662901417009373e-17
18 16 -0.3488698969543838
22 16 2.14671901392057e-35
23 16 3.340986968601473e-35
24 16 5.757505183222615e-19
27 16 0.793433336177871
31 16 -9.02405981024006e-35
34 16 -2.639874414168474e-33
35 16 -4.212854319611652e-35
36 16 4.189122101387381e-18
39 16 -1.07351848164582
50 16 -6.066711808819992e-34
51 16 3.326636020364943e-33
52 16 -1.800283806648625e-18
55 16 0.7997052402360767
59 16 -2.360334706212791e-35
0 17 2.937497422349134e-33
1 17 -3.063094465178016e-33
2 17 -5.218853614603538e-34
3 17 7.040176293573289e-33
4 17 3.827919022308109e-33
5 17 1.839340221460077e-35
7 17 -1.971566613234192e-33
8 17 2.311910047156274e-34
9 17 2.766764221143852e-50
12 17 -2.577471290600198e-34
13 17 2.615636335325835e-34
14 17 1.063895190577069e-33
15 17 3.155492129037073e-36
18 17 2.782017851391314e-51
22 17 5.843739979624789e-33
23 17 2.613654192139367e-34
24 17 2.223884510470461e-51
27 17 -1.708457380267065e-35
31 17 0.4198194058194251
34 17 2.748762229866031e-35
35 17 -4.59928287804028e-34
36 17 1.059276808231907e-35
39 17 -1.251307231644851e-50
43 17 -0.7271485408826216
50 17 4.283356622027787e-33
51 17 -7.510451394390424e-33
52 17 4.734766797533785e-51
55 17 1.601318721510248e-36
59 17 0.5937142974572452
32 18 0.4198194058194252
44 18 -0.7271485408826215
60 18 0.5937142974572452
33 19 0.4198194058194252
45 19 -0.7271485408826215
61 19 0.5937142974572452
0 20 -0.02356499810770135
1 20 -0.05579817095251957
2 20 1.187331749376786e-16
3 20 0.02673737678576078
4 20 4.315072237418441e-17
5 20 -6.80895069540299e-49
7 20 0.1419185560250511
8 20 -5.366577856007007e-17
9 20 5.966012803449344e-52
12 20 -1.407691006279568e-17
13 20 -0.04089136332787045
14 20 1.814703887211081e-17
15 20 -5.763971932865535e-49
18 20 2.684173586608407e-33
22 20 -0.6470997052696577
23 20 -8.102461018698962e-17
24 20 -1.425164849123617e-51
27 20 9.95387856355597e-18
31 20 -1.480212153774935e-17
34 20 1.40351158103783
35 20 6.597290044879174e-18
36 20 -9.049321105289761e-51
39 20 2.913047212475311e-34
43 20 1.154754890455585e-33
50 20 -1.237252891356234
51 20 -6.549664724133573e-18
52 20 4.45627249656442e-51
55 20 -8.620311702224818e-18
59 20 1.046668051529e-17
5 21 0.02926339003129002
9 21 0.1073418447963947
15 21 -0.0377397625481994
24 21 -0.5364563912798441
36 21 1.189887927025928
52 21 -1.057736348607767
6 22 0.02926339003128998
10 22 0.1073418447963947
16 22 -0.03773976254819943
25 22 -0.5364563912798441
37 22 1.189887927025928
53 22 -1.057736348607767
19 23 -0.03872966507662164
28 23 -0.3924537643417025
40 23 0.9285355305323886
56 23 -0.842412168283459
20 24 -0.03872966507662164
29 24 -0.3924537643417025
41 24 0.9285355305323886
57 24 -0.842412168283459
21 25 -0.03872966507662164
30 25 -0.3924537643417025
42 25 0.9285355305323886
58 25 -0.842412168283459
46 26 0.5562092371233439
62 26 -0.5562092371233439
47 27 0.5562092371233439
63 27 -0.5562092371233439
48 28 0.5562092371233439
64 28 -0.5562092371233439
49 29 0.5562092371233439
65 29 -0.5562092371233439
