51
0 0 0.47829217355732
1 0 -0.7962893334546837
3 0 0.7238903982989623
7 0 -0.3488698969543838
13 0 0.05482878385529806
2 1 0.5087042296962435
4 1 -0.7759665129036148
5 1 6.423419857965927e-34
8 1 0.7052403795748795
9 1 3.120799710205707e-34
11 1 -7.96388849442853e-18
14 1 -0.3924537643417026
15 1 -1.843801634534095e-33
17 1 1.685293288518873e-18
0 2 0.07132464662878153
1 2 -0.348869896954384
3 2 0.7934333361778712
7 2 -1.07351848164582
13 2 0.799705240236077
2 3 2.495226541411261e-18
4 3 2.53336174227647e-17
5 3 0.4198194058194252
8 3 -3.705342850605413e-18
9 3 -0.7271485408826215
11 3 -1.852530780404806e-18
14 3 -1.175370236909444e-17
15 3 0.5937142974572452
17 3 -1.021084815200849e-17
6 4 0.4198194058194252
10 4 -0.7271485408826215
16 4 0.5937142974572454
2 5 -0.03872966507662155
4 5 -0.3924537643417026
5 5 -7.831555638067842e-34
8 5 0.9285355305323889
9 5 -3.804938351559276e-34
11 5 6.000908269746666e-18
14 5 -0.8424121682834589
15 5 2.247998014407669e-33
17 5 -1.71754744849308e-18
2 6 -1.693115375393338e-17
4 6 -4.123266500968564e-17
5 6 -8.007973714433911e-18
8 6 7.176844298266048e-18
9 6 -3.890650556859928e-18
11 6 0.5562092371233439
14 6 -5.543575652454067e-17
15 6 2.298637696190531e-17
17 6 -0.5562092371233439
12 7 0.5562092371233439
18 7 -0.5562092371233439
