0.0031250000000000	0.5000000000000000	-0.0000000000000000
0.0093750000000000	0.5000000000000000	-0.0000000000000000
0.0156250000000000	0.5000000000000000	-0.0000000000000000
0.0218750000000000	0.5000000000000000	-0.0000000000000000
0.0281250000000000	0.5000000000000000	-0.0000000000000000
0.0343750000000000	0.5000000000000000	-0.0000000000000000
0.0406250000000000	0.5000000000000000	-0.0000000000000000
0.0468750000000000	0.5000000000000000	-0.0000000000000000
0.0531250000000000	0.5000000000000000	-0.0000000000000000
0.0593750000000000	0.5000000000000000	-0.0000000000000000
0.0656250000000000	0.5000000000000000	-0.0000000000000000
0.0718750000000000	0.5000000000000000	-0.0000000000000000
0.0781250000000000	0.5000000000000000	-0.0000000000000000
0.0843750000000000	0.5000000000000000	-0.0000000000000000
0.0906250000000000	0.5000000000000000	-0.0000000000000000
0.0968750000000000	0.5000000000000000	-0.0000000000000000
0.1031250000000000	0.5000000000000000	-0.0000000000000000
0.1093750000000000	0.5000000000000000	-0.0000000000000000
0.1156250000000000	0.5000000000000000	-0.0000000000000000
0.1218750000000000	0.5000000000000000	-0.0000000000000000
0.1281250000000000	0.5000000000000000	-0.0000000000000000
0.1343750000000000	0.5000000000000000	-0.0000000000000000
0.1406250000000000	0.5000000000000000	-0.0000000000000000
0.1468750000000000	0.5000000000000000	-0.0000000000000000
0.1531250000000000	0.5000000000000000	-0.0000000000000000
0.1593750000000000	0.5000000000000000	-0.0000000000000000
0.1656250000000000	0.5000000000000000	-0.0000000000000000
0.1718750000000000	0.5000000000000000	-0.0000000000000000
0.1781250000000000	0.5000000000000000	-0.0000000000000000
0.1843750000000000	0.5000000000000000	-0.0000000000000000
0.1906250000000000	0.5000000000000000	-0.0000000000000000
0.1968750000000000	0.5000000000000000	-0.0000000000000000
0.2031250000000000	0.5000000000000000	-0.0000000000000000
0.2093750000000000	0.5000000000000000	-0.0000000000000000
0.2156250000000000	0.5000000000000000	-0.0000000000000000
0.2218750000000000	0.5000000000000000	-0.0000000000000000
0.2281250000000000	0.5000000000000000	-0.0000000000000000
0.2343750000000000	0.5000000000000000	-0.0000000000000000
0.2406250000000000	0.5000000000000000	-0.0000000000000000
0.2468750000000000	0.5000000000000000	-0.0000000000000000
0.2531250000000000	0.5000000000000000	-0.0000000000000000
0.2593750000000000	0.5000000000000000	-0.0000000000000000
0.2656250000000000	0.5000000000000000	-0.0000000000000000
0.2718750000000000	0.5000000000000000	-0.0000000000000000
0.2781250000000000	0.5000000000000000	-0.0000000000000000
0.2843750000000000	0.5000000000000000	-0.0000000000000000
0.2906250000000000	0.5000000000000000	-0.0000000000000000
0.2968750000000001	0.5000000000000000	-0.0000000000000000
0.3031250000000000	0.5000000000000000	-0.0000000000000000
0.3093750000000001	0.5000000000000000	-0.0000000000000000
0.3156250000000000	0.5000000000000000	-0.0000000000000000
0.3218750000000001	0.5000000000000000	-0.0000000000000000
0.3281250000000001	0.5000000000000000	-0.0000000000000000
0.3343750000000000	0.5000000000000000	-0.0000000000000000
0.3406250000000000	0.5000000000000000	-0.0000000000000000
0.3468750000000000	0.5000000000000000	-0.0000000000000000
0.3531250000000000	0.5000000000000000	-0.0000000000000000
0.3593750000000001	0.5000000000000000	-0.0000000000000000
0.3656250000000000	0.5000000000000000	-0.0000000000000000
0.3718750000000000	0.5000000000000000	-0.0000000000000000
0.3781250000000000	0.5000000000000000	-0.0000000000000000
0.3843750000000000	0.5000000000000000	-0.0000000000000000
0.3906250000000000	0.5000000000000000	-0.0000000000000000
0.3968750000000000	0.5000000000000000	-0.0000000000000000
0.4031250000000000	0.5000000000000000	-0.0000000000000000
0.4093750000000000	0.5000000000000000	-0.0000000000000000
0.4156250000000000	0.5000000000000000	-0.0000000000000000
0.4218750000000001	0.5000000000000000	-0.0000000000000000
0.4281250000000000	0.5000000000000000	-0.0000000000000000
0.4343750000000000	0.5000000000000000	-0.0000000000000000
0.4406250000000000	0.5000000000000000	-0.0000000000000000
0.4468750000000000	0.5000000000000000	-0.0000000000000000
0.4531250000000000	0.5000000000000000	-0.0000000000000000
0.4593750000000000	0.5000000000000000	-0.0000000000000000
0.4656250000000000	0.5000000000000000	-0.0000000000000000
0.4718750000000000	0.5000000000000000	-0.0000000000000000
0.4781250000000000	0.5000000000000000	-0.0000000000000000
0.4843750000000000	0.5000000000000000	0.0000000000000000
0.4906250000000000	0.5000000000000000	0.0000000000000000
0.4968750000000000	0.5000000000000000	0.0000000000000000
0.5031250000000000	0.5000000000000000	0.0000000000000001
0.5093749999999999	0.5000000000000000	0.0000000000000002
0.5156250000000000	0.5000000000000000	0.0000000000000004
0.5218750000000001	0.5000000000000000	0.0000000000000009
0.5281250000000000	0.5000000000000000	0.0000000000000018
0.5343750000000000	0.5000000000000000	0.0000000000000036
0.5406250000000001	0.5000000000000000	0.0000000000000069
0.5468750000000000	0.5000000000000000	0.0000000000000131
0.5531250000000001	0.5000000000000000	0.0000000000000245
0.5593750000000000	0.5000000000000000	0.0000000000000452
0.5656250000000000	0.5000000000000000	0.0000000000000826
0.5718750000000001	0.5000000000000000	0.0000000000001497
0.5781250000000000	0.5000000000000000	0.0000000000002688
0.5843750000000001	0.5000000000000000	0.0000000000004791
0.5906250000000002	0.5000000000000000	0.0000000000008475
0.5968750000000000	0.5000000000000000	0.0000000000014876
0.6031250000000001	0.5000000000000000	0.0000000000025910
0.6093750000000000	0.5000000000000000	0.0000000000044768
0.6156250000000001	0.5000000000000000	0.0000000000076708
0.6218750000000002	0.5000000000000000	0.0000000000130302
0.6281250000000000	0.5000000000000000	0.0000000000219365
0.6343750000000001	0.5000000000000000	0.0000000000365909
0.6406250000000002	0.5000000000000000	0.0000000000604605
0.6468750000000001	0.5000000000000000	0.0000000000989435
0.6531250000000002	0.5000000000000000	0.0000000001603498
0.6593750000000000	0.5000000000000000	0.0000000002573258
0.6656250000000001	0.5000000000000000	0.0000000004089024
0.6718750000000000	0.5000000000000000	0.0000000006434000
0.6781250000000000	0.5000000000000000	0.0000000010025003
0.6843750000000000	0.5000000000000000	0.0000000015468829
0.6906250000000000	0.5000000000000000	0.0000000023639307
0.6968750000000001	0.5000000000000000	0.0000000035781340
0.7031250000000000	0.5000000000000000	0.0000000053649572
0.7093750000000001	0.5000000000000000	0.0000000079690807
0.7156250000000002	0.5000000000000000	0.0000000117280794
0.7218750000000000	0.5000000000000000	0.0000000171027289
0.7281250000000001	0.5000000000000000	0.0000000247152402
0.7343750000000000	0.5000000000000000	0.0000000353967673
0.7406250000000000	0.5000000000000000	0.0000000502454995
0.7468750000000000	0.5000000000000000	0.0000000706964918
0.7531250000000000	0.5000000000000000	0.0000000986040748
0.7593749999999999	0.5000000000000000	0.0000001363371735
0.7656250000000000	0.5000000000000000	0.0000001868871186
0.7718750000000000	0.5000000000000000	0.0000002539865250
0.7781250000000000	0.5000000000000000	0.0000003422365273
0.7843750000000000	0.5000000000000000	0.0000004572381005
0.7906250000000001	0.5000000000000000	0.0000006057214008
0.7968750000000000	0.5000000000000000	0.0000007956650922
0.8031250000000000	0.5000000000000000	0.0000010363956008
0.8093750000000000	0.5000000000000000	0.0000013386542992
0.8156250000000000	0.5000000000000000	0.0000017146189710
0.8218750000000001	0.5000000000000000	0.0000021778647553
0.8281250000000000	0.5000000000000000	0.0000027432493824
0.8343750000000001	0.5000000000000000	0.0000034267081231
0.8406250000000002	0.5000000000000000	0.0000042449457306
0.8468750000000000	0.5000000000000000	0.0000052150159245
0.8531250000000001	0.5000000000000000	0.0000063537837547
0.8593750000000000	0.5000000000000000	0.0000076772724867
0.8656250000000000	0.5000000000000000	0.0000091999042969
0.8718750000000000	0.5000000000000000	0.0000109336527763
0.8781250000000000	0.5000000000000000	0.0000128871345209
0.8843749999999999	0.5000000000000000	0.0000150646763334
0.8906250000000000	0.5000000000000000	0.0000174654030158
0.8968750000000000	0.5000000000000000	0.0000200823975911
0.9031250000000000	0.5000000000000000	0.0000229019902093
0.9093750000000000	0.5000000000000000	0.0000259032332219
0.9156250000000001	0.5000000000000000	0.0000290576173263
0.9218750000000000	0.5000000000000000	0.0000323290769210
0.9281250000000000	0.5000000000000000	0.0000356743217952
0.9343750000000000	0.5000000000000000	0.0000390435172961
0.9406250000000000	0.5000000000000000	0.0000423813168213
0.9468749999999999	0.5000000000000000	0.0000456282299085
0.9531250000000000	0.5000000000000000	0.0000487222876543
0.9593749999999999	0.5000000000000000	0.0000516009462355
0.9656250000000000	0.5000000000000000	0.0000542031505718
0.9718750000000000	0.5000000000000000	0.0000564714652354
0.9781249999999999	0.5000000000000000	0.0000583541699825
0.9843750000000000	0.5000000000000000	0.0000598072137960
0.9906250000000000	0.5000000000000000	0.0000607959246870
0.9968750000000000	0.5000000000000000	0.0000612963827688
