0.0250000000000000	0.5000000000000000	-0.0000000000000000
0.0750000000000000	0.5000000000000000	-0.0000000000000000
0.1250000000000000	0.5000000000000000	-0.0000000000000000
0.1750000000000000	0.5000000000000000	-0.0000000000000000
0.2250000000000000	0.5000000000000000	-0.0000000000000000
0.2750000000000000	0.5000000000000000	-0.0000000000000026
0.3250000000000001	0.5000000000000000	-0.0000000000003122
0.3750000000000000	0.5000000000000000	-0.0000000000201413
0.4250000000000000	0.5000000000000000	-0.0000000006379869
0.4750000000000000	0.5000000000000000	-0.0000000053178223
0.5250000000000000	0.5000000000000000	0.0000002133590704
0.5750000000000001	0.5000000000000000	0.0000064357173353
0.6250000000000001	0.5000000000000000	0.0000747308471370
0.6750000000000000	0.5000000000000000	0.0004484723011257
0.7250000000000001	0.5000000000000000	0.0014977224691277
0.7749999999999999	0.5000000000000000	0.0028679373512916
0.8250000000000001	0.5000000000000000	0.0031959296744074
0.8750000000000000	0.5000000000000000	0.0020896361704805
0.9250000000000000	0.5000000000000000	0.0008054312863042
0.9750000000000000	0.5000000000000000	0.0001834790370069
