0.0015625000000000	0.5000000000000000	-0.0000000000000000
0.0046875000000000	0.5000000000000000	-0.0000000000000000
0.0078125000000000	0.5000000000000000	-0.0000000000000000
0.0109375000000000	0.5000000000000000	-0.0000000000000000
0.0140625000000000	0.5000000000000000	-0.0000000000000000
0.0171875000000000	0.5000000000000000	-0.0000000000000000
0.0203125000000000	0.5000000000000000	-0.0000000000000000
0.0234375000000000	0.5000000000000000	-0.0000000000000000
0.0265625000000000	0.5000000000000000	-0.0000000000000000
0.0296875000000000	0.5000000000000000	-0.0000000000000000
0.0328125000000000	0.5000000000000000	-0.0000000000000000
0.0359375000000000	0.5000000000000000	-0.0000000000000000
0.0390625000000000	0.5000000000000000	-0.0000000000000000
0.0421875000000000	0.5000000000000000	-0.0000000000000000
0.0453125000000000	0.5000000000000000	-0.0000000000000000
0.0484375000000000	0.5000000000000000	-0.0000000000000000
0.0515625000000000	0.5000000000000000	-0.0000000000000000
0.0546875000000000	0.5000000000000000	-0.0000000000000000
0.0578125000000000	0.5000000000000000	-0.0000000000000000
0.0609375000000000	0.5000000000000000	-0.0000000000000000
0.0640625000000000	0.5000000000000000	-0.0000000000000000
0.0671875000000000	0.5000000000000000	-0.0000000000000000
0.0703125000000000	0.5000000000000000	-0.0000000000000000
0.0734375000000000	0.5000000000000000	-0.0000000000000000
0.0765625000000000	0.5000000000000000	-0.0000000000000000
0.0796875000000000	0.5000000000000000	-0.0000000000000000
0.0828125000000000	0.5000000000000000	-0.0000000000000000
0.0859375000000000	0.5000000000000000	-0.0000000000000000
0.0890625000000000	0.5000000000000000	-0.0000000000000000
0.0921875000000000	0.5000000000000000	-0.0000000000000000
0.0953125000000000	0.5000000000000000	-0.0000000000000000
0.0984375000000000	0.5000000000000000	-0.0000000000000000
0.1015625000000000	0.5000000000000000	-0.0000000000000000
0.1046875000000000	0.5000000000000000	-0.0000000000000000
0.1078125000000000	0.5000000000000000	-0.0000000000000000
0.1109375000000000	0.5000000000000000	-0.0000000000000000
0.1140625000000000	0.5000000000000000	-0.0000000000000000
0.1171875000000000	0.5000000000000000	-0.0000000000000000
0.1203125000000000	0.5000000000000000	-0.0000000000000000
0.1234375000000000	0.5000000000000000	-0.0000000000000000
0.1265625000000000	0.5000000000000000	-0.0000000000000000
0.1296875000000000	0.5000000000000000	-0.0000000000000000
0.1328125000000000	0.5000000000000000	-0.0000000000000000
0.1359375000000000	0.5000000000000000	-0.0000000000000000
0.1390625000000000	0.5000000000000000	-0.0000000000000000
0.1421875000000000	0.5000000000000000	-0.0000000000000000
0.1453125000000000	0.5000000000000000	-0.0000000000000000
0.1484375000000000	0.5000000000000000	-0.0000000000000000
0.1515625000000000	0.5000000000000000	-0.0000000000000000
0.1546875000000000	0.5000000000000000	-0.0000000000000000
0.1578125000000000	0.5000000000000000	-0.0000000000000000
0.1609375000000000	0.5000000000000000	-0.0000000000000000
0.1640625000000000	0.5000000000000000	-0.0000000000000000
0.1671875000000000	0.5000000000000000	-0.0000000000000000
0.1703125000000000	0.5000000000000000	-0.0000000000000000
0.1734375000000000	0.5000000000000000	-0.0000000000000000
0.1765625000000000	0.5000000000000000	-0.0000000000000000
0.1796875000000000	0.5000000000000000	-0.0000000000000000
0.1828125000000000	0.5000000000000000	-0.0000000000000000
0.1859375000000000	0.5000000000000000	-0.0000000000000000
0.1890625000000000	0.5000000000000000	-0.0000000000000000
0.1921875000000000	0.5000000000000000	-0.0000000000000000
0.1953125000000000	0.5000000000000000	-0.0000000000000000
0.1984375000000000	0.5000000000000000	-0.0000000000000000
0.2015625000000000	0.5000000000000000	-0.0000000000000000
0.2046875000000000	0.5000000000000000	-0.0000000000000000
0.2078125000000000	0.5000000000000000	-0.0000000000000000
0.2109375000000000	0.5000000000000000	-0.0000000000000000
0.2140625000000000	0.5000000000000000	-0.0000000000000000
0.2171875000000000	0.5000000000000000	-0.0000000000000000
0.2203125000000000	0.5000000000000000	-0.0000000000000000
0.2234375000000000	0.5000000000000000	-0.0000000000000000
0.2265625000000000	0.5000000000000000	-0.0000000000000000
0.2296875000000000	0.5000000000000000	-0.0000000000000000
0.2328125000000000	0.5000000000000000	-0.0000000000000000
0.2359375000000000	0.5000000000000000	-0.0000000000000000
0.2390625000000000	0.5000000000000000	-0.0000000000000000
0.2421875000000000	0.5000000000000000	-0.0000000000000000
0.2453125000000000	0.5000000000000000	-0.0000000000000000
0.2484375000000000	0.5000000000000000	-0.0000000000000000
0.2515625000000000	0.5000000000000000	-0.0000000000000000
0.2546875000000000	0.5000000000000000	-0.0000000000000000
0.2578125000000000	0.5000000000000000	-0.0000000000000000
0.2609375000000000	0.5000000000000000	-0.0000000000000000
0.2640625000000000	0.5000000000000000	-0.0000000000000000
0.2671875000000000	0.5000000000000000	-0.0000000000000000
0.2703125000000001	0.5000000000000000	-0.0000000000000000
0.2734375000000000	0.5000000000000000	-0.0000000000000000
0.2765625000000000	0.5000000000000000	-0.0000000000000000
0.2796875000000000	0.5000000000000000	-0.0000000000000000
0.2828125000000000	0.5000000000000000	-0.0000000000000000
0.2859375000000001	0.5000000000000000	-0.0000000000000000
0.2890625000000000	0.5000000000000000	-0.0000000000000000
0.2921875000000000	0.5000000000000000	-0.0000000000000001
0.2953125000000001	0.5000000000000000	-0.0000000000000001
0.2984375000000000	0.5000000000000000	-0.0000000000000001
0.3015625000000001	0.5000000000000000	-0.0000000000000001
0.3046875000000000	0.5000000000000000	-0.0000000000000002
0.3078125000000000	0.5000000000000000	-0.0000000000000003
0.3109375000000001	0.5000000000000000	-0.0000000000000004
0.3140625000000000	0.5000000000000000	-0.0000000000000005
0.3171875000000001	0.5000000000000000	-0.0000000000000006
0.3203125000000001	0.5000000000000000	-0.0000000000000008
0.3234375000000000	0.5000000000000000	-0.0000000000000011
0.3265625000000001	0.5000000000000000	-0.0000000000000015
0.3296875000000000	0.5000000000000000	-0.0000000000000019
0.3328125000000001	0.5000000000000000	-0.0000000000000025
0.3359375000000000	0.5000000000000000	-0.0000000000000033
0.3390625000000000	0.5000000000000000	-0.0000000000000044
0.3421875000000000	0.5000000000000000	-0.0000000000000057
0.3453125000000000	0.5000000000000000	-0.0000000000000075
0.3484375000000001	0.5000000000000000	-0.0000000000000098
0.3515625000000000	0.5000000000000000	-0.0000000000000127
0.3546875000000000	0.5000000000000000	-0.0000000000000165
0.3578125000000001	0.5000000000000000	-0.0000000000000213
0.3609375000000000	0.5000000000000000	-0.0000000000000275
0.3640625000000001	0.5000000000000000	-0.0000000000000353
0.3671875000000000	0.5000000000000000	-0.0000000000000453
0.3703125000000000	0.5000000000000000	-0.0000000000000580
0.3734375000000000	0.5000000000000000	-0.0000000000000741
0.3765625000000000	0.5000000000000000	-0.0000000000000944
0.3796875000000000	0.5000000000000000	-0.0000000000001199
0.3828125000000000	0.5000000000000000	-0.0000000000001519
0.3859375000000000	0.5000000000000000	-0.0000000000001919
0.3890625000000000	0.5000000000000000	-0.0000000000002417
0.3921875000000000	0.5000000000000000	-0.0000000000003037
0.3953125000000001	0.5000000000000000	-0.0000000000003805
0.3984375000000000	0.5000000000000000	-0.0000000000004754
0.4015625000000000	0.5000000000000000	-0.0000000000005921
0.4046875000000000	0.5000000000000000	-0.0000000000007354
0.4078125000000000	0.5000000000000000	-0.0000000000009104
0.4109375000000001	0.5000000000000000	-0.0000000000011236
0.4140625000000000	0.5000000000000000	-0.0000000000013822
0.4171875000000000	0.5000000000000000	-0.0000000000016947
0.4203125000000001	0.5000000000000000	-0.0000000000020707
0.4234375000000000	0.5000000000000000	-0.0000000000025213
0.4265625000000001	0.5000000000000000	-0.0000000000030585
0.4296875000000000	0.5000000000000000	-0.0000000000036962
0.4328125000000000	0.5000000000000000	-0.0000000000044489
0.4359375000000000	0.5000000000000000	-0.0000000000053326
0.4390625000000000	0.5000000000000000	-0.0000000000063637
0.4421875000000000	0.5000000000000000	-0.0000000000075588
0.4453125000000000	0.5000000000000000	-0.0000000000089339
0.4484375000000000	0.5000000000000000	-0.0000000000105031
0.4515625000000000	0.5000000000000000	-0.0000000000122773
0.4546875000000000	0.5000000000000000	-0.0000000000142618
0.4578125000000001	0.5000000000000000	-0.0000000000164537
0.4609375000000000	0.5000000000000000	-0.0000000000188384
0.4640625000000000	0.5000000000000000	-0.0000000000213843
0.4671875000000000	0.5000000000000000	-0.0000000000240375
0.4703125000000000	0.5000000000000000	-0.0000000000267138
0.4734375000000000	0.5000000000000000	-0.0000000000292890
0.4765625000000000	0.5000000000000000	-0.0000000000315873
0.4796874999999999	0.5000000000000000	-0.0000000000333662
0.4828125000000000	0.5000000000000000	-0.0000000000342985
0.4859375000000000	0.5000000000000000	-0.0000000000339498
0.4890625000000000	0.5000000000000000	-0.0000000000317519
0.4921875000000000	0.5000000000000000	-0.0000000000269701
0.4953125000000000	0.5000000000000000	-0.0000000000186637
0.4984375000000000	0.5000000000000000	-0.0000000000056393
0.5015625000000000	0.5000000000000000	0.0000000000136046
0.5046875000000000	0.5000000000000000	0.0000000000409440
0.5078125000000000	0.5000000000000000	0.0000000000787071
0.5109374999999999	0.5000000000000000	0.0000000001297651
0.5140625000000000	0.5000000000000000	0.0000000001976389
0.5171875000000000	0.5000000000000000	0.0000000002866226
0.5203125000000001	0.5000000000000000	0.0000000004019261
0.5234375000000000	0.5000000000000000	0.0000000005498404
0.5265625000000000	0.5000000000000000	0.0000000007379255
0.5296875000000000	0.5000000000000000	0.0000000009752261
0.5328125000000000	0.5000000000000000	0.0000000012725160
0.5359375000000001	0.5000000000000000	0.0000000016425744
0.5390625000000001	0.5000000000000000	0.0000000021004972
0.5421875000000000	0.5000000000000000	0.0000000026640456
0.5453125000000001	0.5000000000000000	0.0000000033540346
0.5484375000000000	0.5000000000000000	0.0000000041947640
0.5515625000000001	0.5000000000000000	0.0000000052144948
0.5546875000000000	0.5000000000000000	0.0000000064459718
0.5578125000000000	0.5000000000000000	0.0000000079269952
0.5609375000000000	0.5000000000000000	0.0000000097010409
0.5640625000000000	0.5000000000000000	0.0000000118179318
0.5671875000000001	0.5000000000000000	0.0000000143345582
0.5703125000000001	0.5000000000000000	0.0000000173156470
0.5734375000000000	0.5000000000000000	0.0000000208345771
0.5765625000000001	0.5000000000000000	0.0000000249742385
0.5796875000000000	0.5000000000000000	0.0000000298279294
0.5828125000000001	0.5000000000000000	0.0000000355002859
0.5859375000000001	0.5000000000000000	0.0000000421082371
0.5890625000000002	0.5000000000000000	0.0000000497819760
0.5921875000000001	0.5000000000000000	0.0000000586659341
0.5953125000000001	0.5000000000000000	0.0000000689197494
0.5984375000000001	0.5000000000000000	0.0000000807192107
0.6015625000000001	0.5000000000000000	0.0000000942571615
0.6046875000000000	0.5000000000000000	0.0000001097443472
0.6078125000000001	0.5000000000000000	0.0000001274101816
0.6109375000000000	0.5000000000000000	0.0000001475034129
0.6140625000000001	0.5000000000000000	0.0000001702926640
0.6171875000000001	0.5000000000000000	0.0000001960668209
0.6203125000000002	0.5000000000000000	0.0000002251352443
0.6234375000000001	0.5000000000000000	0.0000002578277741
0.6265625000000001	0.5000000000000000	0.0000002944945011
0.6296875000000001	0.5000000000000000	0.0000003355052751
0.6328125000000001	0.5000000000000000	0.0000003812489237
0.6359375000000002	0.5000000000000000	0.0000004321321527
0.6390625000000002	0.5000000000000000	0.0000004885781042
0.6421875000000001	0.5000000000000000	0.0000005510245485
0.6453125000000002	0.5000000000000000	0.0000006199216885
0.6484375000000001	0.5000000000000000	0.0000006957295622
0.6515625000000002	0.5000000000000000	0.0000007789150281
0.6546875000000001	0.5000000000000000	0.0000008699483283
0.6578125000000001	0.5000000000000000	0.0000009692992261
0.6609375000000001	0.5000000000000000	0.0000010774327240
0.6640625000000001	0.5000000000000000	0.0000011948043736
0.6671875000000000	0.5000000000000000	0.0000013218551959
0.6703125000000001	0.5000000000000000	0.0000014590062414
0.6734374999999999	0.5000000000000000	0.0000016066528240
0.6765625000000001	0.5000000000000000	0.0000017651584735
0.6796875000000000	0.5000000000000000	0.0000019348486605
0.6828125000000000	0.5000000000000000	0.0000021160043540
0.6859375000000000	0.5000000000000000	0.0000023088554830
0.6890624999999999	0.5000000000000000	0.0000025135743771
0.6921875000000001	0.5000000000000000	0.0000027302692736
0.6953125000000002	0.5000000000000000	0.0000029589779791
0.6984375000000000	0.5000000000000000	0.0000031996617842
0.7015625000000001	0.5000000000000000	0.0000034521997282
0.7046874999999999	0.5000000000000000	0.0000037163833187
0.7078125000000001	0.5000000000000000	0.0000039919118079
0.7109375000000002	0.5000000000000000	0.0000042783881286
0.7140625000000002	0.5000000000000000	0.0000045753155888
0.7171875000000001	0.5000000000000000	0.0000048820954221
0.7203125000000001	0.5000000000000000	0.0000051980252802
0.7234375000000001	0.5000000000000000	0.0000055222987503
0.7265625000000002	0.5000000000000000	0.0000058540059648
0.7296875000000000	0.5000000000000000	0.0000061921353646
0.7328125000000001	0.5000000000000000	0.0000065355766559
0.7359374999999999	0.5000000000000000	0.0000068831249927
0.7390625000000001	0.5000000000000000	0.0000072334863946
0.7421875000000000	0.5000000000000000	0.0000075852843944
0.7453125000000000	0.5000000000000000	0.0000079370678910
0.7484375000000000	0.5000000000000000	0.0000082873201639
0.7515624999999999	0.5000000000000000	0.0000086344689857
0.7546875000000001	0.5000000000000000	0.0000089768977509
0.7578125000000000	0.5000000000000000	0.0000093129575204
0.7609375000000000	0.5000000000000000	0.0000096409798636
0.7640625000000000	0.5000000000000000	0.0000099592903640
0.7671874999999999	0.5000000000000000	0.0000102662226395
0.7703125000000001	0.5000000000000000	0.0000105601327162
0.7734375000000000	0.5000000000000000	0.0000108394135857
0.7765625000000000	0.5000000000000000	0.0000111025097647
0.7796875000000000	0.5000000000000000	0.0000113479316759
0.7828124999999999	0.5000000000000000	0.0000115742696636
0.7859375000000001	0.5000000000000000	0.0000117802074600
0.7890625000000002	0.5000000000000000	0.0000119645349225
0.7921875000000000	0.5000000000000000	0.0000121261598707
0.7953125000000001	0.5000000000000000	0.0000122641188592
0.7984374999999999	0.5000000000000000	0.0000123775867396
0.8015625000000001	0.5000000000000000	0.0000124658848781
0.8046875000000000	0.5000000000000000	0.0000125284879140
0.8078125000000000	0.5000000000000000	0.0000125650289653
0.8109375000000000	0.5000000000000000	0.0000125753032096
0.8140624999999999	0.5000000000000000	0.0000125592697904
0.8171875000000001	0.5000000000000000	0.0000125170520252
0.8203125000000002	0.5000000000000000	0.0000124489359144
0.8234375000000000	0.5000000000000000	0.0000123553669754
0.8265625000000001	0.5000000000000000	0.0000122369454509
0.8296874999999999	0.5000000000000000	0.0000120944199614
0.8328125000000001	0.5000000000000000	0.0000119286796968
0.8359375000000002	0.5000000000000000	0.0000117407452584
0.8390625000000002	0.5000000000000000	0.0000115317582833
0.8421875000000001	0.5000000000000000	0.0000113029699977
0.8453125000000001	0.5000000000000000	0.0000110557288576
0.8484375000000001	0.5000000000000000	0.0000107914674471
0.8515625000000002	0.5000000000000000	0.0000105116888100
0.8546875000000000	0.5000000000000000	0.0000102179523959
0.8578125000000001	0.5000000000000000	0.0000099118598015
0.8609374999999999	0.5000000000000000	0.0000095950404872
0.8640625000000001	0.5000000000000000	0.0000092691376434
0.8671875000000000	0.5000000000000000	0.0000089357943738
0.8703125000000000	0.5000000000000000	0.0000085966403531
0.8734375000000000	0.5000000000000000	0.0000082532791043
0.8765624999999999	0.5000000000000000	0.0000079072760259
0.8796875000000001	0.5000000000000000	0.0000075601472857
0.8828125000000000	0.5000000000000000	0.0000072133496786
0.8859375000000000	0.5000000000000000	0.0000068682715299
0.8890625000000000	0.5000000000000000	0.0000065262247057
0.8921874999999999	0.5000000000000000	0.0000061884377764
0.8953125000000001	0.5000000000000000	0.0000058560503561
0.8984375000000000	0.5000000000000000	0.0000055301086284
0.9015625000000000	0.5000000000000000	0.0000052115620491
0.9046875000000000	0.5000000000000000	0.0000049012611990
0.9078124999999999	0.5000000000000000	0.0000045999567501
0.9109375000000001	0.5000000000000000	0.0000043082994891
0.9140625000000002	0.5000000000000000	0.0000040268413371
0.9171875000000000	0.5000000000000000	0.0000037560372880
0.9203125000000001	0.5000000000000000	0.0000034962481850
0.9234374999999999	0.5000000000000000	0.0000032477442469
0.9265625000000001	0.5000000000000000	0.0000030107092493
0.9296875000000000	0.5000000000000000	0.0000027852452672
0.9328125000000000	0.5000000000000000	0.0000025713778807
0.9359375000000000	0.5000000000000000	0.0000023690617488
0.9390624999999999	0.5000000000000000	0.0000021781864566
0.9421875000000001	0.5000000000000000	0.0000019985825467
0.9453125000000000	0.5000000000000000	0.0000018300276476
0.9484375000000000	0.5000000000000000	0.0000016722526193
0.9515625000000000	0.5000000000000000	0.0000015249476431
0.9546874999999999	0.5000000000000000	0.0000013877681866
0.9578125000000000	0.5000000000000000	0.0000012603407875
0.9609374999999999	0.5000000000000000	0.0000011422686007
0.9640625000000000	0.5000000000000000	0.0000010331366685
0.9671875000000000	0.5000000000000000	0.0000009325168756
0.9703124999999999	0.5000000000000000	0.0000008399725608
0.9734375000000001	0.5000000000000000	0.0000007550627657
0.9765625000000000	0.5000000000000000	0.0000006773461044
0.9796875000000000	0.5000000000000000	0.0000006063842487
0.9828125000000000	0.5000000000000000	0.0000005417450259
0.9859374999999999	0.5000000000000000	0.0000004830051341
0.9890625000000001	0.5000000000000000	0.0000004297524825
0.9921875000000000	0.5000000000000000	0.0000003815881716
0.9953125000000000	0.5000000000000000	0.0000003381281273
0.9984375000000000	0.5000000000000000	0.0000002990044097
