0.1875000000000000	0.5000000000000000	-0.0000000000000027
0.2125000000000000	0.5000000000000000	-0.0000000000000019
0.2375000000000000	0.5000000000000000	-0.0000000000000009
0.2625000000000000	0.5000000000000000	-0.0000000000000009
0.2875000000000000	0.5000000000000000	-0.0000000000000019
0.3125000000000001	0.5000000000000000	-0.0000000000000033
0.3375000000000000	0.5000000000000000	0.0000000000000025
0.3625000000000000	0.5000000000000000	0.0000000000000045
0.3875000000000000	0.5000000000000000	0.0000000000000049
0.4125000000000000	0.5000000000000000	0.0000000000000049
0.4375000000000000	0.5000000000000000	0.0000000000000049
0.4625000000000000	0.5000000000000000	0.0000000000000053
0.4875000000000000	0.5000000000000000	0.0000000000000052
0.5125000000000000	0.5000000000000000	0.0000000000000057
0.5375000000000001	0.5000000000000000	0.0000000000000053
0.5625000000000000	0.5000000000000000	0.0000000000000059
0.5875000000000001	0.5000000000000000	0.0000000000000064
0.6125000000000000	0.5000000000000000	0.0000000000000061
0.6375000000000000	0.5000000000000000	0.0000000000000060
0.6625000000000001	0.5000000000000000	0.0000000000000071
0.6875000000000000	0.5000000000000000	0.0000000000000147
0.7125000000000001	0.5000000000000000	0.0000000000000527
0.7375000000000000	0.5000000000000000	0.0000000000001679
0.7625000000000000	0.5000000000000000	0.0000000000005001
0.7875000000000001	0.5000000000000000	0.0000000000014188
0.8125000000000000	0.5000000000000000	0.0000000000038605
0.1437500000000000	0.5000000000000000	-0.0000000000000006
0.8312500000000000	0.5000000000000000	0.0000000000028147
0.1562500000000000	0.5000000000000000	-0.0000000000000018
0.1687500000000000	0.5000000000000000	-0.0000000000000019
0.1156250000000000	0.5000000000000000	-0.0000000000000016
0.1218750000000000	0.5000000000000000	-0.0000000000000017
0.8406250000000002	0.5000000000000000	0.0000000000016686
0.8468750000000000	0.5000000000000000	0.0000000000019778
0.8531250000000001	0.5000000000000000	0.0000000000023429
0.8593750000000000	0.5000000000000000	0.0000000000027741
0.8656250000000000	0.5000000000000000	0.0000000000032833
0.8718750000000000	0.5000000000000000	0.0000000000038826
0.8781250000000000	0.5000000000000000	0.0000000000045909
0.8843749999999999	0.5000000000000000	0.0000000000054245
0.8906250000000000	0.5000000000000000	0.0000000000064063
0.8968750000000000	0.5000000000000000	0.0000000000075620
0.1281250000000000	0.5000000000000000	-0.0000000000000016
0.1343750000000000	0.5000000000000000	-0.0000000000000019
0.0859375000000000	0.5000000000000000	-0.0000000000000007
0.0890625000000000	0.5000000000000000	-0.0000000000000007
0.0921875000000000	0.5000000000000000	-0.0000000000000006
0.9015625000000000	0.5000000000000000	0.0000000000040933
0.9046875000000000	0.5000000000000000	0.0000000000044312
0.9078124999999999	0.5000000000000000	0.0000000000047959
0.9109375000000001	0.5000000000000000	0.0000000000051907
0.9140625000000002	0.5000000000000000	0.0000000000056167
0.9171875000000000	0.5000000000000000	0.0000000000060774
0.9203125000000001	0.5000000000000000	0.0000000000065753
0.9234374999999999	0.5000000000000000	0.0000000000071130
0.0953125000000000	0.5000000000000000	-0.0000000000000009
0.0984375000000000	0.5000000000000000	-0.0000000000000009
0.1015625000000000	0.5000000000000000	-0.0000000000000004
0.1046875000000000	0.5000000000000000	-0.0000000000000008
0.1078125000000000	0.5000000000000000	-0.0000000000000009
0.1109375000000000	0.5000000000000000	-0.0000000000000009
0.0570312500000000	0.5000000000000000	-0.0000000000000004
0.0585937500000000	0.5000000000000000	-0.0000000000000001
0.0601562500000000	0.5000000000000000	-0.0000000000000006
0.0617187500000000	0.5000000000000000	-0.0000000000000001
0.0632812500000000	0.5000000000000000	-0.0000000000000002
0.0648437500000000	0.5000000000000000	-0.0000000000000003
0.9382812500000000	0.5000000000000000	0.0000000000050249
0.9398437500000001	0.5000000000000000	0.0000000000052208
0.9414062500000000	0.5000000000000000	0.0000000000054246
0.9429687500000001	0.5000000000000000	0.0000000000056357
0.9445312500000000	0.5000000000000000	0.0000000000058551
0.9460937500000002	0.5000000000000000	0.0000000000060830
0.9476562500000001	0.5000000000000000	0.0000000000063194
0.9492187500000000	0.5000000000000000	0.0000000000065650
0.9507812500000001	0.5000000000000000	0.0000000000068197
0.9523437500000000	0.5000000000000000	0.0000000000070842
0.9539062500000000	0.5000000000000000	0.0000000000073588
0.9554687500000001	0.5000000000000000	0.0000000000076438
0.9257812500000000	0.5000000000000000	0.0000000000036962
0.9273437500000001	0.5000000000000000	0.0000000000038411
0.9289062500000000	0.5000000000000000	0.0000000000039918
0.9304687500000000	0.5000000000000000	0.0000000000041480
0.9320312500000001	0.5000000000000000	0.0000000000043106
0.9335937500000000	0.5000000000000000	0.0000000000044792
0.9351562500000000	0.5000000000000000	0.0000000000046543
0.9367187500000000	0.5000000000000000	0.0000000000048359
0.0664062500000000	0.5000000000000000	-0.0000000000000003
0.0679687500000000	0.5000000000000000	-0.0000000000000005
0.0695312500000000	0.5000000000000000	-0.0000000000000003
0.0710937500000000	0.5000000000000000	-0.0000000000000003
0.0726562500000000	0.5000000000000000	-0.0000000000000001
0.0742187500000000	0.5000000000000000	-0.0000000000000003
0.0757812500000000	0.5000000000000000	-0.0000000000000006
0.0773437500000000	0.5000000000000000	-0.0000000000000004
0.0789062500000000	0.5000000000000000	-0.0000000000000003
0.0804687500000000	0.5000000000000000	-0.0000000000000004
0.0820312500000000	0.5000000000000000	-0.0000000000000002
0.0835937500000000	0.5000000000000000	-0.0000000000000003
0.0277343750000000	0.5000000000000000	0.0000000000000001
0.0285156250000000	0.5000000000000000	-0.0000000000000001
0.0292968750000000	0.5000000000000000	0.0000000000000000
0.0300781250000000	0.5000000000000000	0.0000000000000001
0.0308593750000000	0.5000000000000000	0.0000000000000000
0.0316406250000000	0.5000000000000000	-0.0000000000000001
0.0324218750000000	0.5000000000000000	-0.0000000000000000
0.9566406250000000	0.5000000000000000	0.0000000000038946
0.9574218750000001	0.5000000000000000	0.0000000000039684
0.9582031250000000	0.5000000000000000	0.0000000000040439
0.9589843750000001	0.5000000000000000	0.0000000000041206
0.9597656250000000	0.5000000000000000	0.0000000000041985
0.9605468750000001	0.5000000000000000	0.0000000000042785
0.9613281250000001	0.5000000000000000	0.0000000000043593
0.9621093750000003	0.5000000000000000	0.0000000000044420
0.9628906250000001	0.5000000000000000	0.0000000000045261
0.9636718750000002	0.5000000000000000	0.0000000000046116
0.9644531250000001	0.5000000000000000	0.0000000000046993
0.9652343750000002	0.5000000000000000	0.0000000000047878
0.9660156250000003	0.5000000000000000	0.0000000000048787
0.9667968750000001	0.5000000000000000	0.0000000000049706
0.9675781250000000	0.5000000000000000	0.0000000000050650
0.9683593750000001	0.5000000000000000	0.0000000000051605
0.9691406250000001	0.5000000000000000	0.0000000000052580
0.9699218750000003	0.5000000000000000	0.0000000000053569
0.9707031250000001	0.5000000000000000	0.0000000000054584
0.9714843750000000	0.5000000000000000	0.0000000000055612
0.9722656250000000	0.5000000000000000	0.0000000000056663
0.9730468750000001	0.5000000000000000	0.0000000000057727
0.9738281250000000	0.5000000000000000	0.0000000000058817
0.9746093750000001	0.5000000000000000	0.0000000000059927
0.9753906250000000	0.5000000000000000	0.0000000000061055
0.9761718750000001	0.5000000000000000	0.0000000000062207
0.9769531250000001	0.5000000000000000	0.0000000000063374
0.9777343750000003	0.5000000000000000	0.0000000000064567
0.9785156250000001	0.5000000000000000	0.0000000000065782
0.9792968750000000	0.5000000000000000	0.0000000000067019
0.9800781250000000	0.5000000000000000	0.0000000000068275
0.9808593750000001	0.5000000000000000	0.0000000000069561
0.9816406250000000	0.5000000000000000	0.0000000000070869
0.9824218750000001	0.5000000000000000	0.0000000000072197
0.9832031250000000	0.5000000000000000	0.0000000000073553
0.9839843750000000	0.5000000000000000	0.0000000000074931
0.9847656250000001	0.5000000000000000	0.0000000000076338
0.9855468749999999	0.5000000000000000	0.0000000000077768
0.9863281250000000	0.5000000000000000	0.0000000000079224
0.9871093750000000	0.5000000000000000	0.0000000000080709
0.9878906250000000	0.5000000000000000	0.0000000000082220
0.9886718750000001	0.5000000000000000	0.0000000000083760
0.9894531250000000	0.5000000000000000	0.0000000000085327
0.9902343750000001	0.5000000000000000	0.0000000000086924
0.9910156250000000	0.5000000000000000	0.0000000000088545
0.9917968750000000	0.5000000000000000	0.0000000000090206
0.9925781250000001	0.5000000000000000	0.0000000000091889
0.9933593749999999	0.5000000000000000	0.0000000000093604
0.9941406250000000	0.5000000000000000	0.0000000000095352
0.9949218750000000	0.5000000000000000	0.0000000000097132
0.9957031250000000	0.5000000000000000	0.0000000000098944
0.9964843750000001	0.5000000000000000	0.0000000000100790
0.9972656249999999	0.5000000000000000	0.0000000000102667
0.9980468750000000	0.5000000000000000	0.0000000000104579
0.9988281250000000	0.5000000000000000	0.0000000000106529
0.9996093750000000	0.5000000000000000	0.0000000000108514
0.0332031250000000	0.5000000000000000	-0.0000000000000000
0.0339843750000000	0.5000000000000000	-0.0000000000000002
0.0347656250000000	0.5000000000000000	-0.0000000000000003
0.0355468750000000	0.5000000000000000	-0.0000000000000001
0.0363281250000000	0.5000000000000000	-0.0000000000000001
0.0371093750000000	0.5000000000000000	0.0000000000000001
0.0378906250000000	0.5000000000000000	0.0000000000000000
0.0386718750000000	0.5000000000000000	-0.0000000000000001
0.0394531250000000	0.5000000000000000	0.0000000000000000
0.0402343750000000	0.5000000000000000	-0.0000000000000002
0.0410156250000000	0.5000000000000000	-0.0000000000000000
0.0417968750000000	0.5000000000000000	-0.0000000000000002
0.0425781250000000	0.5000000000000000	0.0000000000000000
0.0433593750000000	0.5000000000000000	-0.0000000000000001
0.0441406250000000	0.5000000000000000	0.0000000000000001
0.0449218750000000	0.5000000000000000	-0.0000000000000002
0.0457031250000000	0.5000000000000000	0.0000000000000001
0.0464843750000000	0.5000000000000000	-0.0000000000000002
0.0472656250000000	0.5000000000000000	-0.0000000000000002
0.0480468750000000	0.5000000000000000	0.0000000000000002
0.0488281250000000	0.5000000000000000	-0.0000000000000001
0.0496093750000000	0.5000000000000000	-0.0000000000000001
0.0503906250000000	0.5000000000000000	-0.0000000000000001
0.0511718750000000	0.5000000000000000	-0.0000000000000000
0.0519531250000000	0.5000000000000000	-0.0000000000000001
0.0527343750000000	0.5000000000000000	-0.0000000000000001
0.0535156250000000	0.5000000000000000	-0.0000000000000002
0.0542968750000000	0.5000000000000000	-0.0000000000000002
0.0550781250000000	0.5000000000000000	-0.0000000000000002
0.0558593750000000	0.5000000000000000	-0.0000000000000001
0.0001953125000000	0.5000000000000000	0.0000000000000002
0.0005859375000000	0.5000000000000000	0.0000000000000001
0.0009765625000000	0.5000000000000000	-0.0000000000000001
0.0013671875000000	0.5000000000000000	-0.0000000000000002
0.0017578125000000	0.5000000000000000	-0.0000000000000000
0.0021484375000000	0.5000000000000000	-0.0000000000000001
0.0025390625000000	0.5000000000000000	0.0000000000000002
0.0029296875000000	0.5000000000000000	0.0000000000000001
0.0033203125000000	0.5000000000000000	-0.0000000000000001
0.0037109375000000	0.5000000000000000	0.0000000000000002
0.0041015625000000	0.5000000000000000	-0.0000000000000000
0.0044921875000000	0.5000000000000000	0.0000000000000002
0.0048828125000000	0.5000000000000000	0.0000000000000001
0.0052734375000000	0.5000000000000000	0.0000000000000002
0.0056640625000000	0.5000000000000000	-0.0000000000000002
0.0060546875000000	0.5000000000000000	-0.0000000000000001
0.0064453125000000	0.5000000000000000	-0.0000000000000001
0.0068359375000000	0.5000000000000000	0.0000000000000000
0.0072265625000000	0.5000000000000000	0.0000000000000001
0.0076171875000000	0.5000000000000000	-0.0000000000000001
0.0080078125000000	0.5000000000000000	-0.0000000000000001
0.0083984375000000	0.5000000000000000	0.0000000000000000
0.0087890625000000	0.5000000000000000	-0.0000000000000000
0.0091796875000000	0.5000000000000000	-0.0000000000000001
0.0095703125000000	0.5000000000000000	0.0000000000000001
0.0099609375000000	0.5000000000000000	0.0000000000000002
0.0103515625000000	0.5000000000000000	0.0000000000000001
0.0107421875000000	0.5000000000000000	-0.0000000000000001
0.0111328125000000	0.5000000000000000	-0.0000000000000001
0.0115234375000000	0.5000000000000000	-0.0000000000000001
0.0119140625000000	0.5000000000000000	0.0000000000000002
0.0123046875000000	0.5000000000000000	-0.0000000000000000
0.0126953125000000	0.5000000000000000	0.0000000000000002
0.0130859375000000	0.5000000000000000	-0.0000000000000000
0.0134765625000000	0.5000000000000000	-0.0000000000000001
0.0138671875000000	0.5000000000000000	-0.0000000000000000
0.0142578125000000	0.5000000000000000	0.0000000000000000
0.0146484375000000	0.5000000000000000	-0.0000000000000002
0.0150390625000000	0.5000000000000000	0.0000000000000001
0.0154296875000000	0.5000000000000000	-0.0000000000000001
0.0158203125000000	0.5000000000000000	-0.0000000000000001
0.0162109375000000	0.5000000000000000	-0.0000000000000000
0.0166015625000000	0.5000000000000000	-0.0000000000000001
0.0169921875000000	0.5000000000000000	0.0000000000000000
0.0173828125000000	0.5000000000000000	-0.0000000000000001
0.0177734375000000	0.5000000000000000	0.0000000000000003
0.0181640625000000	0.5000000000000000	-0.0000000000000001
0.0185546875000000	0.5000000000000000	0.0000000000000000
0.0189453125000000	0.5000000000000000	0.0000000000000000
0.0193359375000000	0.5000000000000000	-0.0000000000000002
0.0197265625000000	0.5000000000000000	0.0000000000000000
0.0201171875000000	0.5000000000000000	-0.0000000000000001
0.0205078125000000	0.5000000000000000	0.0000000000000001
0.0208984375000000	0.5000000000000000	-0.0000000000000001
0.0212890625000000	0.5000000000000000	0.0000000000000000
0.0216796875000000	0.5000000000000000	0.0000000000000000
0.0220703125000000	0.5000000000000000	0.0000000000000000
0.0224609375000000	0.5000000000000000	-0.0000000000000001
0.0228515625000000	0.5000000000000000	0.0000000000000000
0.0232421875000000	0.5000000000000000	-0.0000000000000000
0.0236328125000000	0.5000000000000000	0.0000000000000000
0.0240234375000000	0.5000000000000000	-0.0000000000000001
0.0244140625000000	0.5000000000000000	0.0000000000000002
0.0248046875000000	0.5000000000000000	-0.0000000000000002
0.0251953125000000	0.5000000000000000	0.0000000000000002
0.0255859375000000	0.5000000000000000	-0.0000000000000001
0.0259765625000000	0.5000000000000000	0.0000000000000001
0.0263671875000000	0.5000000000000000	-0.0000000000000001
0.0267578125000000	0.5000000000000000	0.0000000000000000
0.0271484375000000	0.5000000000000000	0.0000000000000000
