0.0031250000000000	0.5000000000000000	-0.0000000139776650
0.0093750000000000	0.5000000000000000	-0.0000000139722699
0.0156250000000000	0.5000000000000000	-0.0000000139601923
0.0218750000000000	0.5000000000000000	-0.0000000139440174
0.0281250000000000	0.5000000000000000	-0.0000000139219683
0.0343750000000000	0.5000000000000000	-0.0000000138950152
0.0406250000000000	0.5000000000000000	-0.0000000138624933
0.0468750000000000	0.5000000000000000	-0.0000000138247397
0.0531250000000000	0.5000000000000000	-0.0000000137814944
0.0593750000000000	0.5000000000000000	-0.0000000137328309
0.0656250000000000	0.5000000000000000	-0.0000000136785873
0.0718750000000000	0.5000000000000000	-0.0000000136186667
0.0781250000000000	0.5000000000000000	-0.0000000135528211
0.0843750000000000	0.5000000000000000	-0.0000000134807118
0.0906250000000000	0.5000000000000000	-0.0000000134017850
0.0968750000000000	0.5000000000000000	-0.0000000133152104
0.1031250000000000	0.5000000000000000	-0.0000000132197296
0.1093750000000000	0.5000000000000000	-0.0000000131134761
0.1156250000000000	0.5000000000000000	-0.0000000129937081
0.1218750000000000	0.5000000000000000	-0.0000000128564503
0.1281250000000000	0.5000000000000000	-0.0000000126960044
0.1343750000000000	0.5000000000000000	-0.0000000125042991
0.1406250000000000	0.5000000000000000	-0.0000000122700357
0.1468750000000000	0.5000000000000000	-0.0000000119775840
0.1531250000000000	0.5000000000000000	-0.0000000116055829
0.1593750000000000	0.5000000000000000	-0.0000000111251964
0.1656250000000000	0.5000000000000000	-0.0000000104979891
0.1718750000000000	0.5000000000000000	-0.0000000096733965
0.1781250000000000	0.5000000000000000	-0.0000000085857937
0.1843750000000000	0.5000000000000000	-0.0000000071512070
0.1906250000000000	0.5000000000000000	-0.0000000052637682
0.1968750000000000	0.5000000000000000	-0.0000000027920886
0.2031250000000000	0.5000000000000000	0.0000000004241780
0.2093750000000000	0.5000000000000000	0.0000000045772000
0.2156250000000000	0.5000000000000000	0.0000000098927526
0.2218750000000000	0.5000000000000000	0.0000000166302828
0.2281250000000000	0.5000000000000000	0.0000000250804895
0.2343750000000000	0.5000000000000000	0.0000000355595532
0.2406250000000000	0.5000000000000000	0.0000000483990882
0.2468750000000000	0.5000000000000000	0.0000000639309089
0.2531250000000000	0.5000000000000000	0.0000000824658039
0.2593750000000000	0.5000000000000000	0.0000001042657519
0.2656250000000000	0.5000000000000000	0.0000001295093899
0.2718750000000000	0.5000000000000000	0.0000001582510901
0.2781250000000000	0.5000000000000000	0.0000001903747040
0.2843750000000000	0.5000000000000000	0.0000002255438868
0.2906250000000000	0.5000000000000000	0.0000002631518637
0.2968750000000001	0.5000000000000000	0.0000003022744934
0.3031250000000000	0.5000000000000000	0.0000003416314133
0.3093750000000001	0.5000000000000000	0.0000003795608105
0.3156250000000000	0.5000000000000000	0.0000004140138072
0.3218750000000001	0.5000000000000000	0.0000004425744516
0.3281250000000001	0.5000000000000000	0.0000004625107249
0.3343750000000000	0.5000000000000000	0.0000004708607234
0.3406250000000000	0.5000000000000000	0.0000004645561914
0.3468750000000000	0.5000000000000000	0.0000004405828968
0.3531250000000000	0.5000000000000000	0.0000003961740411
0.3593750000000001	0.5000000000000000	0.0000003290292004
0.3656250000000000	0.5000000000000000	0.0000002375474602
0.3718750000000000	0.5000000000000000	0.0000001210598262
0.3781250000000000	0.5000000000000000	-0.0000000199569401
0.3843750000000000	0.5000000000000000	-0.0000001837047574
0.3906250000000000	0.5000000000000000	-0.0000003669469945
0.3968750000000000	0.5000000000000000	-0.0000005649682235
0.4031250000000000	0.5000000000000000	-0.0000007716262397
0.4093750000000000	0.5000000000000000	-0.0000009795063344
0.4156250000000000	0.5000000000000000	-0.0000011801808067
0.4218750000000001	0.5000000000000000	-0.0000013645684364
0.4281250000000000	0.5000000000000000	-0.0000015233797664
0.4343750000000000	0.5000000000000000	-0.0000016476253364
0.4406250000000000	0.5000000000000000	-0.0000017291563566
0.4468750000000000	0.5000000000000000	-0.0000017612015663
0.4531250000000000	0.5000000000000000	-0.0000017388609363
0.4593750000000000	0.5000000000000000	-0.0000016595170011
0.4656250000000000	0.5000000000000000	-0.0000015231282003
0.4718750000000000	0.5000000000000000	-0.0000013323755909
0.4781250000000000	0.5000000000000000	-0.0000010926442329
0.4843750000000000	0.5000000000000000	-0.0000008118326710
0.4906250000000000	0.5000000000000000	-0.0000004999972108
0.4968750000000000	0.5000000000000000	-0.0000001688509060
0.5031250000000000	0.5000000000000000	0.0000001688509060
0.5093749999999999	0.5000000000000000	0.0000004999972107
0.5156250000000000	0.5000000000000000	0.0000008118326703
0.5218750000000001	0.5000000000000000	0.0000010926442318
0.5281250000000000	0.5000000000000000	0.0000013323755863
0.5343750000000000	0.5000000000000000	0.0000015231281947
0.5406250000000001	0.5000000000000000	0.0000016595169814
0.5468750000000000	0.5000000000000000	0.0000017388609144
0.5531250000000001	0.5000000000000000	0.0000017612014979
0.5593750000000000	0.5000000000000000	0.0000017291562854
0.5656250000000000	0.5000000000000000	0.0000016476251319
0.5718750000000001	0.5000000000000000	0.0000015233795640
0.5781250000000000	0.5000000000000000	0.0000013645679020
0.5843750000000001	0.5000000000000000	0.0000011801803048
0.5906250000000002	0.5000000000000000	0.0000009795051268
0.5968750000000000	0.5000000000000000	0.0000007716251776
0.6031250000000001	0.5000000000000000	0.0000005649659661
0.6093750000000000	0.5000000000000000	0.0000003669452239
0.6156250000000001	0.5000000000000000	0.0000001837018187
0.6218750000000002	0.5000000000000000	0.0000000199553824
0.6281250000000000	0.5000000000000000	-0.0000001210595522
0.6343750000000001	0.5000000000000000	-0.0000002375437017
0.6406250000000002	0.5000000000000000	-0.0000003290103128
0.6468750000000001	0.5000000000000000	-0.0000003961471428
0.6531250000000002	0.5000000000000000	-0.0000004404983352
0.6593750000000000	0.5000000000000000	-0.0000004644545736
0.6656250000000001	0.5000000000000000	-0.0000004705851867
0.6718750000000000	0.5000000000000000	-0.0000004622011099
0.6781250000000000	0.5000000000000000	-0.0000004418037549
0.6843750000000000	0.5000000000000000	-0.0000004131784253
0.6906250000000000	0.5000000000000000	-0.0000003776060948
0.6968750000000001	0.5000000000000000	-0.0000003395586270
0.7031250000000000	0.5000000000000000	-0.0000002976612457
0.7093750000000001	0.5000000000000000	-0.0000002583289383
0.7156250000000002	0.5000000000000000	-0.0000002152650848
0.7218750000000000	0.5000000000000000	-0.0000001797300270
0.7281250000000001	0.5000000000000000	-0.0000001364368489
0.7343750000000000	0.5000000000000000	-0.0000001070637115
0.7406250000000000	0.5000000000000000	-0.0000000599200800
0.7468750000000000	0.5000000000000000	-0.0000000370398947
0.7531250000000000	0.5000000000000000	0.0000000227361264
0.7593749999999999	0.5000000000000000	0.0000000400965915
0.7656250000000000	0.5000000000000000	0.0000001276547633
0.7718750000000000	0.5000000000000000	0.0000001411835159
0.7781250000000000	0.5000000000000000	0.0000002799913436
0.7843750000000000	0.5000000000000000	0.0000002917131052
0.7906250000000001	0.5000000000000000	0.0000005161222447
0.7968750000000000	0.5000000000000000	0.0000005282187359
0.8031250000000000	0.5000000000000000	0.0000008861984872
0.8093750000000000	0.5000000000000000	0.0000009009658206
0.8156250000000000	0.5000000000000000	0.0000014561928449
0.8218750000000001	0.5000000000000000	0.0000014760570543
0.8281250000000000	0.5000000000000000	0.0000023082092662
0.8343750000000001	0.5000000000000000	0.0000023357235318
0.8406250000000002	0.5000000000000000	0.0000035376172167
0.8468750000000000	0.5000000000000000	0.0000035753789487
0.8531250000000001	0.5000000000000000	0.0000052456657345
0.8593750000000000	0.5000000000000000	0.0000052961143398
0.8656250000000000	0.5000000000000000	0.0000075267708612
0.8718750000000000	0.5000000000000000	0.0000075918567515
0.8781250000000000	0.5000000000000000	0.0000104507317090
0.8843749999999999	0.5000000000000000	0.0000105314830610
0.8906250000000000	0.5000000000000000	0.0000140416350996
0.8968750000000000	0.5000000000000000	0.0000141376874399
0.9031250000000000	0.5000000000000000	0.0000182568664948
0.9093750000000000	0.5000000000000000	0.0000183660536556
0.9156250000000001	0.5000000000000000	0.0000229709718225
0.9218750000000000	0.5000000000000000	0.0000230890944275
0.9281250000000000	0.5000000000000000	0.0000279695446471
0.9343750000000000	0.5000000000000000	0.0000280904235752
0.9406250000000000	0.5000000000000000	0.0000329573926386
0.9468749999999999	0.5000000000000000	0.0000330732743485
0.9531250000000000	0.5000000000000000	0.0000375828441648
0.9593749999999999	0.5000000000000000	0.0000376851558396
0.9656250000000000	0.5000000000000000	0.0000414765482201
0.9718750000000000	0.5000000000000000	0.0000415569173142
0.9781249999999999	0.5000000000000000	0.0000442993294068
0.9843750000000000	0.5000000000000000	0.0000443507062316
0.9906250000000000	0.5000000000000000	0.0000457906843335
0.9968750000000000	0.5000000000000000	0.0000458083613678
