0.0125000000000000	0.5000000000000000	-0.0000093911907789
0.0375000000000000	0.5000000000000000	-0.0000082007601752
0.0625000000000000	0.5000000000000000	-0.0000067192760764
0.0875000000000000	0.5000000000000000	-0.0000054585306469
0.1125000000000000	0.5000000000000000	-0.0000039435370277
0.1375000000000000	0.5000000000000000	-0.0000026676261325
0.1625000000000000	0.5000000000000000	-0.0000011799924799
0.1875000000000000	0.5000000000000000	0.0000000567635782
0.2125000000000000	0.5000000000000000	0.0000014583188633
0.2375000000000000	0.5000000000000000	0.0000026043279271
0.2625000000000000	0.5000000000000000	0.0000038652361418
0.2875000000000000	0.5000000000000000	0.0000048734267503
0.3125000000000001	0.5000000000000000	0.0000059451086509
0.3375000000000000	0.5000000000000000	0.0000067745538112
0.3625000000000000	0.5000000000000000	0.0000076160478601
0.3875000000000000	0.5000000000000000	0.0000082333693798
0.4125000000000000	0.5000000000000000	0.0000088126992453
0.4375000000000000	0.5000000000000000	0.0000091932086068
0.4625000000000000	0.5000000000000000	0.0000094884476917
0.4875000000000000	0.5000000000000000	0.0000096169875935
0.5125000000000000	0.5000000000000000	0.0000096169875935
0.5375000000000001	0.5000000000000000	0.0000094884476917
0.5625000000000000	0.5000000000000000	0.0000091932086068
0.5875000000000001	0.5000000000000000	0.0000088126992452
0.6125000000000000	0.5000000000000000	0.0000082333693797
0.6375000000000002	0.5000000000000000	0.0000076160478601
0.6625000000000001	0.5000000000000000	0.0000067745538113
0.6875000000000000	0.5000000000000000	0.0000059451086509
0.7125000000000001	0.5000000000000000	0.0000048734267503
0.7375000000000000	0.5000000000000000	0.0000038652361419
0.7625000000000000	0.5000000000000000	0.0000026043279271
0.7875000000000001	0.5000000000000000	0.0000014583188632
0.8125000000000000	0.5000000000000000	0.0000000567635781
0.8375000000000001	0.5000000000000000	-0.0000011799924799
0.8625000000000000	0.5000000000000000	-0.0000026676261324
0.8875000000000000	0.5000000000000000	-0.0000039435370277
0.9125000000000001	0.5000000000000000	-0.0000054585306470
0.9375000000000000	0.5000000000000000	-0.0000067192760763
0.9625000000000000	0.5000000000000000	-0.0000082007601753
0.9875000000000000	0.5000000000000000	-0.0000093911907790
