0.3250000000000001	0.5000000000000000	-0.0000000000029717
0.3750000000000000	0.5000000000000000	-0.0000000000005568
0.4250000000000000	0.5000000000000000	-0.0000000000000891
0.4750000000000000	0.5000000000000000	-0.0000000000000137
0.5250000000000000	0.5000000000000000	-0.0000000000000124
0.5750000000000001	0.5000000000000000	-0.0000000000000107
0.6250000000000001	0.5000000000000000	-0.0000000000000087
0.6750000000000000	0.5000000000000000	-0.0000000000000061
0.2375000000000000	0.5000000000000000	-0.0000000000069377
0.2625000000000000	0.5000000000000000	-0.0000000000041678
0.2875000000000000	0.5000000000000000	-0.0000000000024935
0.7125000000000001	0.5000000000000000	0.0000000000000025
0.7375000000000000	0.5000000000000000	0.0000000000000001
0.1937500000000000	0.5000000000000000	-0.0000000000067431
0.2062500000000000	0.5000000000000000	-0.0000000000054061
0.2187500000000000	0.5000000000000000	-0.0000000000043315
0.7562500000000001	0.5000000000000000	0.0000000000000035
0.7687499999999999	0.5000000000000000	0.0000000000000035
0.7812500000000000	0.5000000000000000	0.0000000000000036
0.7937500000000000	0.5000000000000000	0.0000000000000034
0.1468750000000000	0.5000000000000000	-0.0000000000069790
0.8406250000000002	0.5000000000000000	0.0000000000000007
0.1531250000000000	0.5000000000000000	-0.0000000000062924
0.1593750000000000	0.5000000000000000	-0.0000000000056723
0.1656250000000000	0.5000000000000000	-0.0000000000051133
0.1718750000000000	0.5000000000000000	-0.0000000000046084
0.1781250000000000	0.5000000000000000	-0.0000000000041528
0.1843750000000000	0.5000000000000000	-0.0000000000037422
0.8281250000000000	0.5000000000000000	0.0000000000000018
0.8343750000000001	0.5000000000000000	0.0000000000000007
0.8031250000000000	0.5000000000000000	0.0000000000000015
0.8093750000000000	0.5000000000000000	0.0000000000000016
0.8156250000000000	0.5000000000000000	0.0000000000000017
0.8218750000000001	0.5000000000000000	0.0000000000000016
0.1015625000000000	0.5000000000000000	-0.0000000000070506
0.1046875000000000	0.5000000000000000	-0.0000000000067061
0.8765624999999999	0.5000000000000000	0.0000000000000004
0.8796875000000001	0.5000000000000000	0.0000000000000003
0.8828125000000000	0.5000000000000000	0.0000000000000004
0.8859375000000000	0.5000000000000000	0.0000000000000004
0.1078125000000000	0.5000000000000000	-0.0000000000063787
0.1109375000000000	0.5000000000000000	-0.0000000000060668
0.1140625000000000	0.5000000000000000	-0.0000000000057701
0.1171875000000000	0.5000000000000000	-0.0000000000054878
0.1203125000000000	0.5000000000000000	-0.0000000000052192
0.1234375000000000	0.5000000000000000	-0.0000000000049635
0.1265625000000000	0.5000000000000000	-0.0000000000047201
0.1296875000000000	0.5000000000000000	-0.0000000000044888
0.1328125000000000	0.5000000000000000	-0.0000000000042685
0.1359375000000000	0.5000000000000000	-0.0000000000040589
0.1390625000000000	0.5000000000000000	-0.0000000000038595
0.1421875000000000	0.5000000000000000	-0.0000000000036699
0.8640625000000001	0.5000000000000000	0.0000000000000004
0.8671875000000000	0.5000000000000000	0.0000000000000003
0.8703125000000000	0.5000000000000000	0.0000000000000005
0.8734375000000000	0.5000000000000000	0.0000000000000003
0.8515625000000002	0.5000000000000000	0.0000000000000004
0.8546875000000000	0.5000000000000000	0.0000000000000004
0.8578125000000001	0.5000000000000000	0.0000000000000004
0.8609374999999999	0.5000000000000000	0.0000000000000003
0.8453125000000001	0.5000000000000000	0.0000000000000005
0.8484375000000001	0.5000000000000000	0.0000000000000004
0.0539062500000000	0.5000000000000000	-0.0000000000073756
0.0554687500000000	0.5000000000000000	-0.0000000000071971
0.0570312500000000	0.5000000000000000	-0.0000000000070229
0.0585937500000000	0.5000000000000000	-0.0000000000068527
0.0601562500000000	0.5000000000000000	-0.0000000000066867
0.0617187500000000	0.5000000000000000	-0.0000000000065246
0.9226562500000000	0.5000000000000000	0.0000000000000001
0.9242187500000001	0.5000000000000000	0.0000000000000001
0.9257812500000000	0.5000000000000000	0.0000000000000000
0.9273437500000001	0.5000000000000000	0.0000000000000001
0.9289062500000000	0.5000000000000000	0.0000000000000001
0.9304687500000000	0.5000000000000000	0.0000000000000000
0.9320312500000001	0.5000000000000000	0.0000000000000000
0.9335937500000000	0.5000000000000000	0.0000000000000001
0.0632812500000000	0.5000000000000000	-0.0000000000063664
0.0648437500000000	0.5000000000000000	-0.0000000000062121
0.0664062500000000	0.5000000000000000	-0.0000000000060613
0.0679687500000000	0.5000000000000000	-0.0000000000059144
0.0695312500000000	0.5000000000000000	-0.0000000000057707
0.0710937500000000	0.5000000000000000	-0.0000000000056307
0.0726562500000000	0.5000000000000000	-0.0000000000054939
0.0742187500000000	0.5000000000000000	-0.0000000000053604
0.0757812500000000	0.5000000000000000	-0.0000000000052302
0.0773437500000000	0.5000000000000000	-0.0000000000051031
0.0789062500000000	0.5000000000000000	-0.0000000000049791
0.0804687500000000	0.5000000000000000	-0.0000000000048579
0.0820312500000000	0.5000000000000000	-0.0000000000047399
0.0835937500000000	0.5000000000000000	-0.0000000000046245
0.0851562500000000	0.5000000000000000	-0.0000000000045120
0.0867187500000000	0.5000000000000000	-0.0000000000044020
0.0882812500000000	0.5000000000000000	-0.0000000000042948
0.0898437500000000	0.5000000000000000	-0.0000000000041903
0.0914062500000000	0.5000000000000000	-0.0000000000040882
0.0929687500000000	0.5000000000000000	-0.0000000000039886
0.0945312500000000	0.5000000000000000	-0.0000000000038913
0.0960937500000000	0.5000000000000000	-0.0000000000037963
0.0976562500000000	0.5000000000000000	-0.0000000000037038
0.0992187500000000	0.5000000000000000	-0.0000000000036133
0.9195312500000001	0.5000000000000000	0.0000000000000002
0.9210937500000000	0.5000000000000000	0.0000000000000001
0.9132812500000000	0.5000000000000000	0.0000000000000001
0.9148437500000002	0.5000000000000000	0.0000000000000002
0.9164062500000001	0.5000000000000000	0.0000000000000002
0.9179687500000000	0.5000000000000000	0.0000000000000001
0.8882812500000000	0.5000000000000000	0.0000000000000002
0.8898437500000000	0.5000000000000000	0.0000000000000001
0.8914062500000000	0.5000000000000000	0.0000000000000002
0.8929687500000001	0.5000000000000000	0.0000000000000002
0.8945312500000000	0.5000000000000000	0.0000000000000002
0.8960937500000001	0.5000000000000000	0.0000000000000001
0.8976562500000000	0.5000000000000000	0.0000000000000001
0.8992187500000000	0.5000000000000000	0.0000000000000001
0.9007812500000001	0.5000000000000000	0.0000000000000002
0.9023437500000000	0.5000000000000000	0.0000000000000001
0.9039062500000000	0.5000000000000000	0.0000000000000001
0.9054687500000000	0.5000000000000000	0.0000000000000002
0.9070312500000000	0.5000000000000000	0.0000000000000001
0.9085937500000001	0.5000000000000000	0.0000000000000002
0.9101562500000000	0.5000000000000000	0.0000000000000002
0.9117187500000001	0.5000000000000000	0.0000000000000001
0.0050781250000000	0.5000000000000000	-0.0000000000078191
0.0058593750000000	0.5000000000000000	-0.0000000000077253
0.0066406250000000	0.5000000000000000	-0.0000000000076327
0.0074218750000000	0.5000000000000000	-0.0000000000075411
0.0082031250000000	0.5000000000000000	-0.0000000000074506
0.0089843750000000	0.5000000000000000	-0.0000000000073612
0.0097656250000000	0.5000000000000000	-0.0000000000072728
0.0105468750000000	0.5000000000000000	-0.0000000000071855
0.0113281250000000	0.5000000000000000	-0.0000000000070993
0.0121093750000000	0.5000000000000000	-0.0000000000070140
0.9707031250000000	0.5000000000000000	0.0000000000000000
0.9714843750000000	0.5000000000000000	0.0000000000000000
0.9722656250000000	0.5000000000000000	0.0000000000000000
0.9730468750000001	0.5000000000000000	0.0000000000000000
0.9738281249999999	0.5000000000000000	0.0000000000000000
0.9746093750000000	0.5000000000000000	0.0000000000000000
0.9753906250000000	0.5000000000000000	-0.0000000000000000
0.9761718750000000	0.5000000000000000	0.0000000000000000
0.9769531250000001	0.5000000000000000	0.0000000000000000
0.9777343749999999	0.5000000000000000	0.0000000000000000
0.9785156249999998	0.5000000000000000	0.0000000000000000
0.9792968750000000	0.5000000000000000	0.0000000000000000
0.0128906250000000	0.5000000000000000	-0.0000000000069298
0.0136718750000000	0.5000000000000000	-0.0000000000068465
0.0144531250000000	0.5000000000000000	-0.0000000000067643
0.0152343750000000	0.5000000000000000	-0.0000000000066830
0.0160156250000000	0.5000000000000000	-0.0000000000066027
0.0167968750000000	0.5000000000000000	-0.0000000000065234
0.0175781250000000	0.5000000000000000	-0.0000000000064449
0.0183593750000000	0.5000000000000000	-0.0000000000063674
0.0191406250000000	0.5000000000000000	-0.0000000000062909
0.0199218750000000	0.5000000000000000	-0.0000000000062152
0.0207031250000000	0.5000000000000000	-0.0000000000061405
0.0214843750000000	0.5000000000000000	-0.0000000000060666
0.0222656250000000	0.5000000000000000	-0.0000000000059936
0.0230468750000000	0.5000000000000000	-0.0000000000059215
0.0238281250000000	0.5000000000000000	-0.0000000000058502
0.0246093750000000	0.5000000000000000	-0.0000000000057798
0.0253906250000000	0.5000000000000000	-0.0000000000057102
0.0261718750000000	0.5000000000000000	-0.0000000000056414
0.0269531250000000	0.5000000000000000	-0.0000000000055735
0.0277343750000000	0.5000000000000000	-0.0000000000055064
0.0285156250000000	0.5000000000000000	-0.0000000000054400
0.0292968750000000	0.5000000000000000	-0.0000000000053745
0.0300781250000000	0.5000000000000000	-0.0000000000053098
0.0308593750000000	0.5000000000000000	-0.0000000000052457
0.0316406250000000	0.5000000000000000	-0.0000000000051826
0.0324218750000000	0.5000000000000000	-0.0000000000051201
0.0332031250000000	0.5000000000000000	-0.0000000000050583
0.0339843750000000	0.5000000000000000	-0.0000000000049973
0.0347656250000000	0.5000000000000000	-0.0000000000049371
0.0355468750000000	0.5000000000000000	-0.0000000000048775
0.0363281250000000	0.5000000000000000	-0.0000000000048187
0.0371093750000000	0.5000000000000000	-0.0000000000047605
0.0378906250000000	0.5000000000000000	-0.0000000000047031
0.0386718750000000	0.5000000000000000	-0.0000000000046464
0.0394531250000000	0.5000000000000000	-0.0000000000045902
0.0402343750000000	0.5000000000000000	-0.0000000000045348
0.0410156250000000	0.5000000000000000	-0.0000000000044801
0.0417968750000000	0.5000000000000000	-0.0000000000044260
0.0425781250000000	0.5000000000000000	-0.0000000000043725
0.0433593750000000	0.5000000000000000	-0.0000000000043197
0.0441406250000000	0.5000000000000000	-0.0000000000042675
0.0449218750000000	0.5000000000000000	-0.0000000000042160
0.0457031250000000	0.5000000000000000	-0.0000000000041650
0.0464843750000000	0.5000000000000000	-0.0000000000041147
0.0472656250000000	0.5000000000000000	-0.0000000000040649
0.0480468750000000	0.5000000000000000	-0.0000000000040158
0.0488281250000000	0.5000000000000000	-0.0000000000039672
0.0496093750000000	0.5000000000000000	-0.0000000000039192
0.0503906250000000	0.5000000000000000	-0.0000000000038719
0.0511718750000000	0.5000000000000000	-0.0000000000038250
0.0519531250000000	0.5000000000000000	-0.0000000000037787
0.0527343750000000	0.5000000000000000	-0.0000000000037330
0.9628906249999998	0.5000000000000000	0.0000000000000000
0.9636718750000000	0.5000000000000000	0.0000000000000000
0.9644531249999999	0.5000000000000000	0.0000000000000000
0.9652343750000001	0.5000000000000000	0.0000000000000001
0.9660156249999999	0.5000000000000000	-0.0000000000000000
0.9667968750000000	0.5000000000000000	0.0000000000000000
0.9675781250000000	0.5000000000000000	0.0000000000000000
0.9683593750000000	0.5000000000000000	0.0000000000000000
0.9691406250000001	0.5000000000000000	0.0000000000000000
0.9699218749999999	0.5000000000000000	0.0000000000000001
0.9378906250000001	0.5000000000000000	0.0000000000000000
0.9386718749999999	0.5000000000000000	-0.0000000000000000
0.9394531250000000	0.5000000000000000	0.0000000000000000
0.9402343750000000	0.5000000000000000	0.0000000000000001
0.9410156250000000	0.5000000000000000	0.0000000000000000
0.9417968750000001	0.5000000000000000	0.0000000000000000
0.9425781249999999	0.5000000000000000	-0.0000000000000000
0.9433593750000000	0.5000000000000000	-0.0000000000000000
0.9441406250000000	0.5000000000000000	0.0000000000000000
0.9449218750000000	0.5000000000000000	0.0000000000000000
0.9457031250000001	0.5000000000000000	-0.0000000000000000
0.9464843749999999	0.5000000000000000	0.0000000000000001
0.9472656249999998	0.5000000000000000	0.0000000000000000
0.9480468750000000	0.5000000000000000	0.0000000000000001
0.9488281249999999	0.5000000000000000	-0.0000000000000001
0.9496093750000001	0.5000000000000000	0.0000000000000001
0.9503906249999999	0.5000000000000000	0.0000000000000000
0.9511718750000000	0.5000000000000000	0.0000000000000000
0.9519531250000000	0.5000000000000000	0.0000000000000000
0.9527343750000000	0.5000000000000000	0.0000000000000001
0.9535156250000001	0.5000000000000000	0.0000000000000000
0.9542968749999999	0.5000000000000000	0.0000000000000000
0.9550781249999998	0.5000000000000000	0.0000000000000000
0.9558593750000000	0.5000000000000000	0.0000000000000000
0.9566406249999999	0.5000000000000000	0.0000000000000000
0.9574218750000001	0.5000000000000000	0.0000000000000001
0.9582031249999999	0.5000000000000000	0.0000000000000000
0.9589843749999998	0.5000000000000000	0.0000000000000001
0.9597656249999998	0.5000000000000000	0.0000000000000000
0.9605468749999999	0.5000000000000000	-0.0000000000000000
0.9613281249999999	0.5000000000000000	0.0000000000000000
0.9621093749999999	0.5000000000000000	0.0000000000000000
0.9347656249999999	0.5000000000000000	0.0000000000000000
0.9355468750000000	0.5000000000000000	0.0000000000000000
0.9363281250000000	0.5000000000000000	0.0000000000000000
0.9371093750000000	0.5000000000000000	0.0000000000000000
0.0001953125000000	0.5000000000000000	-0.0000000000042020
0.0005859375000000	0.5000000000000000	-0.0000000000041768
0.0009765625000000	0.5000000000000000	-0.0000000000041518
0.0013671875000000	0.5000000000000000	-0.0000000000041269
0.0017578125000000	0.5000000000000000	-0.0000000000041022
0.0021484375000000	0.5000000000000000	-0.0000000000040776
0.0025390625000000	0.5000000000000000	-0.0000000000040532
0.0029296875000000	0.5000000000000000	-0.0000000000040289
0.0033203125000000	0.5000000000000000	-0.0000000000040047
0.0037109375000000	0.5000000000000000	-0.0000000000039807
0.0041015625000000	0.5000000000000000	-0.0000000000039569
0.0044921875000000	0.5000000000000000	-0.0000000000039331
0.9798828124999999	0.5000000000000000	0.0000000000000000
0.9802734375000000	0.5000000000000000	0.0000000000000000
0.9806640625000000	0.5000000000000000	-0.0000000000000000
0.9810546874999999	0.5000000000000000	0.0000000000000000
0.9814453125000000	0.5000000000000000	0.0000000000000000
0.9818359374999999	0.5000000000000000	0.0000000000000000
0.9822265625000000	0.5000000000000000	0.0000000000000000
0.9826171875000000	0.5000000000000000	0.0000000000000000
0.9830078124999999	0.5000000000000000	-0.0000000000000000
0.9833984375000000	0.5000000000000000	-0.0000000000000000
0.9837890625000000	0.5000000000000000	0.0000000000000000
0.9841796875000000	0.5000000000000000	0.0000000000000000
0.9845703125000000	0.5000000000000000	-0.0000000000000000
0.9849609374999999	0.5000000000000000	0.0000000000000000
0.9853515625000000	0.5000000000000000	-0.0000000000000000
0.9857421875000000	0.5000000000000000	0.0000000000000000
0.9861328125000000	0.5000000000000000	-0.0000000000000000
0.9865234375000000	0.5000000000000000	0.0000000000000000
0.9869140625000001	0.5000000000000000	0.0000000000000000
0.9873046875000000	0.5000000000000000	0.0000000000000000
0.9876953125000000	0.5000000000000000	0.0000000000000000
0.9880859375000000	0.5000000000000000	-0.0000000000000000
0.9884765625000000	0.5000000000000000	0.0000000000000000
0.9888671875000001	0.5000000000000000	-0.0000000000000000
0.9892578125000000	0.5000000000000000	0.0000000000000000
0.9896484375000001	0.5000000000000000	0.0000000000000000
0.9900390625000002	0.5000000000000000	-0.0000000000000000
0.9904296875000000	0.5000000000000000	-0.0000000000000000
0.9908203125000001	0.5000000000000000	-0.0000000000000000
0.9912109375000000	0.5000000000000000	0.0000000000000000
0.9916015625000000	0.5000000000000000	0.0000000000000000
0.9919921875000000	0.5000000000000000	0.0000000000000000
0.9923828125000000	0.5000000000000000	0.0000000000000000
0.9927734374999999	0.5000000000000000	-0.0000000000000000
0.9931640625000000	0.5000000000000000	0.0000000000000000
0.9935546875000000	0.5000000000000000	0.0000000000000000
0.9939453125000000	0.5000000000000000	0.0000000000000000
0.9943359375000000	0.5000000000000000	-0.0000000000000000
0.9947265625000001	0.5000000000000000	0.0000000000000000
0.9951171875000000	0.5000000000000000	0.0000000000000000
0.9955078125000000	0.5000000000000000	0.0000000000000000
0.9958984375000000	0.5000000000000000	0.0000000000000000
0.9962890625000000	0.5000000000000000	0.0000000000000000
0.9966796874999999	0.5000000000000000	0.0000000000000000
0.9970703125000000	0.5000000000000000	0.0000000000000000
0.9974609374999999	0.5000000000000000	0.0000000000000000
0.9978515625000000	0.5000000000000000	0.0000000000000000
0.9982421875000000	0.5000000000000000	0.0000000000000000
0.9986328124999999	0.5000000000000000	0.0000000000000000
0.9990234375000000	0.5000000000000000	0.0000000000000000
0.9994140625000000	0.5000000000000000	0.0000000000000000
0.9998046875000000	0.5000000000000000	0.0000000000000000
