0.1625000000000000	0.5000000000000000	0.0000000000000014
0.1875000000000000	0.5000000000000000	-0.0000000000000002
0.2125000000000000	0.5000000000000000	-0.0000000000000008
0.2375000000000000	0.5000000000000000	-0.0000000000000005
0.2625000000000000	0.5000000000000000	-0.0000000000000006
0.2875000000000000	0.5000000000000000	-0.0000000000000009
0.3125000000000001	0.5000000000000000	-0.0000000000000017
0.3375000000000000	0.5000000000000000	0.0000000000000011
0.3625000000000000	0.5000000000000000	0.0000000000000015
0.3875000000000000	0.5000000000000000	0.0000000000000024
0.4125000000000000	0.5000000000000000	0.0000000000000023
0.4375000000000000	0.5000000000000000	0.0000000000000028
0.4625000000000000	0.5000000000000000	0.0000000000000024
0.4875000000000000	0.5000000000000000	0.0000000000000026
0.5125000000000000	0.5000000000000000	0.0000000000000030
0.5375000000000001	0.5000000000000000	0.0000000000000028
0.5625000000000000	0.5000000000000000	0.0000000000000029
0.5875000000000001	0.5000000000000000	0.0000000000000031
0.6125000000000000	0.5000000000000000	0.0000000000000029
0.6375000000000000	0.5000000000000000	0.0000000000000033
0.6625000000000001	0.5000000000000000	0.0000000000000075
0.6875000000000000	0.5000000000000000	0.0000000000000250
0.7125000000000001	0.5000000000000000	0.0000000000000807
0.7375000000000000	0.5000000000000000	0.0000000000002420
0.7625000000000000	0.5000000000000000	0.0000000000006904
0.7875000000000001	0.5000000000000000	0.0000000000018873
0.8125000000000000	0.5000000000000000	0.0000000000049572
0.1312500000000000	0.5000000000000000	-0.0000000000000003
0.1437500000000000	0.5000000000000000	-0.0000000000000010
0.8312500000000000	0.5000000000000000	0.0000000000035798
0.8437500000000001	0.5000000000000000	0.0000000000051540
0.8562500000000000	0.5000000000000000	0.0000000000073987
0.8687500000000000	0.5000000000000000	0.0000000000105869
0.8812500000000001	0.5000000000000000	0.0000000000151022
0.8937499999999999	0.5000000000000000	0.0000000000214751
0.0968750000000000	0.5000000000000000	0.0000000000000001
0.9031250000000000	0.5000000000000000	0.0000000000126018
0.9093750000000000	0.5000000000000000	0.0000000000147807
0.9156250000000001	0.5000000000000000	0.0000000000173279
0.9218750000000000	0.5000000000000000	0.0000000000203022
0.1031250000000000	0.5000000000000000	0.0000000000000001
0.1093750000000000	0.5000000000000000	-0.0000000000000000
0.1156250000000000	0.5000000000000000	-0.0000000000000002
0.1218750000000000	0.5000000000000000	-0.0000000000000008
0.0671875000000000	0.5000000000000000	0.0000000000000001
0.9390624999999999	0.5000000000000000	0.0000000000148228
0.9421875000000001	0.5000000000000000	0.0000000000159830
0.9453125000000002	0.5000000000000000	0.0000000000172319
0.9484375000000000	0.5000000000000000	0.0000000000185760
0.9515625000000001	0.5000000000000000	0.0000000000200228
0.9546874999999999	0.5000000000000000	0.0000000000215793
0.9265625000000001	0.5000000000000000	0.0000000000109520
0.9296875000000000	0.5000000000000000	0.0000000000118151
0.9328125000000000	0.5000000000000000	0.0000000000127445
0.9359375000000000	0.5000000000000000	0.0000000000137452
0.0703125000000000	0.5000000000000000	0.0000000000000002
0.0734375000000000	0.5000000000000000	0.0000000000000003
0.0765625000000000	0.5000000000000000	-0.0000000000000002
0.0796875000000000	0.5000000000000000	-0.0000000000000001
0.0828125000000000	0.5000000000000000	0.0000000000000001
0.0859375000000000	0.5000000000000000	-0.0000000000000002
0.0890625000000000	0.5000000000000000	-0.0000000000000004
0.0921875000000000	0.5000000000000000	-0.0000000000000002
0.0335937500000000	0.5000000000000000	0.0000000000000000
0.0351562500000000	0.5000000000000000	0.0000000000000000
0.0367187500000000	0.5000000000000000	-0.0000000000000001
0.9570312500000000	0.5000000000000000	0.0000000000111930
0.9585937500000001	0.5000000000000000	0.0000000000116111
0.9601562500000000	0.5000000000000000	0.0000000000120449
0.9617187500000002	0.5000000000000000	0.0000000000124938
0.9632812500000002	0.5000000000000000	0.0000000000129596
0.9648437500000002	0.5000000000000000	0.0000000000134421
0.9664062500000001	0.5000000000000000	0.0000000000139420
0.9679687500000000	0.5000000000000000	0.0000000000144608
0.9695312500000002	0.5000000000000000	0.0000000000149980
0.9710937500000001	0.5000000000000000	0.0000000000155546
0.9726562500000000	0.5000000000000000	0.0000000000161317
0.9742187500000001	0.5000000000000000	0.0000000000167294
0.9757812500000000	0.5000000000000000	0.0000000000173487
0.9773437500000002	0.5000000000000000	0.0000000000179908
0.9789062500000001	0.5000000000000000	0.0000000000186556
0.9804687500000000	0.5000000000000000	0.0000000000193450
0.9820312500000001	0.5000000000000000	0.0000000000200591
0.9835937500000000	0.5000000000000000	0.0000000000207986
0.9851562500000000	0.5000000000000000	0.0000000000215652
0.9867187500000001	0.5000000000000000	0.0000000000223590
0.9882812500000000	0.5000000000000000	0.0000000000231814
0.9898437500000001	0.5000000000000000	0.0000000000240334
0.9914062500000000	0.5000000000000000	0.0000000000249160
0.9929687500000000	0.5000000000000000	0.0000000000258302
0.9945312500000001	0.5000000000000000	0.0000000000267774
0.9960937500000000	0.5000000000000000	0.0000000000277582
0.9976562500000000	0.5000000000000000	0.0000000000287741
0.9992187500000000	0.5000000000000000	0.0000000000298263
0.0382812500000000	0.5000000000000000	0.0000000000000002
0.0398437500000000	0.5000000000000000	-0.0000000000000002
0.0414062500000000	0.5000000000000000	0.0000000000000001
0.0429687500000000	0.5000000000000000	0.0000000000000001
0.0445312500000000	0.5000000000000000	-0.0000000000000000
0.0460937500000000	0.5000000000000000	0.0000000000000002
0.0476562500000000	0.5000000000000000	-0.0000000000000002
0.0492187500000000	0.5000000000000000	0.0000000000000001
0.0507812500000000	0.5000000000000000	-0.0000000000000002
0.0523437500000000	0.5000000000000000	0.0000000000000001
0.0539062500000000	0.5000000000000000	0.0000000000000001
0.0554687500000000	0.5000000000000000	0.0000000000000001
0.0570312500000000	0.5000000000000000	0.0000000000000001
0.0585937500000000	0.5000000000000000	0.0000000000000000
0.0601562500000000	0.5000000000000000	-0.0000000000000000
0.0617187500000000	0.5000000000000000	0.0000000000000000
0.0632812500000000	0.5000000000000000	0.0000000000000003
0.0648437500000000	0.5000000000000000	-0.0000000000000002
0.0003906250000000	0.5000000000000000	0.0000000000000000
0.0011718750000000	0.5000000000000000	-0.0000000000000003
0.0019531250000000	0.5000000000000000	0.0000000000000003
0.0027343750000000	0.5000000000000000	-0.0000000000000002
0.0035156250000000	0.5000000000000000	0.0000000000000000
0.0042968750000000	0.5000000000000000	0.0000000000000001
0.0050781250000000	0.5000000000000000	0.0000000000000001
0.0058593750000000	0.5000000000000000	0.0000000000000001
0.0066406250000000	0.5000000000000000	0.0000000000000001
0.0074218750000000	0.5000000000000000	-0.0000000000000001
0.0082031250000000	0.5000000000000000	0.0000000000000000
0.0089843750000000	0.5000000000000000	-0.0000000000000001
0.0097656250000000	0.5000000000000000	0.0000000000000000
0.0105468750000000	0.5000000000000000	0.0000000000000001
0.0113281250000000	0.5000000000000000	-0.0000000000000001
0.0121093750000000	0.5000000000000000	-0.0000000000000001
0.0128906250000000	0.5000000000000000	0.0000000000000001
0.0136718750000000	0.5000000000000000	-0.0000000000000000
0.0144531250000000	0.5000000000000000	0.0000000000000000
0.0152343750000000	0.5000000000000000	-0.0000000000000001
0.0160156250000000	0.5000000000000000	0.0000000000000002
0.0167968750000000	0.5000000000000000	-0.0000000000000002
0.0175781250000000	0.5000000000000000	0.0000000000000002
0.0183593750000000	0.5000000000000000	0.0000000000000000
0.0191406250000000	0.5000000000000000	0.0000000000000002
0.0199218750000000	0.5000000000000000	-0.0000000000000001
0.0207031250000000	0.5000000000000000	-0.0000000000000000
0.0214843750000000	0.5000000000000000	-0.0000000000000001
0.0222656250000000	0.5000000000000000	0.0000000000000002
0.0230468750000000	0.5000000000000000	-0.0000000000000003
0.0238281250000000	0.5000000000000000	0.0000000000000001
0.0246093750000000	0.5000000000000000	-0.0000000000000000
0.0253906250000000	0.5000000000000000	0.0000000000000000
0.0261718750000000	0.5000000000000000	0.0000000000000001
0.0269531250000000	0.5000000000000000	0.0000000000000001
0.0277343750000000	0.5000000000000000	-0.0000000000000000
0.0285156250000000	0.5000000000000000	0.0000000000000001
0.0292968750000000	0.5000000000000000	-0.0000000000000003
0.0300781250000000	0.5000000000000000	0.0000000000000004
0.0308593750000000	0.5000000000000000	-0.0000000000000002
0.0316406250000000	0.5000000000000000	0.0000000000000002
0.0324218750000000	0.5000000000000000	-0.0000000000000003
