0.0062500000000000	0.5000000000000000	0.0443113473815012	0.0443113473815012	
0.0187500000000000	0.5000000000000000	0.0443113468254301	0.0443113468254301	
0.0312500000000000	0.5000000000000000	0.0443113465430973	0.0443113465430973	
0.0437500000000000	0.5000000000000000	0.0443113464024870	0.0443113464024870	
0.0562500000000000	0.5000000000000000	0.0443113463338040	0.0443113463338040	
0.0687500000000000	0.5000000000000000	0.0443113463009032	0.0443113463009032	
0.0812500000000000	0.5000000000000000	0.0443113462854495	0.0443113462854495	
0.0937500000000000	0.5000000000000000	0.0443113462783329	0.0443113462783329	
0.1062500000000000	0.5000000000000000	0.0443113462751202	0.0443113462751202	
0.1187500000000000	0.5000000000000000	0.0443113462736986	0.0443113462736986	
0.1312500000000000	0.5000000000000000	0.0443113462730822	0.0443113462730822	
0.1437500000000000	0.5000000000000000	0.0443113462728203	0.0443113462728203	
0.1562500000000000	0.5000000000000000	0.0443113462727113	0.0443113462727113	
0.1687500000000000	0.5000000000000000	0.0443113462726668	0.0443113462726668	
0.1812500000000000	0.5000000000000000	0.0443113462726491	0.0443113462726491	
0.1937500000000000	0.5000000000000000	0.0443113462726421	0.0443113462726421	
0.2062500000000000	0.5000000000000000	0.0443113462726395	0.0443113462726395	
0.2187500000000000	0.5000000000000000	0.0443113462726385	0.0443113462726385	
0.2312500000000000	0.5000000000000000	0.0443113462726381	0.0443113462726381	
0.2437500000000000	0.5000000000000000	0.0443113462726380	0.0443113462726380	
0.2562500000000000	0.5000000000000000	0.0443113462726380	0.0443113462726380	
0.2687500000000000	0.5000000000000000	0.0443113462726379	0.0443113462726379	
0.2812500000000000	0.5000000000000000	0.0443113462726379	0.0443113462726379	
0.2937500000000001	0.5000000000000000	0.0443113462726379	0.0443113462726379	
0.3062500000000000	0.5000000000000000	0.0443113462726379	0.0443113462726379	
0.3187500000000001	0.5000000000000000	0.0443113462726379	0.0443113462726379	
0.3312500000000000	0.5000000000000000	0.0443113462726379	0.0443113462726379	
0.3437500000000000	0.5000000000000000	0.0443113462726379	0.0443113462726379	
0.3562500000000001	0.5000000000000000	0.0443113462726379	0.0443113462726379	
0.3687500000000000	0.5000000000000000	0.0443113462726379	0.0443113462726379	
0.3812500000000000	0.5000000000000000	0.0443113462726379	0.0443113462726379	
0.3937500000000000	0.5000000000000000	0.0443113462726379	0.0443113462726379	
0.4062500000000000	0.5000000000000000	0.0443113462726379	0.0443113462726379	
0.4187500000000001	0.5000000000000000	0.0443113462726379	0.0443113462726379	
0.4312500000000000	0.5000000000000000	0.0443113462726380	0.0443113462726378	
0.4437500000000000	0.5000000000000000	0.0443113462726382	0.0443113462726375	
0.4562500000000000	0.5000000000000000	0.0443113462726388	0.0443113462726364	
0.4687500000000000	0.5000000000000000	0.0443113462726414	0.0443113462726321	
0.4812500000000000	0.5000000000000000	0.0443113462726508	0.0443113462726157	
0.4937500000000000	0.5000000000000000	0.0443113462726842	0.0443113462725566	
0.5062500000000000	0.5000000000000000	0.0443113462727995	0.0443113462723488	
0.5187500000000000	0.5000000000000000	0.0443113462731844	0.0443113462716408	
0.5312500000000000	0.5000000000000000	0.0443113462744297	0.0443113462693026	
0.5437500000000001	0.5000000000000000	0.0443113462783321	0.0443113462618167	
0.5562500000000000	0.5000000000000000	0.0443113462901772	0.0443113462385833	
0.5687500000000001	0.5000000000000000	0.0443113463250004	0.0443113461686816	
0.5812500000000000	0.5000000000000000	0.0443113464241539	0.0443113459648031	
0.5937500000000001	0.5000000000000000	0.0443113466975750	0.0443113453883500	
0.6062500000000001	0.5000000000000000	0.0443113474277366	0.0443113438083143	
0.6187500000000001	0.5000000000000000	0.0443113493159176	0.0443113396099360	
0.6312500000000001	0.5000000000000000	0.0443113540439248	0.0443113287953694	
0.6437500000000002	0.5000000000000000	0.0443113655067576	0.0443113017899628	
0.6562500000000001	0.5000000000000000	0.0443113924128925	0.0443112364155884	
0.6687500000000000	0.5000000000000000	0.0443114535519441	0.0443110829960276	
0.6812500000000000	0.5000000000000000	0.0443115880302864	0.0443107339590729	
0.6937500000000001	0.5000000000000000	0.0443118743198897	0.0443099641541727	
0.7062500000000000	0.5000000000000000	0.0443124641486787	0.0443083182308801	
0.7187500000000001	0.5000000000000000	0.0443136400053429	0.0443049066221343	
0.7312500000000000	0.5000000000000000	0.0443159079048135	0.0442980512572537	
0.7437500000000000	0.5000000000000000	0.0443201390487915	0.0442846968489246	
0.7562500000000001	0.5000000000000000	0.0443277733411414	0.0442594770042674	
0.7687499999999999	0.5000000000000000	0.0443410918509485	0.0442133043574533	
0.7812500000000000	0.5000000000000000	0.0443635513883759	0.0441313536634046	
0.7937500000000000	0.5000000000000000	0.0444001501659579	0.0439903446543467	
0.8062500000000000	0.5000000000000000	0.0444577591404755	0.0437551278931891	
0.8187500000000001	0.5000000000000000	0.0445453133692566	0.0433747479287327	
0.8312500000000000	0.5000000000000000	0.0446737216007645	0.0427784055039873	
0.8437500000000001	0.5000000000000000	0.0448553360704893	0.0418720403780093	
0.8562500000000000	0.5000000000000000	0.0451028467581516	0.0405365500946443	
0.8687500000000000	0.5000000000000000	0.0454275408639656	0.0386288550178029	
0.8812500000000001	0.5000000000000000	0.0458370033897976	0.0359870033093154	
0.8937499999999999	0.5000000000000000	0.0463325135684973	0.0324401788962963	
0.9062500000000000	0.5000000000000000	0.0469065764518994	0.0278237814211754	
0.9187500000000000	0.5000000000000000	0.0475411624150102	0.0219987350995415	
0.9312500000000000	0.5000000000000000	0.0482072482036356	0.0148730170261714	
0.9437500000000001	0.5000000000000000	0.0488661170846347	0.0064223442831769	
0.9562499999999999	0.5000000000000000	0.0494725777723260	-0.0032936580285080	
0.9687500000000000	0.5000000000000000	0.0499798501344341	-0.0141233933899923	
0.9812500000000000	0.5000000000000000	0.0503454372238744	-0.0258259882030250	
0.9937500000000000	0.5000000000000000	0.0505369798318261	-0.0380857127134497	
