0.0015625000000000	0.5000000000000000	0.0884155652448578	0.0884155652448578	
0.0046875000000000	0.5000000000000000	0.0884155651264635	0.0884155651264635	
0.0078125000000000	0.5000000000000000	0.0884155650400642	0.0884155650400642	
0.0109375000000000	0.5000000000000000	0.0884155649773414	0.0884155649773414	
0.0140625000000000	0.5000000000000000	0.0884155649320443	0.0884155649320443	
0.0171875000000000	0.5000000000000000	0.0884155648995028	0.0884155648995028	
0.0203125000000000	0.5000000000000000	0.0884155648762475	0.0884155648762475	
0.0234375000000000	0.5000000000000000	0.0884155648597157	0.0884155648597157	
0.0265625000000000	0.5000000000000000	0.0884155648480256	0.0884155648480256	
0.0296875000000000	0.5000000000000000	0.0884155648398027	0.0884155648398027	
0.0328125000000000	0.5000000000000000	0.0884155648340493	0.0884155648340493	
0.0359375000000000	0.5000000000000000	0.0884155648300451	0.0884155648300451	
0.0390625000000000	0.5000000000000000	0.0884155648272731	0.0884155648272731	
0.0421875000000000	0.5000000000000000	0.0884155648253644	0.0884155648253644	
0.0453125000000000	0.5000000000000000	0.0884155648240571	0.0884155648240571	
0.0484375000000000	0.5000000000000000	0.0884155648231665	0.0884155648231665	
0.0515625000000000	0.5000000000000000	0.0884155648225631	0.0884155648225631	
0.0546875000000000	0.5000000000000000	0.0884155648221563	0.0884155648221563	
0.0578125000000000	0.5000000000000000	0.0884155648218837	0.0884155648218837	
0.0609375000000000	0.5000000000000000	0.0884155648217019	0.0884155648217019	
0.0640625000000000	0.5000000000000000	0.0884155648215814	0.0884155648215814	
0.0671875000000000	0.5000000000000000	0.0884155648215019	0.0884155648215019	
0.0703125000000000	0.5000000000000000	0.0884155648214498	0.0884155648214498	
0.0734375000000000	0.5000000000000000	0.0884155648214158	0.0884155648214158	
0.0765625000000000	0.5000000000000000	0.0884155648213937	0.0884155648213937	
0.0796875000000000	0.5000000000000000	0.0884155648213795	0.0884155648213795	
0.0828125000000000	0.5000000000000000	0.0884155648213703	0.0884155648213703	
0.0859375000000000	0.5000000000000000	0.0884155648213645	0.0884155648213645	
0.0890625000000000	0.5000000000000000	0.0884155648213608	0.0884155648213608	
0.0921875000000000	0.5000000000000000	0.0884155648213585	0.0884155648213585	
0.0953125000000000	0.5000000000000000	0.0884155648213570	0.0884155648213570	
0.0984375000000000	0.5000000000000000	0.0884155648213561	0.0884155648213561	
0.1015625000000000	0.5000000000000000	0.0884155648213555	0.0884155648213555	
0.1046875000000000	0.5000000000000000	0.0884155648213552	0.0884155648213552	
0.1078125000000000	0.5000000000000000	0.0884155648213550	0.0884155648213550	
0.1109375000000000	0.5000000000000000	0.0884155648213548	0.0884155648213548	
0.1140625000000000	0.5000000000000000	0.0884155648213548	0.0884155648213548	
0.1171875000000000	0.5000000000000000	0.0884155648213547	0.0884155648213547	
0.1203125000000000	0.5000000000000000	0.0884155648213547	0.0884155648213547	
0.1234375000000000	0.5000000000000000	0.0884155648213547	0.0884155648213547	
0.1265625000000000	0.5000000000000000	0.0884155648213546	0.0884155648213546	
0.1296875000000000	0.5000000000000000	0.0884155648213546	0.0884155648213546	
0.1328125000000000	0.5000000000000000	0.0884155648213546	0.0884155648213546	
0.1359375000000000	0.5000000000000000	0.0884155648213546	0.0884155648213546	
0.1390625000000000	0.5000000000000000	0.0884155648213547	0.0884155648213546	
0.1421875000000000	0.5000000000000000	0.0884155648213546	0.0884155648213546	
0.1453125000000000	0.5000000000000000	0.0884155648213547	0.0884155648213546	
0.1484375000000000	0.5000000000000000	0.0884155648213546	0.0884155648213546	
0.1515625000000000	0.5000000000000000	0.0884155648213546	0.0884155648213546	
0.1546875000000000	0.5000000000000000	0.0884155648213546	0.0884155648213545	
0.1578125000000000	0.5000000000000000	0.0884155648213546	0.0884155648213545	
0.1609375000000000	0.5000000000000000	0.0884155648213546	0.0884155648213545	
0.1640625000000000	0.5000000000000000	0.0884155648213546	0.0884155648213545	
0.1671875000000000	0.5000000000000000	0.0884155648213546	0.0884155648213546	
0.1703125000000000	0.5000000000000000	0.0884155648213546	0.0884155648213546	
0.1734375000000000	0.5000000000000000	0.0884155648213546	0.0884155648213546	
0.1765625000000000	0.5000000000000000	0.0884155648213546	0.0884155648213546	
0.1796875000000000	0.5000000000000000	0.0884155648213545	0.0884155648213546	
0.1828125000000000	0.5000000000000000	0.0884155648213545	0.0884155648213546	
0.1859375000000000	0.5000000000000000	0.0884155648213546	0.0884155648213546	
0.1890625000000000	0.5000000000000000	0.0884155648213546	0.0884155648213546	
0.1921875000000000	0.5000000000000000	0.0884155648213546	0.0884155648213546	
0.1953125000000000	0.5000000000000000	0.0884155648213546	0.0884155648213546	
0.1984375000000000	0.5000000000000000	0.0884155648213546	0.0884155648213546	
0.2015625000000000	0.5000000000000000	0.0884155648213546	0.0884155648213546	
0.2046875000000000	0.5000000000000000	0.0884155648213546	0.0884155648213546	
0.2078125000000000	0.5000000000000000	0.0884155648213546	0.0884155648213546	
0.2109375000000000	0.5000000000000000	0.0884155648213546	0.0884155648213546	
0.2140625000000000	0.5000000000000000	0.0884155648213546	0.0884155648213546	
0.2171875000000000	0.5000000000000000	0.0884155648213546	0.0884155648213546	
0.2203125000000000	0.5000000000000000	0.0884155648213546	0.0884155648213546	
0.2234375000000000	0.5000000000000000	0.0884155648213546	0.0884155648213546	
0.2265625000000000	0.5000000000000000	0.0884155648213546	0.0884155648213546	
0.2296875000000000	0.5000000000000000	0.0884155648213546	0.0884155648213545	
0.2328125000000000	0.5000000000000000	0.0884155648213546	0.0884155648213545	
0.2359375000000000	0.5000000000000000	0.0884155648213546	0.0884155648213545	
0.2390625000000000	0.5000000000000000	0.0884155648213546	0.0884155648213545	
0.2421875000000000	0.5000000000000000	0.0884155648213546	0.0884155648213543	
0.2453125000000000	0.5000000000000000	0.0884155648213547	0.0884155648213542	
0.2484375000000000	0.5000000000000000	0.0884155648213547	0.0884155648213541	
0.2515625000000000	0.5000000000000000	0.0884155648213547	0.0884155648213538	
0.2546875000000000	0.5000000000000000	0.0884155648213548	0.0884155648213535	
0.2578125000000000	0.5000000000000000	0.0884155648213549	0.0884155648213530	
0.2609375000000000	0.5000000000000000	0.0884155648213550	0.0884155648213524	
0.2640625000000000	0.5000000000000000	0.0884155648213551	0.0884155648213515	
0.2671875000000000	0.5000000000000000	0.0884155648213553	0.0884155648213502	
0.2703125000000001	0.5000000000000000	0.0884155648213556	0.0884155648213484	
0.2734375000000000	0.5000000000000000	0.0884155648213560	0.0884155648213460	
0.2765625000000000	0.5000000000000000	0.0884155648213565	0.0884155648213426	
0.2796875000000000	0.5000000000000000	0.0884155648213573	0.0884155648213379	
0.2828125000000000	0.5000000000000000	0.0884155648213583	0.0884155648213314	
0.2859375000000001	0.5000000000000000	0.0884155648213597	0.0884155648213224	
0.2890625000000000	0.5000000000000000	0.0884155648213617	0.0884155648213100	
0.2921875000000000	0.5000000000000000	0.0884155648213644	0.0884155648212929	
0.2953125000000001	0.5000000000000000	0.0884155648213681	0.0884155648212695	
0.2984375000000000	0.5000000000000000	0.0884155648213731	0.0884155648212374	
0.3015625000000001	0.5000000000000000	0.0884155648213799	0.0884155648211935	
0.3046875000000000	0.5000000000000000	0.0884155648213892	0.0884155648211335	
0.3078125000000000	0.5000000000000000	0.0884155648214017	0.0884155648210518	
0.3109375000000001	0.5000000000000000	0.0884155648214186	0.0884155648209407	
0.3140625000000000	0.5000000000000000	0.0884155648214413	0.0884155648207898	
0.3171875000000001	0.5000000000000000	0.0884155648214721	0.0884155648205855	
0.3203125000000001	0.5000000000000000	0.0884155648215133	0.0884155648203092	
0.3234375000000000	0.5000000000000000	0.0884155648215686	0.0884155648199365	
0.3265625000000001	0.5000000000000000	0.0884155648216426	0.0884155648194344	
0.3296875000000000	0.5000000000000000	0.0884155648217414	0.0884155648187596	
0.3328125000000001	0.5000000000000000	0.0884155648218730	0.0884155648178543	
0.3359375000000000	0.5000000000000000	0.0884155648220482	0.0884155648166422	
0.3390625000000000	0.5000000000000000	0.0884155648222806	0.0884155648150225	
0.3421875000000000	0.5000000000000000	0.0884155648225887	0.0884155648128624	
0.3453125000000000	0.5000000000000000	0.0884155648229959	0.0884155648099870	
0.3484375000000001	0.5000000000000000	0.0884155648235331	0.0884155648061671	
0.3515625000000000	0.5000000000000000	0.0884155648242407	0.0884155648011023	
0.3546875000000000	0.5000000000000000	0.0884155648251707	0.0884155647944001	
0.3578125000000001	0.5000000000000000	0.0884155648263904	0.0884155647855482	
0.3609375000000000	0.5000000000000000	0.0884155648279870	0.0884155647738800	
0.3640625000000001	0.5000000000000000	0.0884155648300727	0.0884155647585295	
0.3671875000000000	0.5000000000000000	0.0884155648327919	0.0884155647383740	
0.3703125000000000	0.5000000000000000	0.0884155648363301	0.0884155647119610	
0.3734375000000000	0.5000000000000000	0.0884155648409245	0.0884155646774155	
0.3765625000000000	0.5000000000000000	0.0884155648468786	0.0884155646323215	
0.3796875000000000	0.5000000000000000	0.0884155648545792	0.0884155645735728	
0.3828125000000000	0.5000000000000000	0.0884155648645188	0.0884155644971839	
0.3859375000000000	0.5000000000000000	0.0884155648773224	0.0884155643980518	
0.3890625000000000	0.5000000000000000	0.0884155648937824	0.0884155642696562	
0.3921875000000000	0.5000000000000000	0.0884155649149002	0.0884155641036828	
0.3953125000000001	0.5000000000000000	0.0884155649419397	0.0884155638895520	
0.3984375000000000	0.5000000000000000	0.0884155649764916	0.0884155636138299	
0.4015625000000000	0.5000000000000000	0.0884155650205545	0.0884155632594930	
0.4046875000000000	0.5000000000000000	0.0884155650766332	0.0884155628050144	
0.4078125000000000	0.5000000000000000	0.0884155651478609	0.0884155622232294	
0.4109375000000001	0.5000000000000000	0.0884155652381477	0.0884155614799299	
0.4140625000000000	0.5000000000000000	0.0884155653523628	0.0884155605321285	
0.4171875000000000	0.5000000000000000	0.0884155654965566	0.0884155593259182	
0.4203125000000001	0.5000000000000000	0.0884155656782305	0.0884155577938403	
0.4234375000000000	0.5000000000000000	0.0884155659066649	0.0884155558516539	
0.4265625000000001	0.5000000000000000	0.0884155661933154	0.0884155533943827	
0.4296875000000000	0.5000000000000000	0.0884155665522916	0.0884155502914848	
0.4328125000000000	0.5000000000000000	0.0884155670009333	0.0884155463809689	
0.4359375000000000	0.5000000000000000	0.0884155675605035	0.0884155414622412	
0.4390625000000000	0.5000000000000000	0.0884155682570170	0.0884155352874298	
0.4421875000000000	0.5000000000000000	0.0884155691222323	0.0884155275508895	
0.4453125000000000	0.5000000000000000	0.0884155701948327	0.0884155178765335	
0.4484375000000000	0.5000000000000000	0.0884155715218302	0.0884155058025797	
0.4515625000000000	0.5000000000000000	0.0884155731602312	0.0884154907632273	
0.4546875000000000	0.5000000000000000	0.0884155751790047	0.0884154720667004	
0.4578125000000001	0.5000000000000000	0.0884155776614039	0.0884154488690009	
0.4609375000000000	0.5000000000000000	0.0884155807076969	0.0884154201426091	
0.4640625000000000	0.5000000000000000	0.0884155844383689	0.0884153846392523	
0.4671875000000000	0.5000000000000000	0.0884155889978680	0.0884153408457244	
0.4703125000000000	0.5000000000000000	0.0884155945589740	0.0884152869315914	
0.4734375000000000	0.5000000000000000	0.0884156013278798	0.0884152206874466	
0.4765625000000000	0.5000000000000000	0.0884156095500843	0.0884151394521915	
0.4796874999999999	0.5000000000000000	0.0884156195172076	0.0884150400276086	
0.4828125000000000	0.5000000000000000	0.0884156315748488	0.0884149185782612	
0.4859375000000000	0.5000000000000000	0.0884156461316196	0.0884147705145019	
0.4890625000000000	0.5000000000000000	0.0884156636694982	0.0884145903560932	
0.4921875000000000	0.5000000000000000	0.0884156847556608	0.0884143715736433	
0.4953125000000000	0.5000000000000000	0.0884157100559587	0.0884141064047328	
0.4984375000000000	0.5000000000000000	0.0884157403502226	0.0884137856412605	
0.5015625000000000	0.5000000000000000	0.0884157765495849	0.0884133983841621	
0.5046875000000000	0.5000000000000000	0.0884158197160230	0.0884129317612633	
0.5078125000000000	0.5000000000000000	0.0884158710843347	0.0884123706036147	
0.5109374999999999	0.5000000000000000	0.0884159320867628	0.0884116970752264	
0.5140625000000000	0.5000000000000000	0.0884160043804945	0.0884108902506781	
0.5171875000000000	0.5000000000000000	0.0884160898782584	0.0884099256346343	
0.5203125000000001	0.5000000000000000	0.0884161907822457	0.0884087746168393	
0.5234375000000000	0.5000000000000000	0.0884163096215735	0.0884074038557292	
0.5265625000000000	0.5000000000000000	0.0884164492934989	0.0884057745833659	
0.5296875000000000	0.5000000000000000	0.0884166131085774	0.0884038418239987	
0.5328125000000000	0.5000000000000000	0.0884168048399378	0.0884015535181926	
0.5359375000000001	0.5000000000000000	0.0884170287768137	0.0883988495441502	
0.5390625000000001	0.5000000000000000	0.0884172897824399	0.0883956606276058	
0.5421875000000000	0.5000000000000000	0.0884175933563714	0.0883919071315036	
0.5453125000000001	0.5000000000000000	0.0884179457012325	0.0883874977166087	
0.5484375000000000	0.5000000000000000	0.0884183537938338	0.0883823278642515	
0.5515625000000001	0.5000000000000000	0.0884188254605259	0.0883762782526009	
0.5546875000000000	0.5000000000000000	0.0884193694565664	0.0883692129782177	
0.5578125000000000	0.5000000000000000	0.0884199955491833	0.0883609776151772	
0.5609375000000000	0.5000000000000000	0.0884207146039071	0.0883513971047958	
0.5640625000000000	0.5000000000000000	0.0884215386736265	0.0883402734699713	
0.5671875000000001	0.5000000000000000	0.0884224810896878	0.0883273833493661	
0.5703125000000001	0.5000000000000000	0.0884235565542235	0.0883124753481638	
0.5734375000000000	0.5000000000000000	0.0884247812327386	0.0882952672039108	
0.5765625000000001	0.5000000000000000	0.0884261728458330	0.0882754427680483	
0.5796875000000000	0.5000000000000000	0.0884277507587693	0.0882526488061550	
0.5828125000000001	0.5000000000000000	0.0884295360674324	0.0882264916226624	
0.5859375000000001	0.5000000000000000	0.0884315516790549	0.0881965335188842	
0.5890625000000002	0.5000000000000000	0.0884338223859218	0.0881622890966165	
0.5921875000000001	0.5000000000000000	0.0884363749300991	0.0881232214233046	
0.5953125000000001	0.5000000000000000	0.0884392380570861	0.0880787380788284	
0.5984375000000001	0.5000000000000000	0.0884424425561468	0.0880281871083043	
0.6015625000000001	0.5000000000000000	0.0884460212849563	0.0879708529099101	
0.6046875000000000	0.5000000000000000	0.0884500091761003	0.0879059520915625	
0.6078125000000001	0.5000000000000000	0.0884544432228903	0.0878326293352808	
0.6109375000000000	0.5000000000000000	0.0884593624419229	0.0877499533131765	
0.6140625000000001	0.5000000000000000	0.0884648078098045	0.0876569127041581	
0.6171875000000001	0.5000000000000000	0.0884708221715071	0.0875524123655555	
0.6203125000000002	0.5000000000000000	0.0884774501179077	0.0874352697188497	
0.6234375000000001	0.5000000000000000	0.0884847378302024	0.0873042114134485	
0.6265625000000001	0.5000000000000000	0.0884927328890817	0.0871578703368734	
0.6296875000000001	0.5000000000000000	0.0885014840468085	0.0869947830436922	
0.6328125000000001	0.5000000000000000	0.0885110409606524	0.0868133876789402	
0.6359375000000002	0.5000000000000000	0.0885214538865133	0.0866120224744834	
0.6390625000000002	0.5000000000000000	0.0885327733320058	0.0863889248986733	
0.6421875000000001	0.5000000000000000	0.0885450496687786	0.0861422315405978	
0.6453125000000002	0.5000000000000000	0.0885583327044029	0.0858699788101252	
0.6484375000000001	0.5000000000000000	0.0885726712147828	0.0855701045336484	
0.6515625000000002	0.5000000000000000	0.0885881124387042	0.0852404505228704	
0.6546875000000001	0.5000000000000000	0.0886047015368531	0.0848787661900221	
0.6578125000000001	0.5000000000000000	0.0886224810183758	0.0844827132775022	
0.6609375000000001	0.5000000000000000	0.0886414901388240	0.0840498717630115	
0.6640625000000001	0.5000000000000000	0.0886617642741104	0.0835777469927861	
0.6671875000000000	0.5000000000000000	0.0886833342758813	0.0830637780855033	
0.6703125000000001	0.5000000000000000	0.0887062258144796	0.0825053476378513	
0.6734374999999999	0.5000000000000000	0.0887304587164091	0.0818997927496715	
0.6765625000000001	0.5000000000000000	0.0887560463039004	0.0812444173720710	
0.6796875000000000	0.5000000000000000	0.0887829947448063	0.0805365059660733	
0.6828125000000000	0.5000000000000000	0.0888113024216028	0.0797733384423731	
0.6859375000000000	0.5000000000000000	0.0888409593287185	0.0789522063347608	
0.6890624999999999	0.5000000000000000	0.0888719465077581	0.0780704301409932	
0.6921875000000001	0.5000000000000000	0.0889042355303897	0.0771253777455544	
0.6953125000000002	0.5000000000000000	0.0889377880387367	0.0761144838191369	
0.6984375000000000	0.5000000000000000	0.0889725553530244	0.0750352700700848	
0.7015625000000001	0.5000000000000000	0.0890084781559869	0.0738853662037826	
0.7046874999999999	0.5000000000000000	0.0890454862631109	0.0726625314273939	
0.7078125000000001	0.5000000000000000	0.0890834984872042	0.0713646763197879	
0.7109375000000002	0.5000000000000000	0.0891224226049981	0.0699898848702946	
0.7140625000000002	0.5000000000000000	0.0891621554325490	0.0685364364754565	
0.7171875000000001	0.5000000000000000	0.0892025830150909	0.0670028276705255	
0.7203125000000001	0.5000000000000000	0.0892435809357163	0.0653877933624273	
0.7234375000000001	0.5000000000000000	0.0892850147458493	0.0636903273235706	
0.7265625000000002	0.5000000000000000	0.0893267405189291	0.0619097017015013	
0.7296875000000000	0.5000000000000000	0.0893686055270756	0.0600454852982056	
0.7328125000000001	0.5000000000000000	0.0894104490387743	0.0580975603750647	
0.7359374999999999	0.5000000000000000	0.0894521032338335	0.0560661377451659	
0.7390625000000001	0.5000000000000000	0.0894933942300527	0.0539517699239887	
0.7421875000000000	0.5000000000000000	0.0895341432142360	0.0517553621224090	
0.7453125000000000	0.5000000000000000	0.0895741676684124	0.0494781808824696	
0.7484375000000000	0.5000000000000000	0.0896132826804308	0.0471218601763354	
0.7515624999999999	0.5000000000000000	0.0896513023265004	0.0446884048121132	
0.7546875000000001	0.5000000000000000	0.0896880411117966	0.0421801910165252	
0.7578125000000000	0.5000000000000000	0.0897233154539589	0.0395999640934788	
0.7609375000000000	0.5000000000000000	0.0897569451932211	0.0369508330890078	
0.7640625000000000	0.5000000000000000	0.0897887551120437	0.0342362624264521	
0.7671874999999999	0.5000000000000000	0.0898185764464967	0.0314600605106207	
0.7703125000000001	0.5000000000000000	0.0898462483712795	0.0286263653355536	
0.7734375000000000	0.5000000000000000	0.0898716194401842	0.0257396271667989	
0.7765625000000000	0.5000000000000000	0.0898945489640078	0.0228045884053158	
0.7796875000000000	0.5000000000000000	0.0899149083084091	0.0198262607756079	
0.7828124999999999	0.5000000000000000	0.0899325820949812	0.0168099000149266	
0.7859375000000001	0.5000000000000000	0.0899474692898626	0.0137609782727917	
0.7890625000000002	0.5000000000000000	0.0899594841655201	0.0106851544601179	
0.7921875000000000	0.5000000000000000	0.0899685571228992	0.0075882428144075	
0.7953125000000001	0.5000000000000000	0.0899746353629107	0.0044761799713066	
0.7984374999999999	0.5000000000000000	0.0899776833981903	0.0013549908529145	
0.8015625000000001	0.5000000000000000	0.0899776833981903	-0.0017692463007570	
0.8046875000000000	0.5000000000000000	0.0899746353629107	-0.0048904354191491	
0.8078125000000000	0.5000000000000000	0.0899685571228992	-0.0080024982622501	
0.8109375000000000	0.5000000000000000	0.0899594841655201	-0.0110994099079604	
0.8140624999999999	0.5000000000000000	0.0899474692898626	-0.0141752337206342	
0.8171875000000001	0.5000000000000000	0.0899325820949812	-0.0172241554627691	
0.8203125000000002	0.5000000000000000	0.0899149083084090	-0.0202405162234504	
0.8234375000000000	0.5000000000000000	0.0898945489640078	-0.0232188438531583	
0.8265625000000001	0.5000000000000000	0.0898716194401842	-0.0261538826146414	
0.8296874999999999	0.5000000000000000	0.0898462483712794	-0.0290406207833961	
0.8328125000000001	0.5000000000000000	0.0898185764464966	-0.0318743159584632	
0.8359375000000002	0.5000000000000000	0.0897887551120437	-0.0346505178742946	
0.8390625000000002	0.5000000000000000	0.0897569451932210	-0.0373650885368504	
0.8421875000000001	0.5000000000000000	0.0897233154539588	-0.0400142195413213	
0.8453125000000001	0.5000000000000000	0.0896880411117965	-0.0425944464643677	
0.8484375000000001	0.5000000000000000	0.0896513023265004	-0.0451026602599557	
0.8515625000000002	0.5000000000000000	0.0896132826804308	-0.0475361156241779	
0.8546875000000000	0.5000000000000000	0.0895741676684124	-0.0498924363303121	
0.8578125000000001	0.5000000000000000	0.0895341432142359	-0.0521696175702515	
0.8609374999999999	0.5000000000000000	0.0894933942300527	-0.0543660253718312	
0.8640625000000001	0.5000000000000000	0.0894521032338335	-0.0564803931930084	
0.8671875000000000	0.5000000000000000	0.0894104490387743	-0.0585118158229073	
0.8703125000000000	0.5000000000000000	0.0893686055270755	-0.0604597407460481	
0.8734375000000000	0.5000000000000000	0.0893267405189291	-0.0623239571493438	
0.8765624999999999	0.5000000000000000	0.0892850147458493	-0.0641045827714131	
0.8796875000000001	0.5000000000000000	0.0892435809357163	-0.0658020488102698	
0.8828125000000000	0.5000000000000000	0.0892025830150909	-0.0674170831183680	
0.8859375000000000	0.5000000000000000	0.0891621554325490	-0.0689506919232990	
0.8890625000000000	0.5000000000000000	0.0891224226049981	-0.0704041403181371	
0.8921874999999999	0.5000000000000000	0.0890834984872041	-0.0717789317676304	
0.8953125000000001	0.5000000000000000	0.0890454862631108	-0.0730767868752364	
0.8984375000000000	0.5000000000000000	0.0890084781559868	-0.0742996216516251	
0.9015625000000000	0.5000000000000000	0.0889725553530244	-0.0754495255179274	
0.9046875000000000	0.5000000000000000	0.0889377880387367	-0.0765287392669795	
0.9078124999999999	0.5000000000000000	0.0889042355303897	-0.0775396331933969	
0.9109375000000001	0.5000000000000000	0.0888719465077581	-0.0784846855888357	
0.9140625000000002	0.5000000000000000	0.0888409593287185	-0.0793664617826033	
0.9171875000000000	0.5000000000000000	0.0888113024216028	-0.0801875938902156	
0.9203125000000001	0.5000000000000000	0.0887829947448064	-0.0809507614139158	
0.9234374999999999	0.5000000000000000	0.0887560463039004	-0.0816586728199135	
0.9265625000000001	0.5000000000000000	0.0887304587164092	-0.0823140481975141	
0.9296875000000000	0.5000000000000000	0.0887062258144797	-0.0829196030856939	
0.9328125000000000	0.5000000000000000	0.0886833342758814	-0.0834780335333459	
0.9359375000000000	0.5000000000000000	0.0886617642741105	-0.0839920024406286	
0.9390624999999999	0.5000000000000000	0.0886414901388241	-0.0844641272108540	
0.9421875000000001	0.5000000000000000	0.0886224810183758	-0.0848969687253448	
0.9453125000000000	0.5000000000000000	0.0886047015368532	-0.0852930216378646	
0.9484375000000000	0.5000000000000000	0.0885881124387043	-0.0856547059707129	
0.9515625000000000	0.5000000000000000	0.0885726712147829	-0.0859843599814910	
0.9546874999999999	0.5000000000000000	0.0885583327044030	-0.0862842342579678	
0.9578125000000000	0.5000000000000000	0.0885450496687787	-0.0865564869884403	
0.9609374999999999	0.5000000000000000	0.0885327733320059	-0.0868031803465158	
0.9640625000000000	0.5000000000000000	0.0885214538865134	-0.0870262779223260	
0.9671875000000000	0.5000000000000000	0.0885110409606525	-0.0872276431267828	
0.9703124999999999	0.5000000000000000	0.0885014840468086	-0.0874090384915347	
0.9734375000000001	0.5000000000000000	0.0884927328890818	-0.0875721257847160	
0.9765625000000000	0.5000000000000000	0.0884847378302025	-0.0877184668612911	
0.9796875000000000	0.5000000000000000	0.0884774501179078	-0.0878495251666922	
0.9828125000000000	0.5000000000000000	0.0884708221715071	-0.0879666678133980	
0.9859374999999999	0.5000000000000000	0.0884648078098046	-0.0880711681520006	
0.9890625000000001	0.5000000000000000	0.0884593624419230	-0.0881642087610191	
0.9921875000000000	0.5000000000000000	0.0884544432228904	-0.0882468847831234	
0.9953125000000000	0.5000000000000000	0.0884500091761004	-0.0883202075394050	
0.9984375000000000	0.5000000000000000	0.0884460212849564	-0.0883851083577527	
