744
1 0 1
0 1 1
3 1 1.414213562373095
4 2 1
1 3 1.414213562373095
7 3 1.732050807568877
2 4 1
8 4 1.414213562373095
9 5 1
10 6 1
3 7 1.732050807568877
13 7 2
4 8 1.414213562373095
14 8 1.732050807568877
5 9 1
15 9 1.414213562373095
6 10 1
16 10 1.414213562373095
17 11 1
18 12 1
7 13 2
22 13 2.23606797749979
8 14 1.732050807568877
23 14 2
9 15 1.414213562373095
24 15 1.732050807568877
10 16 1.414213562373095
25 16 1.732050807568877
11 17 1
26 17 1.414213562373095
12 18 1
27 18 1.414213562373095
28 19 1
29 20 1
30 21 1
13 22 2.23606797749979
34 22 2.449489742783178
14 23 2
35 23 2.23606797749979
15 24 1.732050807568877
36 24 2
16 25 1.732050807568877
37 25 2
17 26 1.414213562373095
38 26 1.732050807568877
18 27 1.414213562373095
39 27 1.732050807568877
19 28 1
40 28 1.414213562373095
20 29 1
41 29 1.414213562373095
21 30 1
42 30 1.414213562373095
43 31 1
44 32 1
45 33 1
22 34 2.449489742783178
50 34 2.645751311064591
23 35 2.23606797749979
51 35 2.449489742783178
24 36 2
52 36 2.23606797749979
25 37 2
53 37 2.23606797749979
26 38 1.732050807568877
54 38 2
27 39 1.732050807568877
55 39 2
28 40 1.414213562373095
56 40 1.732050807568877
29 41 1.414213562373095
57 41 1.732050807568877
30 42 1.414213562373095
58 42 1.732050807568877
31 43 1
59 43 1.414213562373095
32 44 1
60 44 1.414213562373095
33 45 1
61 45 1.414213562373095
62 46 1
63 47 1
64 48 1
65 49 1
34 50 2.645751311064591
70 50 2.82842712474619
35 51 2.449489742783178
71 51 2.645751311064591
36 52 2.23606797749979
72 52 2.449489742783178
37 53 2.23606797749979
73 53 2.449489742783178
38 54 2
74 54 2.23606797749979
39 55 2
75 55 2.23606797749979
40 56 1.732050807568877
76 56 2
41 57 1.732050807568877
77 57 2
42 58 1.732050807568877
78 58 2
43 59 1.414213562373095
79 59 1.732050807568877
44 60 1.414213562373095
80 60 1.732050807568877
45 61 1.414213562373095
81 61 1.732050807568877
46 62 1
82 62 1.414213562373095
47 63 1
83 63 1.414213562373095
48 64 1
84 64 1.414213562373095
49 65 1
85 65 1.414213562373095
86 66 1
87 67 1
88 68 1
89 69 1
50 70 2.82842712474619
95 70 3
51 71 2.645751311064591
96 71 2.82842712474619
52 72 2.449489742783178
97 72 2.645751311064591
53 73 2.449489742783178
98 73 2.645751311064591
54 74 2.23606797749979
99 74 2.449489742783178
55 75 2.23606797749979
100 75 2.449489742783178
56 76 2
101 76 2.23606797749979
57 77 2
102 77 2.23606797749979
58 78 2
103 78 2.23606797749979
59 79 1.732050807568877
104 79 2
60 80 1.732050807568877
105 80 2
61 81 1.732050807568877
106 81 2
62 82 1.414213562373095
107 82 1.732050807568877
63 83 1.414213562373095
108 83 1.732050807568877
64 84 1.414213562373095
109 84 1.732050807568877
65 85 1.414213562373095
110 85 1.732050807568877
66 86 1
111 86 1.414213562373095
67 87 1
112 87 1.414213562373095
68 88 1
113 88 1.414213562373095
69 89 1
114 89 1.414213562373095
115 90 1
116 91 1
117 92 1
118 93 1
119 94 1
70 95 3
125 95 3.16227766016838
71 96 2.82842712474619
126 96 3
72 97 2.645751311064591
127 97 2.82842712474619
73 98 2.645751311064591
128 98 2.82842712474619
74 99 2.449489742783178
129 99 2.645751311064591
75 100 2.449489742783178
130 100 2.645751311064591
76 101 2.23606797749979
131 101 2.449489742783178
77 102 2.23606797749979
132 102 2.449489742783178
78 103 2.23606797749979
133 103 2.449489742783178
79 104 2
134 104 2.23606797749979
80 105 2
135 105 2.23606797749979
81 106 2
136 106 2.23606797749979
82 107 1.732050807568877
137 107 2
83 108 1.732050807568877
138 108 2
84 109 1.732050807568877
139 109 2
85 110 1.732050807568877
140 110 2
86 111 1.414213562373095
141 111 1.732050807568877
87 112 1.414213562373095
142 112 1.732050807568877
88 113 1.414213562373095
143 113 1.732050807568877
89 114 1.414213562373095
144 114 1.732050807568877
90 115 1
145 115 1.414213562373095
91 116 1
146 116 1.414213562373095
92 117 1
147 117 1.414213562373095
93 118 1
148 118 1.414213562373095
94 119 1
149 119 1.414213562373095
150 120 1
151 121 1
152 122 1
153 123 1
154 124 1
95 125 3.16227766016838
161 125 3.3166247903554
96 126 3
162 126 3.16227766016838
97 127 2.82842712474619
163 127 3
98 128 2.82842712474619
164 128 3
99 129 2.645751311064591
165 129 2.82842712474619
100 130 2.645751311064591
166 130 2.82842712474619
101 131 2.449489742783178
167 131 2.645751311064591
102 132 2.449489742783178
168 132 2.645751311064591
103 133 2.449489742783178
169 133 2.645751311064591
104 134 2.23606797749979
170 134 2.449489742783178
105 135 2.23606797749979
171 135 2.449489742783178
106 136 2.23606797749979
172 136 2.449489742783178
107 137 2
173 137 2.23606797749979
108 138 2
174 138 2.23606797749979
109 139 2
175 139 2.23606797749979
110 140 2
176 140 2.23606797749979
111 141 1.732050807568877
177 141 2
112 142 1.732050807568877
178 142 2
113 143 1.732050807568877
179 143 2
114 144 1.732050807568877
180 144 2
115 145 1.414213562373095
181 145 1.732050807568877
116 146 1.414213562373095
182 146 1.732050807568877
117 147 1.414213562373095
183 147 1.732050807568877
118 148 1.414213562373095
184 148 1.732050807568877
119 149 1.414213562373095
185 149 1.732050807568877
120 150 1
186 150 1.414213562373095
121 151 1
187 151 1.414213562373095
122 152 1
188 152 1.414213562373095
123 153 1
189 153 1.414213562373095
124 154 1
190 154 1.414213562373095
191 155 1
192 156 1
193 157 1
194 158 1
195 159 1
196 160 1
125 161 3.3166247903554
203 161 3.464101615137754
126 162 3.16227766016838
204 162 3.3166247903554
127 163 3
205 163 3.16227766016838
128 164 3
206 164 3.16227766016838
129 165 2.82842712474619
207 165 3
130 166 2.82842712474619
208 166 3
131 167 2.645751311064591
209 167 2.82842712474619
132 168 2.645751311064591
210 168 2.82842712474619
133 169 2.645751311064591
211 169 2.82842712474619
134 170 2.449489742783178
212 170 2.645751311064591
135 171 2.449489742783178
213 171 2.645751311064591
136 172 2.449489742783178
214 172 2.645751311064591
137 173 2.23606797749979
215 173 2.449489742783178
138 174 2.23606797749979
216 174 2.449489742783178
139 175 2.23606797749979
217 175 2.449489742783178
140 176 2.23606797749979
218 176 2.449489742783178
141 177 2
219 177 2.23606797749979
142 178 2
220 178 2.23606797749979
143 179 2
221 179 2.23606797749979
144 180 2
222 180 2.23606797749979
145 181 1.732050807568877
223 181 2
146 182 1.732050807568877
224 182 2
147 183 1.732050807568877
225 183 2
148 184 1.732050807568877
226 184 2
149 185 1.732050807568877
227 185 2
150 186 1.414213562373095
228 186 1.732050807568877
151 187 1.414213562373095
229 187 1.732050807568877
152 188 1.414213562373095
230 188 1.732050807568877
153 189 1.414213562373095
231 189 1.732050807568877
154 190 1.414213562373095
232 190 1.732050807568877
155 191 1
233 191 1.414213562373095
156 192 1
234 192 1.414213562373095
157 193 1
235 193 1.414213562373095
158 194 1
236 194 1.414213562373095
159 195 1
237 195 1.414213562373095
160 196 1
238 196 1.414213562373095
239 197 1
240 198 1
241 199 1
242 200 1
243 201 1
244 202 1
161 203 3.464101615137754
252 203 3.605551275463989
162 204 3.3166247903554
253 204 3.464101615137754
163 205 3.16227766016838
254 205 3.3166247903554
164 206 3.16227766016838
255 206 3.3166247903554
165 207 3
256 207 3.16227766016838
166 208 3
257 208 3.16227766016838
167 209 2.82842712474619
258 209 3
168 210 2.82842712474619
259 210 3
169 211 2.82842712474619
260 211 3
170 212 2.645751311064591
261 212 2.82842712474619
171 213 2.645751311064591
262 213 2.82842712474619
172 214 2.645751311064591
263 214 2.82842712474619
173 215 2.449489742783178
264 215 2.645751311064591
174 216 2.449489742783178
265 216 2.645751311064591
175 217 2.449489742783178
266 217 2.645751311064591
176 218 2.449489742783178
267 218 2.645751311064591
177 219 2.23606797749979
268 219 2.449489742783178
178 220 2.23606797749979
269 220 2.449489742783178
179 221 2.23606797749979
270 221 2.449489742783178
180 222 2.23606797749979
271 222 2.449489742783178
181 223 2
272 223 2.23606797749979
182 224 2
273 224 2.23606797749979
183 225 2
274 225 2.23606797749979
184 226 2
275 226 2.23606797749979
185 227 2
276 227 2.23606797749979
186 228 1.732050807568877
277 228 2
187 229 1.732050807568877
278 229 2
188 230 1.732050807568877
279 230 2
189 231 1.732050807568877
280 231 2
190 232 1.732050807568877
281 232 2
191 233 1.414213562373095
282 233 1.732050807568877
192 234 1.414213562373095
283 234 1.732050807568877
193 235 1.414213562373095
284 235 1.732050807568877
194 236 1.414213562373095
285 236 1.732050807568877
195 237 1.414213562373095
286 237 1.732050807568877
196 238 1.414213562373095
287 238 1.732050807568877
197 239 1
288 239 1.414213562373095
198 240 1
289 240 1.414213562373095
199 241 1
290 241 1.414213562373095
200 242 1
291 242 1.414213562373095
201 243 1
292 243 1.414213562373095
202 244 1
293 244 1.414213562373095
294 245 1
295 246 1
296 247 1
297 248 1
298 249 1
299 250 1
300 251 1
203 252 3.605551275463989
308 252 3.741657386773941
204 253 3.464101615137754
309 253 3.605551275463989
205 254 3.3166247903554
310 254 3.464101615137754
206 255 3.3166247903554
311 255 3.464101615137754
207 256 3.16227766016838
312 256 3.3166247903554
208 257 3.16227766016838
313 257 3.3166247903554
209 258 3
314 258 3.16227766016838
210 259 3
315 259 3.16227766016838
211 260 3
316 260 3.16227766016838
212 261 2.82842712474619
317 261 3
213 262 2.82842712474619
318 262 3
214 263 2.82842712474619
319 263 3
215 264 2.645751311064591
320 264 2.82842712474619
216 265 2.645751311064591
321 265 2.82842712474619
217 266 2.645751311064591
322 266 2.82842712474619
218 267 2.645751311064591
323 267 2.82842712474619
219 268 2.449489742783178
324 268 2.645751311064591
220 269 2.449489742783178
325 269 2.645751311064591
221 270 2.449489742783178
326 270 2.645751311064591
222 271 2.449489742783178
327 271 2.645751311064591
223 272 2.23606797749979
328 272 2.449489742783178
224 273 2.23606797749979
329 273 2.449489742783178
225 274 2.23606797749979
330 274 2.449489742783178
226 275 2.23606797749979
331 275 2.449489742783178
227 276 2.23606797749979
332 276 2.449489742783178
228 277 2
333 277 2.23606797749979
229 278 2
334 278 2.23606797749979
230 279 2
335 279 2.23606797749979
231 280 2
336 280 2.23606797749979
232 281 2
337 281 2.23606797749979
233 282 1.732050807568877
338 282 2
234 283 1.732050807568877
339 283 2
235 284 1.732050807568877
340 284 2
236 285 1.732050807568877
341 285 2
237 286 1.732050807568877
342 286 2
238 287 1.732050807568877
343 287 2
239 288 1.414213562373095
344 288 1.732050807568877
240 289 1.414213562373095
345 289 1.732050807568877
241 290 1.414213562373095
346 290 1.732050807568877
242 291 1.414213562373095
347 291 1.732050807568877
243 292 1.414213562373095
348 292 1.732050807568877
244 293 1.414213562373095
349 293 1.732050807568877
245 294 1
350 294 1.414213562373095
246 295 1
351 295 1.414213562373095
247 296 1
352 296 1.414213562373095
248 297 1
353 297 1.414213562373095
249 298 1
354 298 1.414213562373095
250 299 1
355 299 1.414213562373095
251 300 1
356 300 1.414213562373095
357 301 1
358 302 1
359 303 1
360 304 1
361 305 1
362 306 1
363 307 1
252 308 3.741657386773941
372 308 3.872983346207417
253 309 3.605551275463989
373 309 3.741657386773941
254 310 3.464101615137754
374 310 3.605551275463989
255 311 3.464101615137754
375 311 3.605551275463989
256 312 3.3166247903554
376 312 3.464101615137754
257 313 3.3166247903554
377 313 3.464101615137754
258 314 3.16227766016838
378 314 3.3166247903554
259 315 3.16227766016838
379 315 3.3166247903554
260 316 3.16227766016838
380 316 3.3166247903554
261 317 3
381 317 3.16227766016838
262 318 3
382 318 3.16227766016838
263 319 3
383 319 3.16227766016838
264 320 2.82842712474619
384 320 3
265 321 2.82842712474619
385 321 3
266 322 2.82842712474619
386 322 3
267 323 2.82842712474619
387 323 3
268 324 2.645751311064591
388 324 2.82842712474619
269 325 2.645751311064591
389 325 2.82842712474619
270 326 2.645751311064591
390 326 2.82842712474619
271 327 2.645751311064591
391 327 2.82842712474619
272 328 2.449489742783178
392 328 2.645751311064591
273 329 2.449489742783178
393 329 2.645751311064591
274 330 2.449489742783178
394 330 2.645751311064591
275 331 2.449489742783178
395 331 2.645751311064591
276 332 2.449489742783178
396 332 2.645751311064591
277 333 2.23606797749979
397 333 2.449489742783178
278 334 2.23606797749979
398 334 2.449489742783178
279 335 2.23606797749979
399 335 2.449489742783178
280 336 2.23606797749979
400 336 2.449489742783178
281 337 2.23606797749979
401 337 2.449489742783178
282 338 2
402 338 2.23606797749979
283 339 2
403 339 2.23606797749979
284 340 2
404 340 2.23606797749979
285 341 2
405 341 2.23606797749979
286 342 2
406 342 2.23606797749979
287 343 2
407 343 2.23606797749979
288 344 1.732050807568877
408 344 2
289 345 1.732050807568877
409 345 2
290 346 1.732050807568877
410 346 2
291 347 1.732050807568877
411 347 2
292 348 1.732050807568877
412 348 2
293 349 1.732050807568877
413 349 2
294 350 1.414213562373095
414 350 1.732050807568877
295 351 1.414213562373095
415 351 1.732050807568877
296 352 1.414213562373095
416 352 1.732050807568877
297 353 1.414213562373095
417 353 1.732050807568877
298 354 1.414213562373095
418 354 1.732050807568877
299 355 1.414213562373095
419 355 1.732050807568877
300 356 1.414213562373095
420 356 1.732050807568877
301 357 1
421 357 1.414213562373095
302 358 1
422 358 1.414213562373095
303 359 1
423 359 1.414213562373095
304 360 1
424 360 1.414213562373095
305 361 1
425 361 1.414213562373095
306 362 1
426 362 1.414213562373095
307 363 1
427 363 1.414213562373095
428 364 1
429 365 1
430 366 1
431 367 1
432 368 1
433 369 1
434 370 1
435 371 1
308 372 3.872983346207417
309 373 3.741657386773941
310 374 3.605551275463989
311 375 3.605551275463989
312 376 3.464101615137754
313 377 3.464101615137754
314 378 3.3166247903554
315 379 3.3166247903554
316 380 3.3166247903554
317 381 3.16227766016838
318 382 3.16227766016838
319 383 3.16227766016838
320 384 3
321 385 3
322 386 3
323 387 3
324 388 2.82842712474619
325 389 2.82842712474619
326 390 2.82842712474619
327 391 2.82842712474619
328 392 2.645751311064591
329 393 2.645751311064591
330 394 2.645751311064591
331 395 2.645751311064591
332 396 2.645751311064591
333 397 2.449489742783178
334 398 2.449489742783178
335 399 2.449489742783178
336 400 2.449489742783178
337 401 2.449489742783178
338 402 2.23606797749979
339 403 2.23606797749979
340 404 2.23606797749979
341 405 2.23606797749979
342 406 2.23606797749979
343 407 2.23606797749979
344 408 2
345 409 2
346 410 2
347 411 2
348 412 2
349 413 2
350 414 1.732050807568877
351 415 1.732050807568877
352 416 1.732050807568877
353 417 1.732050807568877
354 418 1.732050807568877
355 419 1.732050807568877
356 420 1.732050807568877
357 421 1.414213562373095
358 422 1.414213562373095
359 423 1.414213562373095
360 424 1.414213562373095
361 425 1.414213562373095
362 426 1.414213562373095
363 427 1.414213562373095
364 428 1
365 429 1
366 430 1
367 431 1
368 432 1
369 433 1
370 434 1
371 435 1
