44
1 0 1
0 1 1
3 1 1.414213562373095
4 2 1
1 3 1.414213562373095
7 3 1.732050807568877
2 4 1
8 4 1.414213562373095
9 5 1
10 6 1
3 7 1.732050807568877
13 7 2
4 8 1.414213562373095
14 8 1.732050807568877
5 9 1
15 9 1.414213562373095
6 10 1
16 10 1.414213562373095
17 11 1
18 12 1
7 13 2
22 13 2.23606797749979
8 14 1.732050807568877
23 14 2
9 15 1.414213562373095
24 15 1.732050807568877
10 16 1.414213562373095
25 16 1.732050807568877
11 17 1
26 17 1.414213562373095
12 18 1
27 18 1.414213562373095
28 19 1
29 20 1
30 21 1
13 22 2.23606797749979
14 23 2
15 24 1.732050807568877
16 25 1.732050807568877
17 26 1.414213562373095
18 27 1.414213562373095
19 28 1
20 29 1
21 30 1
