190
1 0 1
0 1 1
3 1 1.414213562373095
4 2 1
1 3 1.414213562373095
7 3 1.732050807568877
2 4 1
8 4 1.414213562373095
9 5 1
10 6 1
3 7 1.732050807568877
13 7 2
4 8 1.414213562373095
14 8 1.732050807568877
5 9 1
15 9 1.414213562373095
6 10 1
16 10 1.414213562373095
17 11 1
18 12 1
7 13 2
22 13 2.23606797749979
8 14 1.732050807568877
23 14 2
9 15 1.414213562373095
24 15 1.732050807568877
10 16 1.414213562373095
25 16 1.732050807568877
11 17 1
26 17 1.414213562373095
12 18 1
27 18 1.414213562373095
28 19 1
29 20 1
30 21 1
13 22 2.23606797749979
34 22 2.449489742783178
14 23 2
35 23 2.23606797749979
15 24 1.732050807568877
36 24 2
16 25 1.732050807568877
37 25 2
17 26 1.414213562373095
38 26 1.732050807568877
18 27 1.414213562373095
39 27 1.732050807568877
19 28 1
40 28 1.414213562373095
20 29 1
41 29 1.414213562373095
21 30 1
42 30 1.414213562373095
43 31 1
44 32 1
45 33 1
22 34 2.449489742783178
50 34 2.645751311064591
23 35 2.23606797749979
51 35 2.449489742783178
24 36 2
52 36 2.23606797749979
25 37 2
53 37 2.23606797749979
26 38 1.732050807568877
54 38 2
27 39 1.732050807568877
55 39 2
28 40 1.414213562373095
56 40 1.732050807568877
29 41 1.414213562373095
57 41 1.732050807568877
30 42 1.414213562373095
58 42 1.732050807568877
31 43 1
59 43 1.414213562373095
32 44 1
60 44 1.414213562373095
33 45 1
61 45 1.414213562373095
62 46 1
63 47 1
64 48 1
65 49 1
34 50 2.645751311064591
70 50 2.82842712474619
35 51 2.449489742783178
71 51 2.645751311064591
36 52 2.23606797749979
72 52 2.449489742783178
37 53 2.23606797749979
73 53 2.449489742783178
38 54 2
74 54 2.23606797749979
39 55 2
75 55 2.23606797749979
40 56 1.732050807568877
76 56 2
41 57 1.732050807568877
77 57 2
42 58 1.732050807568877
78 58 2
43 59 1.414213562373095
79 59 1.732050807568877
44 60 1.414213562373095
80 60 1.732050807568877
45 61 1.414213562373095
81 61 1.732050807568877
46 62 1
82 62 1.414213562373095
47 63 1
83 63 1.414213562373095
48 64 1
84 64 1.414213562373095
49 65 1
85 65 1.414213562373095
86 66 1
87 67 1
88 68 1
89 69 1
50 70 2.82842712474619
95 70 3
51 71 2.645751311064591
96 71 2.82842712474619
52 72 2.449489742783178
97 72 2.645751311064591
53 73 2.449489742783178
98 73 2.645751311064591
54 74 2.23606797749979
99 74 2.449489742783178
55 75 2.23606797749979
100 75 2.449489742783178
56 76 2
101 76 2.23606797749979
57 77 2
102 77 2.23606797749979
58 78 2
103 78 2.23606797749979
59 79 1.732050807568877
104 79 2
60 80 1.732050807568877
105 80 2
61 81 1.732050807568877
106 81 2
62 82 1.414213562373095
107 82 1.732050807568877
63 83 1.414213562373095
108 83 1.732050807568877
64 84 1.414213562373095
109 84 1.732050807568877
65 85 1.414213562373095
110 85 1.732050807568877
66 86 1
111 86 1.414213562373095
67 87 1
112 87 1.414213562373095
68 88 1
113 88 1.414213562373095
69 89 1
114 89 1.414213562373095
115 90 1
116 91 1
117 92 1
118 93 1
119 94 1
70 95 3
71 96 2.82842712474619
72 97 2.645751311064591
73 98 2.645751311064591
74 99 2.449489742783178
75 100 2.449489742783178
76 101 2.23606797749979
77 102 2.23606797749979
78 103 2.23606797749979
79 104 2
80 105 2
81 106 2
82 107 1.732050807568877
83 108 1.732050807568877
84 109 1.732050807568877
85 110 1.732050807568877
86 111 1.414213562373095
87 112 1.414213562373095
88 113 1.414213562373095
89 114 1.414213562373095
90 115 1
91 116 1
92 117 1
93 118 1
94 119 1
