0.0016666666666667	0.5000000000000000	0.7763526153595750	-0.0013872781151142	-0.5488630727903311	-0.1704252770051681	0.0494216168952168	0.0356215446314661	-0.0138163947759347	-0.0230120223375876	0.0057122755568865	0.0181559903847566	-0.0026513448916805	-0.0154086483122452	0.0011505947090002	
0.0050000000000000	0.5000000000000000	0.7691964003402584	-0.0013733051775060	-0.5438067592719343	-0.1704441490173260	0.0478924819690465	0.0349219557074562	-0.0128978543312196	-0.0222007941690180	0.0051158384162399	0.0173337241389040	-0.0022689527422918	-0.0146014996096040	0.0009255053703482	
0.0083333333333333	0.5000000000000000	0.7621354894996680	-0.0013599117603152	-0.5388176725550571	-0.1704622441668805	0.0464215043079171	0.0342436942475311	-0.0120230781854193	-0.0214203781502465	0.0045510943907967	0.0165468076785863	-0.0019083026087404	-0.0138316943014595	0.0007138031952884	
0.0116666666666667	0.5000000000000000	0.7551658682777233	-0.0013470728305930	-0.5338929810204678	-0.1704795959178164	0.0450062349177535	0.0335859556859956	-0.0111901140916059	-0.0206695007103246	0.0040165674948350	0.0157937034814112	-0.0015683519737084	-0.0130975577877296	0.0005148342323932	
0.0150000000000000	0.5000000000000000	0.7482836965291775	-0.0013347644538660	-0.5290299760667589	-0.1704962362669882	0.0436443311896973	0.0329479692420441	-0.0103970962494767	-0.0199469431474539	0.0035108481527439	0.0150729414639609	-0.0012481057682379	-0.0123974897957948	0.0003279745177973	
0.0183333333333333	0.5000000000000000	0.7414853008562782	-0.0013229637457004	-0.5242260667024874	-0.1705121958087904	0.0423335522235501	0.0323289964536890	-0.0096422414840079	-0.0192515392270121	0.0030325902468138	0.0143831160100862	-0.0009466142531128	-0.0117299610903612	0.0001526287321931	
0.0216666666666667	0.5000000000000000	0.7347671672796899	-0.0013116488254063	-0.5194787743768924	-0.1705275037969703	0.0410717543575296	0.0317283297761125	-0.0089238455930222	-0.0185821728854032	0.0025805082957928	0.0137228831304108	-0.0006629709942401	-0.0110935103288258	-0.0000117710825159	
0.0250000000000000	0.5000000000000000	0.7281259342327319	-0.0013007987717864	-0.5147857280386530	-0.1705421882037111	0.0398568868952254	0.0311452912416021	-0.0082402798562010	-0.0179377760350595	0.0021533747584235	0.0130909577472476	-0.0003963109278740	-0.0104867410557123	-0.0001657667495455	
0.0283333333333333	0.5000000000000000	0.7215583858646504	-0.0012903935808398	-0.5101446594126088	-0.1705562757761062	0.0386869880210416	0.0305792311783527	-0.0075899876984066	-0.0173173264661303	0.0017500174564341	0.0124861110993875	-0.0001458085117021	-0.0099083188300272	-0.0003098751290696	
0.0316666666666667	0.5000000000000000	0.7150614456392780	-0.0012804141253335	-0.5055533984848195	-0.1705697920901381	0.0375601808958021	0.0300295269855377	-0.0069714815004928	-0.0167198458405868	0.0013693171116976	0.0119071682614615	0.0000893240420031	-0.0093569684796620	-0.0004445892379805	
0.0350000000000000	0.5000000000000000	0.7086321702160211	-0.0012708421161607	-0.5010098691867549	-0.1705827616022743	0.0364746699245572	0.0294955819621696	-0.0063833395510846	-0.0161443977746665	0.0010102049925084	0.0113530057728169	0.0003098384548032	-0.0088314714772209	-0.0005703793198772	
0.0383333333333333	0.5000000000000000	0.7022677436007166	-0.0012616600654040	-0.4965120852698234	-0.1705952076987843	0.0354287371889880	0.0289768241873773	-0.0058242031330942	-0.0155900860057549	0.0006716606641513	0.0108225493710662	0.0005164519955539	-0.0083306634319100	-0.0006876938674864	
0.0416666666666667	0.5000000000000000	0.6959654715544257	-0.0012528512510323	-0.4920581463618285	-0.1706071527428779	0.0344207390371342	0.0284727054498322	-0.0052927737390200	-0.0150560526399783	0.0003527098391459	0.0103147718256857	0.0007098490222246	-0.0078534316923516	-0.0007969605996225	
0.0450000000000000	0.5000000000000000	0.6897227762487804	-0.0012443996831548	-0.4876462341973199	-0.1706186181197639	0.0334491028235004	0.0279827002241568	-0.0047878104093336	-0.0145414764769458	0.0000524223227592	0.0098286908672430	0.0008906824552498	-0.0073987130554234	-0.0008985873947008	
0.0483333333333333	0.5000000000000000	0.6835371911569860	-0.0012362900717663	-0.4832746090141548	-0.1706296242797173	0.0325123237928949	0.0275063046922444	-0.0043081271885154	-0.0140455714082340	-0.0002300899504294	0.0093633672080282	0.0010595751854430	-0.0069654915764324	-0.0009929631827284	
0.0516666666666667	0.5000000000000000	0.6774063561700736	-0.0012285077959179	-0.4789416061089306	-0.1706401907792447	0.0316089621016543	0.0270430358075088	-0.0038525906935369	-0.0135675848863599	-0.0004956747929396	0.0089179026500502	0.0012171214193713	-0.0065527964761440	-0.0010804587976118	
0.0550000000000000	0.5000000000000000	0.6713280129284553	-0.0012210388742471	-0.4746456325442723	-0.1706503363204332	0.0307376399701862	0.0265924304001745	-0.0034201177898214	-0.0131067964611325	-0.0007451415576274	0.0084914382765398	0.0013638879649590	-0.0061597001403837	-0.0011614277915401	
0.0583333333333333	0.5000000000000000	0.6653000003592684	-0.0012138699368113	-0.4703851640012652	-0.1706600787885615	0.0298970389610285	0.0261540443217949	-0.0030096733699292	-0.0126625163804083	-0.0009792628514287	0.0080831527232692	0.0015004154599668	-0.0057853162081194	-0.0012362072131230	
0.0616666666666667	0.5000000000000000	0.6593202504104225	-0.0012069881981637	-0.4661587417706237	-0.1706694352880496	0.0290858973768832	0.0257274516272719	-0.0026202682304295	-0.0122340842524088	-0.0011987761731271	0.0076922605261612	0.0016272195458779	-0.0054287977441101	-0.0013051183508908	
0.0650000000000000	0.5000000000000000	0.6533867839726633	-0.0012003814316191	-0.4619649698764699	-0.1706784221768224	0.0283030077733252	0.0253122437927241	-0.0022509570426163	-0.0118208677668836	-0.0014043854785059	0.0073180105418203	0.0017447919896061	-0.0050893354923838	-0.0013684674436902	
0.0683333333333333	0.5000000000000000	0.6474977069813450	-0.0011940379446555	-0.4578025123268631	-0.1706870550991553	0.0275472145811217	0.0249080289676230	-0.0019008364129221	-0.0114222614725232	-0.0015967626760998	0.0069596844377612	0.0018536017553387	-0.0047661562069701	-0.0014265463594437	
0.0716666666666667	0.5000000000000000	0.6416512066899813	-0.0011879465554019	-0.4536700904854853	-0.1706953490170701	0.0268174118333223	0.0245144312596878	-0.0015690430290633	-0.0110376856081385	-0.0017765490566150	0.0066165952492586	0.0019540960287221	-0.0044585210564719	-0.0014796332436739	
0.0750000000000000	0.5000000000000000	0.6358455481079830	-0.0011820965701644	-0.4495664805591299	-0.1707033182403455	0.0261125409924921	0.0241310900510966	-0.0012547518881277	-0.0106665849852362	-0.0019443566589550	0.0062880859998732	0.0020467011955003	-0.0041657240992105	-0.0015279931391336	
0.0783333333333333	0.5000000000000000	0.6300790705953334	-0.0011764777619444	-0.4454905111958806	-0.1707109764552016	0.0254315888736651	0.0237576593446326	-0.0009571746029828	-0.0103084279197215	-0.0021007695756555	0.0059735283828429	0.0021318237766255	-0.0038870908258249	-0.0015718785778215	
0.0816666666666667	0.5000000000000000	0.6243501846072762	-0.0011710803499054	-0.4414410611890937	-0.1707183367517191	0.0247735856587932	0.0233938071384484	-0.0006755577835419	-0.0099627052105621	-0.0022463452004115	0.0056723215006494	0.0022098513217662	-0.0036219767663424	-0.0016115301466086	
0.0850000000000000	0.5000000000000000	0.6186573685823819	-0.0011658949797460	-0.4374170572825090	-0.1707254116500481	0.0241376029986476	0.0230392148281876	-0.0004091814895799	-0.0096289291633409	-0.0023816154202584	0.0053838906601911	0.0022811532630592	-0.0033697661588687	-0.0016471770276446	
0.0883333333333333	0.5000000000000000	0.6129991659676720	-0.0011609127049397	-0.4334174720720275	-0.1707322131254601	0.0235227521983139	0.0226935766352583	-0.0001573577519355	-0.0093066326567185	-0.0025070877548563	0.0051076862211062	0.0023460817308638	-0.0031298706771748	-0.0016790375146618	
0.0916666666666667	0.5000000000000000	0.6073741823747421	-0.0011561249688026	-0.4294413219998837	-0.1707387526322940	0.0229281824825869	0.0223565990601085	0.0000805708409232	-0.0089953682499121	-0.0026232464452202	0.0048431824948982	0.0024049723332034	-0.0029017282145751	-0.0017073195062467	
0.0950000000000000	0.5000000000000000	0.6017810828611017	-0.0011515235873530	-0.4254876654371358	-0.1707450411268458	0.0223530793377405	0.0220280003594010	0.0003052324938579	-0.0086947073293829	-0.0027305534941309	0.0045898766926204	0.0024581449005030	-0.0026848017216082	-0.0017322209770995	
0.0983333333333333	0.5000000000000000	0.5962185893312045	-0.0011471007329269	-0.4215556008505741	-0.1707510890892478	0.0217966629262977	0.0217075100460375	0.0005172274963073	-0.0084042392930021	-0.0028294496603687	0.0043472879189741	0.0025059041971603	-0.0024785780951410	-0.0017539304282580	
0.1016666666666667	0.5000000000000000	0.5906854780518819	-0.0011428489185177	-0.4176442650503178	-0.1707569065443822	0.0212581865715799	0.0213948684110245	0.0007171294564604	-0.0081235707700433	-0.0029203554088106	0.0041149562107717	0.0025485406014205	-0.0022825671166230	-0.0017726273172184	
0.1050000000000000	0.5000000000000000	0.5851805772771296	-0.0011387609828062	-0.4137528315145427	-0.1707625030818724	0.0207369353089533	0.0210898260662215	0.0009054864808791	-0.0078523248754222	-0.0030036718183467	0.0038924416178036	0.0025863307549586	-0.0020963004373168	-0.0017884824688458	
0.1083333333333333	0.5000000000000000	0.5797027649774199	-0.0011348300758516	-0.4098805087879295	-0.1707678878751920	0.0202322245008287	0.0207921435070518	0.0010828223019822	-0.0075901404966728	-0.0030797814494831	0.0036793233242388	0.0026195381835132	-0.0019193306084281	-0.0018016584679250	
0.1116666666666667	0.5000000000000000	0.5742509666689266	-0.0011310496454139	-0.4060265389505812	-0.1707730696999298	0.0197433985126002	0.0205015906942974	0.0012496373556946	-0.0073366716122173	-0.0031490491734142	0.0034751988087669	0.0026484138898540	-0.0017512301541493	-0.0018123100341678	
0.1150000000000000	0.5000000000000000	0.5688241533382481	-0.0011274134238804	-0.4021901961542992	-0.1707780569512508	0.0192698294468321	0.0202179466541393	0.0014064098114641	-0.0070915866395512	-0.0032118229642721	0.0032796830417716	0.0026731969203089	-0.0015915906857196	-0.0018205843804539	
0.1183333333333333	0.5000000000000000	0.5634213394584181	-0.0011239154157682	-0.3983707852232423	-0.1707828576605851	0.0188109159331239	0.0199409990956406	0.0015535965567535	-0.0068545678120232	-0.0032684346561825	0.0030924077179011	0.0026941149060244	-0.0014400220546877	-0.0018266215550494	
0.1216666666666667	0.5000000000000000	0.5580415810921711	-0.0011205498857788	-0.3945676403161288	-0.1707874795115815	0.0183660819711946	0.0196705440449051	0.0016916341380171	-0.0066253105829523	-0.0033192006666847	0.0029130205224716	0.0027113845800781	-0.0012961515436438	-0.0018305547685152	
0.1250000000000000	0.5000000000000000	0.5526839740786105	-0.0011173113473797	-0.3907801236472651	-0.1707919298553576	0.0179347758248380	0.0194063854951784	0.0018209396600887	-0.0064035230558745	-0.0033644226880062	0.0027411844302097	0.0027252122715144	-0.0011596230927629	-0.0018325107059830	
0.1283333333333334	0.5000000000000000	0.5473476522996026	-0.0011141945518892	-0.3870076242638010	-0.1707962157250765	0.0175164689645031	0.0191483350721908	0.0019419116458158	-0.0061889254397704	-0.0034043883476147	0.0025765770349073	0.0027357943773270	-0.0010300965605783	-0.0018326098254505	
0.1316666666666667	0.5000000000000000	0.5420317860223721	-0.0011111944780437	-0.3832495568767369	-0.1708003438498811	0.0171106550563541	0.0188962117140725	0.0020549308577010	-0.0059812495281715	-0.0034393718394074	0.0024188899086229	0.0027433178133660	-0.0009072470174683	-0.0018309666427141	
0.1350000000000000	0.5000000000000000	0.5367355803149401	-0.0011083063220241	-0.3795053607433025	-0.1708043206682140	0.0167168489957578	0.0186498413651997	0.0021603610832266	-0.0057802382010936	-0.0034696345268390	0.0022678279891251	0.0027479604451041	-0.0007907640704130	-0.0018276900035343	
0.1383333333333334	0.5000000000000000	0.5314582735311879	-0.0011055254879236	-0.3757744985984466	-0.1708081523405495	0.0163345859832394	0.0184090566833612	0.0022585498854704	-0.0055856449487927	-0.0034954255192299	0.0021231089943318	0.0027498914991555	-0.0006803512176351	-0.0018228833435999	
0.1416666666666667	0.5000000000000000	0.5261991358624757	-0.0011028475786342	-0.3720564556332662	-0.1708118447615646	0.0159634206410301	0.0181736967596589	0.0023498293205447	-0.0053972334163810	-0.0035169822224435	0.0019844628625538	0.0027492719564010	-0.0005757252318061	-0.0018166449368331	
0.1450000000000000	0.5000000000000000	0.5209574679528753	-0.0011002683871365	-0.3683507385183060	-0.1708154035717735	0.0156029261684177	0.0179436068505844	0.0024345166233278	-0.0052147769683853	-0.0035345308650673	0.0018516312174024	0.0027462549275363	-0.0004766155705527	-0.0018090681325527	
0.1483333333333333	0.5000000000000000	0.5157325995752154	-0.0010977838881731	-0.3646568744697478	-0.1708188341686485	0.0152526935341858	0.0177186381217353	0.0025129148628864	-0.0050380582723691	-0.0035482870011821	0.0017243668562733	0.0027409860118215	-0.0003827638130570	-0.0018002415819915	
0.1516666666666667	0.5000000000000000	0.5105238883652516	-0.0010953902302895	-0.3609744103565958	-0.1708221417172512	0.0149123307045074	0.0174986474026629	0.0025853135689316	-0.0048668689007802	-0.0035584559907585	0.0016024332613667	0.0027336036397793	-0.0002939231215964	-0.0017902494546399	
0.1550000000000000	0.5000000000000000	0.5053307186113977	-0.0010930837282253	-0.3573029118470523	-0.1708253311603951	0.0145814619047263	0.0172834969523602	0.0026519893305868	-0.0047010089502199	-0.0035652334586689	0.0014856041322472	0.0027242394005528	-0.0002098577269203	-0.0017791716448681	
0.1583333333333333	0.5000000000000000	0.5001525000975685	-0.0010908608556417	-0.3536419625923494	-0.1708284072283598	0.0142597269135322	0.0170730542349248	0.0027132063686934	-0.0045402866773687	-0.0035688057332651	0.0013736629389947	0.0027130183546044	-0.0001303424364098	-0.0017670839692593	
0.1616666666666667	0.5000000000000000	0.4949886669967880	-0.0010887182381694	-0.3499911634463909	-0.1708313744481772	0.0139467803881009	0.0168671917049509	0.0027692170828217	-0.0043845181508339	-0.0035693502654248	0.0012664024950366	0.0027000593324062	-0.0000551621640121	-0.0017540583550659	
0.1650000000000000	0.5000000000000000	0.4898386768133257	-0.0010866526467625	-0.3463501317196176	-0.1708342371525087	0.0136422912188320	0.0166657866022220	0.0028202625741080	-0.0042335269182201	-0.0035670360289336	0.0011636245487931	0.0026854752197439	0.0000158885190124	-0.0017401630201846	
0.1683333333333334	0.5000000000000000	0.4847020093712194	-0.0010846609913462	-0.3427185004655923	-0.1708369994881313	0.0133459419123802	0.0164687207552984	0.0028665731449841	-0.0040871436877520	-0.0035620239030293	0.0010651393933054	0.0026693732302289	0.0000830058134511	-0.0017254626450260	
0.1716666666666667	0.5000000000000000	0.4795781658471375	-0.0010827403147436	-0.3390959177988558	-0.1708396654240492	0.0130574280017301	0.0162758803936087	0.0029083687768225	-0.0039452060238096	-0.0035544670378984	0.0009707654930536	0.0026518551655861	0.0001463771024885	-0.0017100185366403	
0.1750000000000000	0.5000000000000000	0.4744666678456255	-0.0010808877868712	-0.3354820462426794	-0.1708422387592482	0.0127764574821234	0.0160871559676731	0.0029458595864717	-0.0038075580557633	-0.0035445112038811	0.0008803291272053	0.0026330176642603	0.0002061813438834	-0.0016938887854434	
0.1783333333333333	0.5000000000000000	0.4693670565148685	-0.0010791006991895	-0.3318765621053913	-0.1708447231301091	0.0125027502716973	0.0159024419771018	0.0029792462626177	-0.0036740501995263	-0.0035322951251066	0.0007936640485709	0.0026129524388610	0.0002625894447789	-0.0016771284148717	
0.1816666666666667	0.5000000000000000	0.4642788917011788	-0.0010773764593980	-0.3282791548840187	-0.1708471220174934	0.0122360376957439	0.0157216368060291	0.0030087204828600	-0.0035445388912622	-0.0035179507982488	0.0007106111575725	0.0025917465029397	0.0003157646199121	-0.0016597895242818	
0.1850000000000000	0.5000000000000000	0.4592017511405059	-0.0010757125863652	-0.3246895266940396	-0.1708494387535179	0.0119760619935495	0.0155446425656567	0.0030344653123584	-0.0034188863327161	-0.0035016037970615	0.0006310181905632	0.0025694823875759	0.0003658627339582	-0.0016419214253935	
0.1883333333333334	0.5000000000000000	0.4541352296853307	-0.0010741067052802	-0.3211073917240945	-0.1708516765280304	0.0117225758468172	0.0153713649435958	0.0030566555848620	-0.0032969602476567	-0.0034833735633252	0.0005547394218659	0.0025462383482225	0.0004130326287107	-0.0016235707725664	
0.1916666666666667	0.5000000000000000	0.4490789385653877	-0.0010725565430197	-0.3175324757145546	-0.1708538383948003	0.0114753419287217	0.0152017130597100	0.0030754582669019	-0.0031786336489424	-0.0034633736848054	0.0004816353789239	0.0025220885622450	0.0004574164357682	-0.0016047816871815	
0.1950000000000000	0.5000000000000000	0.4440325046807204	-0.0010710599237176	-0.3139645154588972	-0.1708559272774368	0.0112341324726859	0.0150355993281760	0.0030910328058908	-0.0030637846157442	-0.0034417121608012	0.0004115725699884	0.0024971033175674	0.0004991498753684	-0.0015855958763927	
0.1983333333333334	0.5000000000000000	0.4389955699256454	-0.0010696147645310	-0.3104032583268801	-0.1708579459750454	0.0109987288600097	0.0148729393254885	0.0031035314628409	-0.0029522960804795	-0.0034184916558322	0.0003444232237866	0.0024713491928215	0.0005383625419820	-0.0015660527464981	
0.2016666666666667	0.5000000000000000	0.4339677905422625	-0.0010682190715920	-0.3068484618085557	-0.1708598971676378	0.0107689212255193	0.0147136516641516	0.0031130996303811	-0.0028440556250299	-0.0033938097419912	0.0002800650406454	0.0024448892293744	0.0005751781772525	-0.0015461895111703	
0.2050000000000000	0.5000000000000000	0.4289488365022068	-0.0010668709361378	-0.3032998930782041	-0.1708617834213006	0.0105445080804437	0.0145576578718065	0.0031198761367225	-0.0027389552858374	-0.0033677591304649	0.0002183809545634	0.0024177830955996	0.0006097149308408	-0.0015260412947758	
0.2083333333333334	0.5000000000000000	0.4239383909153975	-0.0010655685308118	-0.2997573285773086	-0.1708636071931386	0.0103252959517573	0.0144048822755599	0.0031239935361950	-0.0026368913674860	-0.0033404278927036	0.0001592589057496	0.0023900872437335	0.0006420856097099	-0.0015056412310013	
0.2116666666666667	0.5000000000000000	0.4189361494645956	-0.0010643101061269	-0.2962205536157322	-0.1708653708359996	0.0101110990372625	0.0142552518912847	0.0031255783869464	-0.0025377642644004	-0.0033118996716980	0.0001025916231682	0.0023618550596479	0.0006723979163606	-0.0014850205569973	
0.2150000000000000	0.5000000000000000	0.4139418198646279	-0.0010630939870854	-0.2926893619902944	-0.1708670766029916	0.0099017388757207	0.0141086963176776	0.0031247515163751	-0.0024414782903030	-0.0032822538838036	0.0000482764166467	0.0023331370058556	0.0007007546765070	-0.0014642087032375	
0.2183333333333333	0.5000000000000000	0.4089551213451943	-0.0010619185699464	-0.2891635556199794	-0.1708687266518011	0.0096970440313642	0.0139651476348647	0.0031216282748356	-0.0023479415150897	-0.0032515659115318	-0.0000037850218714	0.0023039807580468	0.0007272540566583	-0.0014432333792868	
0.2216666666666667	0.5000000000000000	0.4039757841562154	-0.0010607823191374	-0.2856429441970432	-0.1708703230488206	0.0094968497921594	0.0138245403073586	0.0031163187781377	-0.0022570656088007	-0.0032199072877075	-0.0000536868083353	0.0022744313354486	0.0007519897720537	-0.0014221206556586	
0.2250000000000000	0.5000000000000000	0.3990035490947290	-0.0010596837643002	-0.2821273448533199	-0.1708718677730962	0.0093009978812109	0.0136868110911756	0.0031089281393343	-0.0021687656923727	-0.0031873458713779	-0.0001015190482388	0.0022445312252787	0.0007750512853768	-0.0014008950419374	
0.2283333333333333	0.5000000000000000	0.3940381670523827	-0.0010586214974677	-0.2786165818410535	-0.1708733627200996	0.0091093361807303	0.0135518989449347	0.0030995566902715	-0.0020829601948791	-0.0031539460158387	-0.0001473680102856	0.0022143205015588	0.0007965239966569	-0.0013795795613329	
0.2316666666666667	0.5000000000000000	0.3890793985826175	-0.0010575941703651	-0.2751104862276190	-0.1708748097053353	0.0089217184680139	0.0134197449447617	0.0030883001933540	-0.0019995707169703	-0.0031197687291263	-0.0001913162924185	0.0021838369385385	0.0008164894247470	-0.0013581958218243	
0.2350000000000000	0.5000000000000000	0.3841270134866716	-0.0010566004918292	-0.2716088956035174	-0.1708762104677884	0.0087380041629008	0.0132902922028364	0.0030752500439591	-0.0019185219002458	-0.0030848718273124	-0.0002334429805490	0.0021531161189692	0.0008350253807506	-0.0013367640840489	
0.2383333333333333	0.5000000000000000	0.3791807904175766	-0.0010556392253420	-0.2681116538030611	-0.1708775666732216	0.0085580580862041	0.0131634857894224	0.0030604934639120	-0.0018397413022972	-0.0030493100809198	-0.0002738238003086	0.0021221915374585	0.0008522061337543	-0.0013153033260778	
0.2416666666666667	0.5000000000000000	0.3742405165013514	-0.0010547091866729	-0.2646186106371888	-0.1708788799173262	0.0083817502286334	0.0130392726582291	0.0030441136864200	-0.0017631592771736	-0.0030131353547654	-0.0003125312621289	0.0020910946991234	0.0008681025692042	-0.0012938313052211	
0.2450000000000000	0.5000000000000000	0.3693059869746366	-0.0010538092416241	-0.2611296216378764	-0.1708801517287349	0.0082089555297434	0.0129176015749619	0.0030261901328410	-0.0016887088610344	-0.0029763967415222	-0.0003496347999440	0.0020598552137539	0.0008827823402535	-0.0012723646169920	
0.2483333333333334	0.5000000000000000	0.3643770048380435	-0.0010529383038758	-0.2576445478136312	-0.1708813835719021	0.0080395536664686	0.0127984230489209	0.0030067985816495	-0.0016163256627602	-0.0029391406892797	-0.0003852009037945	0.0020285008856840	0.0008963100123903	-0.0012509187513602	
0.2516666666666667	0.5000000000000000	0.3594533805245249	-0.0010520953329259	-0.2541632554155824	-0.1708825768498572	0.0078734288508208	0.0126816892675178	0.0029860113299453	-0.0015459477593073	-0.0029014111233699	-0.0004192932466041	0.0019970577995662	0.0009087472016433	-0.0012295081464129	
0.2550000000000000	0.5000000000000000	0.3545349315821068	-0.0010512793321205	-0.2506856157136989	-0.1708837329068371	0.0077104696363450	0.0125673540335839	0.0029638973478347	-0.0014775155955987	-0.0028632495627133	-0.0004519728053817	0.0019655504022273	0.0009201527066492	-0.0012081462395421	
0.2583333333333334	0.5000000000000000	0.3496214823703445	-0.0010504893467716	-0.2472115047826882	-0.1708848530308029	0.0075505687329472	0.0124553727053476	0.0029405224259994	-0.0014109718887517	-0.0028246952309297	-0.0004832979770957	0.0019340015807858	0.0009305826348522	-0.0011868455162668	
0.2616666666666667	0.5000000000000000	0.3447128637699011	-0.0010497244623570	-0.2437408032971509	-0.1708859384558452	0.0073936228297264	0.0123457021389682	0.0029159493167563	-0.0013462615364554	-0.0027857851624449	-0.0005133246894549	0.0019024327371929	0.0009400905230959	-0.0011656175567976	
0.2650000000000000	0.5000000000000000	0.3398089129046673	-0.0010489838027994	-0.2402733963355798	-0.1708869903644849	0.0072395324254553	0.0122383006335140	0.0028902378688948	-0.0012833315293169	-0.0027465543038185	-0.0005421065068180	0.0018708638593609	0.0009487274528547	-0.0011444730804442	
0.2683333333333333	0.5000000000000000	0.3349094728758700	-0.0010482665288222	-0.2368091731928160	-0.1708880098898708	0.0070882016663746	0.0121331278782792	0.0028634451565686	-0.0012221308670012	-0.0027070356105038	-0.0005696947314476	0.0018393135890295	0.0009565421603406	-0.0011234219879627	
0.2716666666666667	0.5000000000000000	0.3300143925076410	-0.0010475718363767	-0.2333480272005872	-0.1708889981178829	0.0069395381909768	0.0120301449023407	0.0028356256025050	-0.0011626104780032	-0.0026672601392440	-0.0005961385003109	0.0018077992865166	0.0009635811417139	-0.0011024734019349	
0.2750000000000000	0.5000000000000000	0.3251235261035397	-0.0010468989551388	-0.2298898555557721	-0.1708899560891408	0.0067934529814715	0.0119293140262557	0.0028068310957834	-0.0011047231428908	-0.0026272571362992	-0.0006214848776239	0.0017763370924927	0.0009698887536112	-0.0010816357052687	
0.2783333333333333	0.5000000000000000	0.3202367332135450	-0.0010462471470728	-0.2264345591560501	-0.1708908848009253	0.0066498602216371	0.0118305988158106	0.0027771111044248	-0.0010484234208699	-0.0025870541216896	-0.0006457789433260	0.0017449419869127	0.0009755073091990	-0.0010609165779033	
0.2816666666666667	0.5000000000000000	0.3153538784110578	-0.0010456157050572	-0.2229820424426094	-0.1708917852090148	0.0065086771607772	0.0117339640377321	0.0027465127830206	-0.0009936675795274	-0.0025466769696330	-0.0006690638776606	0.0017136278452323	0.0009804771699505	-0.0010403230317996	
0.2850000000000000	0.5000000000000000	0.3104748310794673	-0.0010450039515718	-0.2195322132496027	-0.1708926582294404	0.0063698239835120	0.0116393756172752	0.0027150810756234	-0.0009404135276125	-0.0025061499853466	-0.0006913810420367	0.0016824074920298	0.0009848368333329	-0.0010198614442944	
0.2883333333333333	0.5000000000000000	0.3055994652078623	-0.0010444112374424	-0.2160849826600524	-0.1708935047401649	0.0062332236851466	0.0115468005976110	0.0026828588141081	-0.0008886207507273	-0.0024654959783746	-0.0007127700563295	0.0016512927521518	0.0009886230165862	-0.0009995375898900	
0.2916666666666667	0.5000000000000000	0.3007276591954819	-0.0010438369406414	-0.2126402648679187	-0.1708943255826866	0.0060988019523707	0.0114562071009328	0.0026498868122048	-0.0008382502497982	-0.0024247363325981	-0.0007332688727792	0.0016202944994914	0.0009918707367667	-0.0009793566705519	
0.2950000000000000	0.5000000000000000	0.2958592956645186	-0.0010432804651406	-0.2091979770460611	-0.1708951215635726	0.0059664870490529	0.0113675642912119	0.0026162039553971	-0.0007892644822092	-0.0023838910730736	-0.0007529138466360	0.0015894227035073	0.0009946133872180	-0.0009593233445796	
0.2983333333333333	0.5000000000000000	0.2909942612809066	-0.0010427412398148	-0.2057580392198297	-0.1708958934559259	0.0058362097069049	0.0112808423385289	0.0025818472868676	-0.0007416273054824	-0.0023429789298446	-0.0007717398036915	0.0015586864735840	0.0009968828106279	-0.0009394417541166	
0.3016666666666667	0.5000000000000000	0.2861324465827392	-0.0010422187173942	-0.2023203741460388	-0.1708966420007851	0.0057079030208000	0.0111960123849160	0.0025468520896687	-0.0006953039233951	-0.0023020173988587	-0.0007897801048349	0.0015280941013312	0.0009987093688217	-0.0009197155513600	
0.3050000000000000	0.5000000000000000	0.2812737458159796	-0.0010417123734627	-0.1988849071970846	-0.1708973679084654	0.0055815023485404	0.0111130465116449	0.0025112519652841	-0.0006502608344281	-0.0022610228001229	-0.0008070667077627	0.0014976531009140	0.0010001220094342	-0.0009001479235294	
0.3083333333333333	0.5000000000000000	0.2764180567771418	-0.0010412217055004	-0.1954515662499783	-0.1708980718598379	0.0054569452148749	0.0110319177078994	0.0024750789087449	-0.0006064657824462	-0.0022200103332183	-0.0008236302259654	0.0014673702475042	0.0010011483295995	-0.0008807416166501	
0.3116666666666666	0.5000000000000000	0.2715652806626311	-0.0010407462319689	-0.1920202815800773	-0.1708987545075536	0.0053341712195803	0.0109525998407734	0.0024383633804504	-0.0005638877095141	-0.0021789941302942	-0.0008394999851109	0.0014372516139361	0.0010018146367876	-0.0008614989582049	
0.3150000000000001	0.5000000000000000	0.2667153219244517	-0.0010402854914368	-0.1885909857593061	-0.1708994164772133	0.0052131219494250	0.0108750676265405	0.0024011343748431	-0.0005224967107558	-0.0021379873066543	-0.0008547040769362	0.0014073026056478	0.0010021460069151	-0.0008424218787061	
0.3183333333333334	0.5000000000000000	0.2618680881319956	-0.0010398390417437	-0.1851636135586681	-0.1709000583684851	0.0050937408938429	0.0107992966031382	0.0023634194860781	-0.0004822639911713	-0.0020970020090432	-0.0008692694107579	0.0013775279939872	0.0010021663398473	-0.0008235119322361	
0.3216666666666667	0.5000000000000000	0.2570234898396445	-0.0010394064592015	-0.1817381018548558	-0.1709006807561730	0.0049759733641533	0.0107252631038191	0.0023252449708198	-0.0004431618243248	-0.0020560494617367	-0.0008832217627021	0.0013479319479545	0.0010018984124086	-0.0008047703160032	
0.3250000000000000	0.5000000000000000	0.2521814404599259	-0.0010389873378313	-0.1783143895407790	-0.1709012841912378	0.0048597664161677	0.0106529442319177	0.0022866358082957	-0.0004051635128270	-0.0020151400105344	-0.0008965858227547	0.0013185180644535	0.0010013639290082	-0.0007861978889588	
0.3283333333333334	0.5000000000000000	0.2473418561419763	-0.0010385812886343	-0.1748924174398369	-0.1709018692017729	0.0047450687760344	0.0105823178366874	0.0022476157577296	-0.0003682433505327	-0.0019742831647506	-0.0009093852397255	0.0012892893971185	0.0010005835699864	-0.0007677951895169	
0.3316666666666667	0.5000000000000000	0.2425046556550736	-0.0010381879388941	-0.1714721282237650	-0.1709024362939364	0.0046318307691755	0.0105133624901633	0.0022082074132724	-0.0003323765863831	-0.0019334876372920	-0.0009216426642154	0.0012602484837825	0.0009995770377810	-0.0007495624524187	
0.3350000000000000	0.5000000000000000	0.2376697602770143	-0.0010378069315115	-0.1680534663338988	-0.1709029859528423	0.0045200042521784	0.0104460574650061	0.0021684322565419	-0.0002975393898205	-0.0018927613829099	-0.0009333797896748	0.0012313973726473	0.0009983631010089	-0.0007314996247794	
0.3383333333333334	0.5000000000000000	0.2328370936871179	-0.0010374379243683	-0.1646363779057020	-0.1709035186434112	0.0044095425475101	0.0103803827132902	0.0021283107068796	-0.0002637088177115	-0.0018521116347095	-0.0009446173916336	0.0012027376472158	0.0009969596365536	-0.0007136063813563	
0.3416666666666667	0.5000000000000000	0.2280065818636510	-0.0010370805897191	-0.1612208106964118	-0.1709040348111839	0.0043004003809278	0.0103163188461924	0.0020878621694275	-0.0002308627827132	-0.0018115449389955	-0.0009553753651811	0.0011742704500417	0.0009953836697453	-0.0006958821390735	
0.3450000000000000	0.5000000000000000	0.2231781529854749	-0.0010367346136112	-0.1578067140156622	-0.1709045348830980	0.0041925338214647	0.0102538471145489	0.0020471050811235	-0.0001989800230224	-0.0017710671885284	-0.0009656727607733	0.0011459965053525	0.0009936514127171	-0.0006783260708364	
0.3483333333333334	0.5000000000000000	0.2183517373377229	-0.0010363996953298	-0.1543940386589514	-0.1709050192682296	0.0040859002238752	0.0101929493902404	0.0020060569547088	-0.0001680400734497	-0.0017306836542665	-0.0009755278184356	0.0011179161405958	0.0009917783010153	-0.0006609371186703	
0.3516666666666667	0.5000000000000000	0.2135272672213311	-0.0010360755468687	-0.1509827368438247	-0.1709054883585028	0.0039804581734295	0.0101336081483759	0.0019647344208377	-0.0001380232377637	-0.0016903990156591	-0.0009849580004322	0.0010900293069590	0.0009897790285402	-0.0006437140062127	
0.3550000000000000	0.5000000000000000	0.2087046768662438	-0.0010357618924243	-0.1475727621486519	-0.1709059425293654	0.0038761674329504	0.0100758064502388	0.0019231532683768	-0.0001089105622508	-0.0016502173895617	-0.0009939800224662	0.0010623355989102	0.0009876675808894	-0.0006266552505905	
0.3583333333333334	0.5000000000000000	0.2038839023481309	-0.0010354584679129	-0.1441640694538793	-0.1709063821404361	0.0037729888919918	0.0100195279269676	0.0018813284829748	-0.0000806838104423	-0.0016101423578316	-0.0010026098834720	0.0010348342728046	0.0009854572671717	-0.0006097591737097	
0.3616666666666667	0.5000000000000000	0.1990648815084554	-0.0010351650205098	-0.1407566148856466	-0.1709068075361207	0.0036708845180614	0.0099647567639399	0.0018392742839830	-0.0000533254389587	-0.0015701769936690	-0.0010108628940613	0.0010075242646005	0.0009831607503578	-0.0005930239129859	
0.3650000000000000	0.5000000000000000	0.1942475538777395	-0.0010348813082090	-0.1373503557616588	-0.1709072190462015	0.0035698173097938	0.0099114776858317	0.0017970041598010	-0.0000268185744266	-0.0015303238867586	-0.0010187537036775	0.0009804042067256	0.0009807900762309	-0.0005764474315407	
0.3683333333333334	0.5000000000000000	0.1894318606018841	-0.0010346070994035	-0.1339452505392113	-0.1709076169863993	0.0034697512519863	0.0098596759423258	0.0017545309017217	-0.0000011469914235	-0.0014905851672686	-0.0010262963265137	0.0009534724441339	0.0009783567009961	-0.0005600275278896	
0.3716666666666667	0.5000000000000000	0.1846177443713996	-0.0010343421724847	-0.1305412587652701	-0.1709080016589097	0.0033706512724112	0.0098093372944435	0.0017118666363427	0.0000237049085914	-0.0014509625287599	-0.0010335041662461	0.0009267270495903	0.0009758715176055	-0.0005437618451454	
0.3750000000000000	0.5000000000000000	0.1798051493534153	-0.0010340863154597	-0.1271383410285100	-0.1709083733529147	0.0032724832003220	0.0097604480014745	0.0016690228566126	0.0000477521173995	-0.0014114572500569	-0.0010403900396311	0.0009001658382206	0.0009733448808548	-0.0005276478797598	
0.3783333333333333	0.5000000000000000	0.1749940211263391	-0.0010338393255872	-0.1237364589132231	-0.1709087323450712	0.0031752137265773	0.0097129948084823	0.0016260104515743	0.0000710090392373	-0.0013720702161272	-0.0010469661990138	0.0008737863813595	0.0009707866313017	-0.0005116829898248	
0.3816666666666667	0.5000000000000000	0.1701843066170431	-0.0010336010090296	-0.1203355749550091	-0.1709090788999757	0.0030788103653045	0.0096669649343623	0.0015828397348673	0.0000934895091393	-0.0013328019380191	-0.0010532443537929	0.0008475860197321	0.0009682061180560	-0.0004958644029558	
0.3850000000000000	0.5000000000000000	0.1653759540404577	-0.0010333711805217	-0.1169356525981635	-0.1709094132706090	0.0029832414170336	0.0096223460604327	0.0015395204720465	0.0001152068104421	-0.0012936525718999	-0.0010592356908832	0.0008215618759993	0.0009656122204888	-0.0004801892237753	
0.3883333333333334	0.5000000000000000	0.1605689128414621	-0.0010331496630547	-0.1135366561546861	-0.1709097356987581	0.0028884759332308	0.0095791263195358	0.0014960619067746	0.0001361736914867	-0.0012546219372381	-0.0010649508942186	0.0007957108666978	0.0009630133689058	-0.0004646544410177	
0.3916666666666667	0.5000000000000000	0.1557631336389593	-0.0010329362875758	-0.1101385507648302	-0.1709100464154193	0.0027944836821659	0.0095372942856322	0.0014524727859403	0.0001564023815455	-0.0012157095341716	-0.0010704001633324	0.0007700297136052	0.0009604175642267	-0.0004492569342721	
0.3950000000000000	0.5000000000000000	0.1509585681720354	-0.0010327308927010	-0.1067413023591220	-0.1709103456411823	0.0027012351160500	0.0094968389638690	0.0014087613837555	0.0001759046060080	-0.0011769145601003	-0.0010755932310529	0.0007445149545558	0.0009578323967115	-0.0004339934803824	
0.3983333333333333	0.5000000000000000	0.1461551692480999	-0.0010325333244434	-0.1033448776217772	-0.1709106335865944	0.0026087013393819	0.0094577497811046	0.0013649355248800	0.0001946916008514	-0.0011382359255408	-0.0010805393803489	0.0007191629537366	0.0009552650637742	-0.0004188607595206	
0.4016666666666667	0.5000000000000000	0.1413528906929123	-0.0010323434359528	-0.0999492439554479	-0.1709109104525092	0.0025168540784458	0.0094200165768727	0.0013210026066203	0.0002127741264240	-0.0010996722692802	-0.0010852474603584	0.0006939699114875	0.0009527223869171	-0.0004038553609494	
0.4050000000000000	0.5000000000000000	0.1365516873024034	-0.0010321610872694	-0.0965543694472353	-0.1709111764304158	0.0024256656519026	0.0093836295947715	0.0012769696202503	0.0002301624805675	-0.0010612219728634	-0.0010897259016329	0.0006689318736308	0.0009502108278251	-0.0003889737884907	
0.4083333333333333	0.5000000000000000	0.1317515147962007	-0.0010319861450893	-0.0931602228359049	-0.1709114317027538	0.0023351089424219	0.0093485794742603	0.0012328431714956	0.0002468665111017	-0.0010228831744473	-0.0010939827306272	0.0006440447403545	0.0009477365036499	-0.0003742124657135	
0.4116666666666667	0.5000000000000000	0.1269523297727738	-0.0010318184825420	-0.0897667734802438	-0.1709116764432111	0.0022451573693018	0.0093148572428526	0.0011886295002242	0.0002628956276960	-0.0009846537820535	-0.0010980255834627	0.0006193042746708	0.0009453052015173	-0.0003595677408565	
0.4150000000000000	0.5000000000000000	0.1221540896661184	-0.0010316579789783	-0.0863739913285035	-0.1709119108170072	0.0021557848620264	0.0092824543086889	0.0011443344993840	0.0002782588131494	-0.0009465314862515	-0.0011018617189927	0.0005947061104731	0.0009429223922876	-0.0003450358914995	
0.4183333333333333	0.5000000000000000	0.1173567527038983	-0.0010315045197706	-0.0829818468888707	-0.1709121349811619	0.0020669658347144	0.0092513624534782	0.0010999637332264	0.0002929646340996	-0.0009085137723007	-0.0011054980311944	0.0005702457602113	0.0009405932435968	-0.0003306131289953	
0.4216666666666667	0.5000000000000000	0.1125602778669711	-0.0010313579961226	-0.0795903112009143	-0.1709123490847494	0.0019786751614100	0.0092215738257957	0.0010555224548524	0.0003070212511820	-0.0008705979317804	-0.0011089410609130	0.0005459186222066	0.0009383226322069	-0.0003162956026760	
0.4250000000000000	0.5000000000000000	0.1077646248502225	-0.0010312183048892	-0.0761993558079561	-0.1709125532691398	0.0018908881521733	0.0091930809347248	0.0010110156231183	0.0003204364286565	-0.0008327810737358	-0.0011121970069803	0.0005217199876244	0.0009361151556893	-0.0003020794038464	
0.4283333333333333	0.5000000000000000	0.1029697540246403	-0.0010310853484068	-0.0728089527303144	-0.1709127476682265	0.0018035805299268	0.0091658766438325	0.0009664479189350	0.0003332175435207	-0.0007950601353649	-0.0011152717367306	0.0004976450471244	0.0009339751434671	-0.0002879605695742	
0.4316666666666667	0.5000000000000000	0.0981756264005597	-0.0010309590343324	-0.0694190744393750	-0.1709129324086416	0.0017167284080152	0.0091399541654678	0.0009218237609949	0.0003453715941261	-0.0007574318922728	-0.0011181707959338	0.0004736888972067	0.0009319066672382	-0.0002739350862907	
0.4350000000000001	0.5000000000000000	0.0933822035920123	-0.0010308392754923	-0.0660296938324403	-0.1709131076099591	0.0016303082684406	0.0091153070553736	0.0008771473209586	0.0003569052083125	-0.0007198929683186	-0.0011208994181661	0.0004498465462693	0.0009299135508005	-0.0002599988932111	
0.4383333333333334	0.5000000000000000	0.0885894477821177	-0.0010307259897389	-0.0626407842083136	-0.1709132733848859	0.0015442969407317	0.0090919292076030	0.0008324225381319	0.0003678246510777	-0.0006824398450769	-0.0011234625336361	0.0004261129203960	0.0009279993793012	-0.0002461478855860	
0.4416666666666667	0.5000000000000000	0.0837973216894550	-0.0010306190998173	-0.0592523192435747	-0.1709134298394417	0.0014586715814115	0.0090698148497299	0.0007876531336650	0.0003781358317942	-0.0006450688709379	-0.0011258647774842	0.0004024828688892	0.0009261675079272	-0.0002323779177940	
0.4450000000000001	0.5000000000000000	0.0790057885353538	-0.0010305185332384	-0.0558642729695042	-0.1709135770731277	0.0013734096540268	0.0090489585383483	0.0007428426243009	0.0003878443109873	-0.0006077762698688	-0.0011281104975716	0.0003789511695646	0.0009244210700563	-0.0002186848062845	
0.4483333333333334	0.5000000000000000	0.0742148120120494	-0.0010304242221620	-0.0524766197496170	-0.1709137151790847	0.0012884889097032	0.0090293551548499	0.0006979943357033	0.0003969553066882	-0.0005705581498562	-0.0011302037617738	0.0003555125338217	0.0009227629848857	-0.0002050643323815	
0.4516666666666667	0.5000000000000000	0.0694243562516437	-0.0010303361032857	-0.0490893342577644	-0.1709138442442406	0.0012038873681930	0.0090109999014747	0.0006531114153900	0.0004054737003712	-0.0005334105110523	-0.0011321483647937	0.0003321616115055	0.0009211959645527	-0.0001915122449565	
0.4550000000000001	0.5000000000000000	0.0646343857958186	-0.0010302541177431	-0.0457023914567671	-0.1709139643494481	0.0011195832993815	0.0089938882976271	0.0006081968452993	0.0004134040424885	-0.0004963292536430	-0.0011339478345067	0.0003088929955737	0.0009197225207642	-0.0001780242629796	
0.4583333333333334	0.5000000000000000	0.0598448655662498	-0.0010301782110081	-0.0423157665775415	-0.1709140755696117	0.0010355552052202	0.0089780161764516	0.0005632534540148	0.0004207505576111	-0.0004593101854598	-0.0011356054378520	0.0002857012265825	0.0009183449709465	-0.0001645960779583	
0.4616666666666667	0.5000000000000000	0.0550557608356676	-0.0010301083328071	-0.0389294350986831	-0.1709141779738065	0.0009517818020561	0.0089633796816617	0.0005182839286739	0.0004275171491861	-0.0004223490293521	-0.0011371241862791	0.0002625807970056	0.0009170654439305	-0.0001512233562706	
0.4650000000000001	0.5000000000000000	0.0502670371995165	-0.0010300444370378	-0.0355433727264721	-0.1709142716253863	0.0008682420033245	0.0089499752646175	0.0004732908265848	0.0004337074039182	-0.0003854414303407	-0.0011385068407630	0.0002395261553978	0.0009158858851821	-0.0001379017414031	
0.4683333333333333	0.5000000000000000	0.0454786605481638	-0.0010299864816953	-0.0321575553752659	-0.1709143565820830	0.0007849149025779	0.0089377996816463	0.0004282765865751	0.0004393245957851	-0.0003485829625685	-0.0011397559163962	0.0002165317104177	0.0009148080615897	-0.0001246268560992	
0.4716666666666667	0.5000000000000000	0.0406905970396083	-0.0010299344288040	-0.0287719591482446	-0.1709144328960975	0.0007017797568197	0.0089268499916023	0.0003832435400971	0.0004443716896918	-0.0003117691360680	-0.0011408736865666	0.0001935918347209	0.0009138335658191	-0.0001113943044275	
0.4750000000000000	0.5000000000000000	0.0359028130726452	-0.0010298882443573	-0.0253865603184781	-0.1709145006141811	0.0006188159701159	0.0089171235536609	0.0003381939221100	0.0004488513447727	-0.0002749954033613	-0.0011418621867305	0.0001707008687356	0.0009129638202433	-0.0000981996737771	
0.4783333333333334	0.5000000000000000	0.0311152752604370	-0.0010298478982627	-0.0220013353102803	-0.1709145597777088	0.0005360030774549	0.0089086180253435	0.0002931298817647	0.0004527659173462	-0.0002382571659105	-0.0011427232177873	0.0001478531243334	0.0009122000804578	-0.0000850385367866	
0.4816666666666667	0.5000000000000000	0.0263279504044498	-0.0010298133642935	-0.0186162606808194	-0.1709146104227436	0.0004533207288296	0.0089013313607709	0.0002480534929103	0.0004561174635277	-0.0002015497804349	-0.0011434583490627	0.0001250428884067	0.0009115434383852	-0.0000719064532157	
0.4850000000000000	0.5000000000000000	0.0215408054687065	-0.0010297846200471	-0.0152313131019539	-0.1709146525800931	0.0003707486735141	0.0088952618091409	0.0002029667644459	0.0004589077415054	-0.0001648685651107	-0.0011440689209063	0.0001022644263633	0.0009109948249800	-0.0000587989717640	
0.4883333333333333	0.5000000000000000	0.0167538075543166	-0.0010297616469093	-0.0118464693422614	-0.1709146862753575	0.0002882667445071	0.0088904079134279	0.0001578716505378	0.0004611382134838	-0.0001282088056706	-0.0011445560469089	0.0000795119855509	0.0009105550125348	-0.0000457116318479	
0.4916666666666667	0.5000000000000000	0.0119669238742365	-0.0010297444300238	-0.0084617062492321	-0.1709147115289690	0.0002058548431180	0.0088867685093028	0.0001127700607246	0.0004628100472974	-0.0000915657614176	-0.0011449206157433	0.0000567797986216	0.0009102246165958	-0.0000326399653379	
0.4950000000000000	0.5000000000000000	0.0071801217282196	-0.0010297329582695	-0.0050770007315946	-0.1709147283562242	0.0001234929236671	0.0088843427242712	0.0000676638699290	0.0004639241176984	-0.0000549346711699	-0.0011451632926330	0.0000340620868478	0.0009100040974904	-0.0000195794982675	
0.4983333333333334	0.5000000000000000	0.0023933684779125	-0.0010297272242420	-0.0016923297417455	-0.1709147367673076	0.0000411609782766	0.0088831299770280	0.0000225549283996	0.0004644810073206	-0.0000183107591521	-0.0011452845204509	0.0000113530634002	0.0009098937614699	-0.0000065257525172	
0.5016666666666667	0.5000000000000000	-0.0023933684779440	-0.0010297272242420	0.0016923297417471	-0.1709147367673076	-0.0000411609782764	0.0088831299770280	-0.0000225549283995	0.0004644810073206	0.0000183107591521	-0.0011452845204509	-0.0000113530634002	0.0009098937614699	0.0000065257525173	
0.5050000000000001	0.5000000000000000	-0.0071801217282511	-0.0010297329582696	0.0050770007315962	-0.1709147283562241	-0.0001234929236670	0.0088843427242712	-0.0000676638699289	0.0004639241176984	0.0000549346711699	-0.0011451632926330	-0.0000340620868478	0.0009100040974904	0.0000195794982676	
0.5083333333333333	0.5000000000000000	-0.0119669238742680	-0.0010297444300239	0.0084617062492337	-0.1709147115289689	-0.0002058548431177	0.0088867685093028	-0.0001127700607245	0.0004628100472974	0.0000915657614176	-0.0011449206157433	-0.0000567797986216	0.0009102246165958	0.0000326399653380	
0.5116666666666667	0.5000000000000000	-0.0167538075543481	-0.0010297616469094	0.0118464693422630	-0.1709146862753574	-0.0002882667445069	0.0088904079134279	-0.0001578716505378	0.0004611382134838	0.0001282088056707	-0.0011445560469089	-0.0000795119855510	0.0009105550125347	0.0000457116318479	
0.5150000000000001	0.5000000000000000	-0.0215408054687380	-0.0010297846200473	0.0152313131019555	-0.1709146525800931	-0.0003707486735139	0.0088952618091410	-0.0002029667644459	0.0004589077415054	0.0001648685651108	-0.0011440689209063	-0.0001022644263633	0.0009109948249800	0.0000587989717641	
0.5183333333333333	0.5000000000000000	-0.0263279504044813	-0.0010298133642936	0.0186162606808211	-0.1709146104227435	-0.0004533207288295	0.0089013313607710	-0.0002480534929103	0.0004561174635277	0.0002015497804349	-0.0011434583490626	-0.0001250428884067	0.0009115434383852	0.0000719064532157	
0.5216666666666667	0.5000000000000000	-0.0311152752604685	-0.0010298478982628	0.0220013353102819	-0.1709145597777087	-0.0005360030774547	0.0089086180253436	-0.0002931298817647	0.0004527659173462	0.0002382571659105	-0.0011427232177872	-0.0001478531243334	0.0009122000804577	0.0000850385367867	
0.5250000000000000	0.5000000000000000	-0.0359028130726767	-0.0010298882443575	0.0253865603184798	-0.1709145006141810	-0.0006188159701157	0.0089171235536609	-0.0003381939221100	0.0004488513447727	0.0002749954033613	-0.0011418621867305	-0.0001707008687356	0.0009129638202433	0.0000981996737771	
0.5283333333333333	0.5000000000000000	-0.0406905970396398	-0.0010299344288042	0.0287719591482462	-0.1709144328960974	-0.0007017797568196	0.0089268499916025	-0.0003832435400970	0.0004443716896917	0.0003117691360680	-0.0011408736865665	-0.0001935918347209	0.0009138335658190	0.0001113943044275	
0.5316666666666667	0.5000000000000000	-0.0454786605481952	-0.0010299864816954	0.0321575553752675	-0.1709143565820829	-0.0007849149025778	0.0089377996816464	-0.0004282765865751	0.0004393245957850	0.0003485829625686	-0.0011397559163961	-0.0002165317104177	0.0009148080615896	0.0001246268560992	
0.5350000000000000	0.5000000000000000	-0.0502670371995480	-0.0010300444370380	0.0355433727264738	-0.1709142716253861	-0.0008682420033244	0.0089499752646176	-0.0004732908265848	0.0004337074039181	0.0003854414303407	-0.0011385068407630	-0.0002395261553978	0.0009158858851820	0.0001379017414031	
0.5383333333333333	0.5000000000000000	-0.0550557608356990	-0.0010301083328073	0.0389294350986847	-0.1709141779738064	-0.0009517818020560	0.0089633796816618	-0.0005182839286739	0.0004275171491859	0.0004223490293522	-0.0011371241862790	-0.0002625807970056	0.0009170654439305	0.0001512233562707	
0.5416666666666667	0.5000000000000000	-0.0598448655662812	-0.0010301782110083	0.0423157665775430	-0.1709140755696115	-0.0010355552052201	0.0089780161764517	-0.0005632534540147	0.0004207505576110	0.0004593101854598	-0.0011356054378519	-0.0002857012265825	0.0009183449709464	0.0001645960779583	
0.5450000000000000	0.5000000000000000	-0.0646343857958500	-0.0010302541177434	0.0457023914567687	-0.1709139643494478	-0.0011195832993814	0.0089938882976272	-0.0006081968452992	0.0004134040424884	0.0004963292536430	-0.0011339478345066	-0.0003088929955737	0.0009197225207641	0.0001780242629796	
0.5483333333333333	0.5000000000000000	-0.0694243562516751	-0.0010303361032860	0.0490893342577660	-0.1709138442442404	-0.0012038873681930	0.0090109999014748	-0.0006531114153899	0.0004054737003710	0.0005334105110523	-0.0011321483647936	-0.0003321616115055	0.0009211959645526	0.0001915122449565	
0.5516666666666667	0.5000000000000000	-0.0742148120120808	-0.0010304242221623	0.0524766197496185	-0.1709137151790844	-0.0012884889097032	0.0090293551548500	-0.0006979943357032	0.0003969553066880	0.0005705581498562	-0.0011302037617737	-0.0003555125338217	0.0009227629848856	0.0002050643323815	
0.5550000000000000	0.5000000000000000	-0.0790057885353852	-0.0010305185332388	0.0558642729695057	-0.1709135770731273	-0.0013734096540267	0.0090489585383485	-0.0007428426243008	0.0003878443109872	0.0006077762698688	-0.0011281104975715	-0.0003789511695645	0.0009244210700562	0.0002186848062845	
0.5583333333333333	0.5000000000000000	-0.0837973216894864	-0.0010306190998176	0.0592523192435763	-0.1709134298394413	-0.0014586715814115	0.0090698148497301	-0.0007876531336649	0.0003781358317940	0.0006450688709379	-0.0011258647774841	-0.0004024828688891	0.0009261675079271	0.0002323779177940	
0.5616666666666668	0.5000000000000000	-0.0885894477821492	-0.0010307259897393	0.0626407842083152	-0.1709132733848855	-0.0015442969407316	0.0090919292076032	-0.0008324225381318	0.0003678246510776	0.0006824398450768	-0.0011234625336360	-0.0004261129203959	0.0009279993793011	0.0002461478855860	
0.5649999999999999	0.5000000000000000	-0.0933822035920437	-0.0010308392754927	0.0660296938324419	-0.1709131076099587	-0.0016303082684406	0.0091153070553738	-0.0008771473209585	0.0003569052083123	0.0007198929683186	-0.0011208994181660	-0.0004498465462692	0.0009299135508004	0.0002599988932111	
0.5683333333333334	0.5000000000000000	-0.0981756264005911	-0.0010309590343329	0.0694190744393766	-0.1709129324086411	-0.0017167284080152	0.0091399541654679	-0.0009218237609948	0.0003453715941259	0.0007574318922728	-0.0011181707959337	-0.0004736888972067	0.0009319066672380	0.0002739350862907	
0.5716666666666668	0.5000000000000000	-0.1029697540246718	-0.0010310853484073	0.0728089527303160	-0.1709127476682260	-0.0018035805299268	0.0091658766438327	-0.0009664479189349	0.0003332175435206	0.0007950601353648	-0.0011152717367304	-0.0004976450471244	0.0009339751434669	0.0002879605695742	
0.5750000000000000	0.5000000000000000	-0.1077646248502539	-0.0010312183048897	0.0761993558079577	-0.1709125532691394	-0.0018908881521733	0.0091930809347250	-0.0010110156231182	0.0003204364286563	0.0008327810737358	-0.0011121970069801	-0.0005217199876243	0.0009361151556891	0.0003020794038464	
0.5783333333333334	0.5000000000000000	-0.1125602778670026	-0.0010313579961232	0.0795903112009160	-0.1709123490847489	-0.0019786751614100	0.0092215738257958	-0.0010555224548523	0.0003070212511818	0.0008705979317803	-0.0011089410609128	-0.0005459186222066	0.0009383226322067	0.0003162956026760	
0.5816666666666668	0.5000000000000000	-0.1173567527039299	-0.0010315045197712	0.0829818468888724	-0.1709121349811615	-0.0020669658347145	0.0092513624534784	-0.0010999637332263	0.0002929646340993	0.0009085137723006	-0.0011054980311942	-0.0005702457602112	0.0009405932435966	0.0003306131289952	
0.5850000000000000	0.5000000000000000	-0.1221540896661499	-0.0010316579789789	0.0863739913285052	-0.1709119108170068	-0.0021557848620265	0.0092824543086891	-0.0011443344993838	0.0002782588131492	0.0009465314862514	-0.0011018617189925	-0.0005947061104730	0.0009429223922874	0.0003450358914995	
0.5883333333333334	0.5000000000000000	-0.1269523297728053	-0.0010318184825426	0.0897667734802456	-0.1709116764432105	-0.0022451573693019	0.0093148572428528	-0.0011886295002240	0.0002628956276958	0.0009846537820534	-0.0010980255834625	-0.0006193042746707	0.0009453052015172	0.0003595677408565	
0.5916666666666668	0.5000000000000000	-0.1317515147962321	-0.0010319861450900	0.0931602228359066	-0.1709114317027532	-0.0023351089424221	0.0093485794742605	-0.0012328431714954	0.0002468665111015	0.0010228831744472	-0.0010939827306270	-0.0006440447403544	0.0009477365036497	0.0003742124657134	
0.5950000000000000	0.5000000000000000	-0.1365516873024348	-0.0010321610872701	0.0965543694472370	-0.1709111764304152	-0.0024256656519027	0.0093836295947716	-0.0012769696202501	0.0002301624805673	0.0010612219728633	-0.0010897259016327	-0.0006689318736307	0.0009502108278249	0.0003889737884907	
0.5983333333333334	0.5000000000000000	-0.1413528906929436	-0.0010323434359536	0.0999492439554495	-0.1709109104525084	-0.0025168540784459	0.0094200165768729	-0.0013210026066201	0.0002127741264239	0.0010996722692801	-0.0010852474603582	-0.0006939699114874	0.0009527223869169	0.0004038553609494	
0.6016666666666668	0.5000000000000000	-0.1461551692481312	-0.0010325333244442	0.1033448776217788	-0.1709106335865938	-0.0026087013393820	0.0094577497811047	-0.0013649355248798	0.0001946916008512	0.0011382359255407	-0.0010805393803487	-0.0007191629537365	0.0009552650637740	0.0004188607595205	
0.6050000000000000	0.5000000000000000	-0.1509585681720667	-0.0010327308927019	0.1067413023591236	-0.1709103456411815	-0.0027012351160502	0.0094968389638691	-0.0014087613837554	0.0001759046060078	0.0011769145601002	-0.0010755932310528	-0.0007445149545557	0.0009578323967114	0.0004339934803823	
0.6083333333333334	0.5000000000000000	-0.1557631336389905	-0.0010329362875766	0.1101385507648317	-0.1709100464154186	-0.0027944836821661	0.0095372942856323	-0.0014524727859401	0.0001564023815454	0.0012157095341715	-0.0010704001633323	-0.0007700297136051	0.0009604175642265	0.0004492569342720	
0.6116666666666667	0.5000000000000000	-0.1605689128414934	-0.0010331496630557	0.1135366561546877	-0.1709097356987572	-0.0028884759332309	0.0095791263195358	-0.0014960619067744	0.0001361736914866	0.0012546219372379	-0.0010649508942185	-0.0007957108666977	0.0009630133689057	0.0004646544410176	
0.6150000000000000	0.5000000000000000	-0.1653759540404891	-0.0010333711805227	0.1169356525981651	-0.1709094132706082	-0.0029832414170337	0.0096223460604328	-0.0015395204720463	0.0001152068104420	0.0012936525718997	-0.0010592356908831	-0.0008215618759991	0.0009656122204887	0.0004801892237753	
0.6183333333333334	0.5000000000000000	-0.1701843066170743	-0.0010336010090306	0.1203355749550107	-0.1709090788999748	-0.0030788103653046	0.0096669649343623	-0.0015828397348671	0.0000934895091392	0.0013328019380190	-0.0010532443537929	-0.0008475860197320	0.0009682061180559	0.0004958644029557	
0.6216666666666667	0.5000000000000000	-0.1749940211263705	-0.0010338393255883	0.1237364589132248	-0.1709087323450701	-0.0031752137265774	0.0097129948084822	-0.0016260104515741	0.0000710090392374	0.0013720702161271	-0.0010469661990138	-0.0008737863813594	0.0009707866313017	0.0005116829898247	
0.6250000000000000	0.5000000000000000	-0.1798051493534467	-0.0010340863154607	0.1271383410285116	-0.1709083733529138	-0.0032724832003221	0.0097604480014745	-0.0016690228566124	0.0000477521173994	0.0014114572500568	-0.0010403900396310	-0.0009001658382205	0.0009733448808548	0.0005276478797597	
0.6283333333333334	0.5000000000000000	-0.1846177443714309	-0.0010343421724857	0.1305412587652717	-0.1709080016589087	-0.0033706512724113	0.0098093372944435	-0.0017118666363425	0.0000237049085914	0.0014509625287599	-0.0010335041662460	-0.0009267270495902	0.0009758715176054	0.0005437618451454	
0.6316666666666667	0.5000000000000000	-0.1894318606019154	-0.0010346070994047	0.1339452505392129	-0.1709076169863983	-0.0034697512519864	0.0098596759423257	-0.0017545309017215	-0.0000011469914235	0.0014905851672685	-0.0010262963265137	-0.0009534724441338	0.0009783567009960	0.0005600275278895	
0.6350000000000000	0.5000000000000000	-0.1942475538777708	-0.0010348813082101	0.1373503557616603	-0.1709072190462005	-0.0035698173097939	0.0099114776858316	-0.0017970041598008	-0.0000268185744266	0.0015303238867585	-0.0010187537036775	-0.0009804042067255	0.0009807900762309	0.0005764474315407	
0.6383333333333334	0.5000000000000000	-0.1990648815084866	-0.0010351650205110	0.1407566148856481	-0.1709068075361197	-0.0036708845180615	0.0099647567639399	-0.0018392742839828	-0.0000533254389587	0.0015701769936689	-0.0010108628940613	-0.0010075242646004	0.0009831607503577	0.0005930239129859	
0.6416666666666667	0.5000000000000000	-0.2038839023481621	-0.0010354584679142	0.1441640694538808	-0.1709063821404350	-0.0037729888919919	0.0100195279269675	-0.0018813284829747	-0.0000806838104422	0.0016101423578315	-0.0010026098834720	-0.0010348342728045	0.0009854572671716	0.0006097591737097	
0.6450000000000000	0.5000000000000000	-0.2087046768662751	-0.0010357618924256	0.1475727621486534	-0.1709059425293643	-0.0038761674329505	0.0100758064502386	-0.0019231532683766	-0.0001089105622508	0.0016502173895616	-0.0009939800224662	-0.0010623355989101	0.0009876675808894	0.0006266552505905	
0.6483333333333334	0.5000000000000000	-0.2135272672213622	-0.0010360755468700	0.1509827368438262	-0.1709054883585017	-0.0039804581734295	0.0101336081483757	-0.0019647344208375	-0.0001380232377637	0.0016903990156591	-0.0009849580004322	-0.0010900293069589	0.0009897790285402	0.0006437140062127	
0.6516666666666666	0.5000000000000000	-0.2183517373377540	-0.0010363996953312	0.1543940386589529	-0.1709050192682285	-0.0040859002238753	0.0101929493902403	-0.0020060569547086	-0.0001680400734497	0.0017306836542664	-0.0009755278184356	-0.0011179161405957	0.0009917783010152	0.0006609371186703	
0.6550000000000000	0.5000000000000000	-0.2231781529855060	-0.0010367346136126	0.1578067140156637	-0.1709045348830967	-0.0041925338214648	0.0102538471145487	-0.0020471050811234	-0.0001989800230223	0.0017710671885284	-0.0009656727607734	-0.0011459965053525	0.0009936514127171	0.0006783260708364	
0.6583333333333334	0.5000000000000000	-0.2280065818636821	-0.0010370805897206	0.1612208106964133	-0.1709040348111828	-0.0043004003809279	0.0103163188461923	-0.0020878621694273	-0.0002308627827131	0.0018115449389954	-0.0009553753651812	-0.0011742704500416	0.0009953836697453	0.0006958821390735	
0.6616666666666666	0.5000000000000000	-0.2328370936871487	-0.0010374379243698	0.1646363779057033	-0.1709035186434101	-0.0044095425475102	0.0103803827132900	-0.0021283107068794	-0.0002637088177114	0.0018521116347094	-0.0009446173916336	-0.0012027376472157	0.0009969596365536	0.0007136063813563	
0.6650000000000000	0.5000000000000000	-0.2376697602770451	-0.0010378069315131	0.1680534663339000	-0.1709029859528411	-0.0045200042521785	0.0104460574650059	-0.0021684322565417	-0.0002975393898204	0.0018927613829098	-0.0009333797896749	-0.0012313973726472	0.0009983631010090	0.0007314996247794	
0.6683333333333334	0.5000000000000000	-0.2425046556551043	-0.0010381879388956	0.1714721282237662	-0.1709024362939352	-0.0046318307691756	0.0105133624901630	-0.0022082074132723	-0.0003323765863829	0.0019334876372919	-0.0009216426642155	-0.0012602484837824	0.0009995770377811	0.0007495624524187	
0.6716666666666666	0.5000000000000000	-0.2473418561420069	-0.0010385812886358	0.1748924174398380	-0.1709018692017717	-0.0047450687760345	0.0105823178366872	-0.0022476157577294	-0.0003682433505326	0.0019742831647506	-0.0009093852397256	-0.0012892893971184	0.0010005835699865	0.0007677951895169	
0.6750000000000000	0.5000000000000000	-0.2521814404599563	-0.0010389873378330	0.1783143895407800	-0.1709012841912365	-0.0048597664161677	0.0106529442319174	-0.0022866358082955	-0.0004051635128268	0.0020151400105343	-0.0008965858227549	-0.0013185180644534	0.0010013639290083	0.0007861978889587	
0.6783333333333335	0.5000000000000000	-0.2570234898396749	-0.0010394064592030	0.1817381018548567	-0.1709006807561718	-0.0049759733641534	0.0107252631038189	-0.0023252449708197	-0.0004431618243247	0.0020560494617366	-0.0008832217627022	-0.0013479319479544	0.0010018984124087	0.0008047703160031	
0.6816666666666666	0.5000000000000000	-0.2618680881320259	-0.0010398390417452	0.1851636135586690	-0.1709000583684839	-0.0050937408938431	0.0107992966031380	-0.0023634194860780	-0.0004822639911712	0.0020970020090431	-0.0008692694107580	-0.0013775279939871	0.0010021663398473	0.0008235119322360	
0.6850000000000001	0.5000000000000000	-0.2667153219244820	-0.0010402854914385	0.1885909857593069	-0.1708994164772120	-0.0052131219494251	0.0108750676265403	-0.0024011343748429	-0.0005224967107557	0.0021379873066542	-0.0008547040769363	-0.0014073026056477	0.0010021460069151	0.0008424218787061	
0.6883333333333334	0.5000000000000000	-0.2715652806626612	-0.0010407462319705	0.1920202815800780	-0.1708987545075524	-0.0053341712195805	0.0109525998407732	-0.0024383633804502	-0.0005638877095140	0.0021789941302941	-0.0008394999851109	-0.0014372516139360	0.0010018146367876	0.0008614989582048	
0.6916666666666667	0.5000000000000000	-0.2764180567771717	-0.0010412217055020	0.1954515662499789	-0.1708980718598366	-0.0054569452148751	0.0110319177078991	-0.0024750789087448	-0.0006064657824461	0.0022200103332182	-0.0008236302259655	-0.0014673702475042	0.0010011483295995	0.0008807416166500	
0.6950000000000001	0.5000000000000000	-0.2812737458160095	-0.0010417123734643	0.1988849071970852	-0.1708973679084641	-0.0055815023485405	0.0111130465116447	-0.0025112519652840	-0.0006502608344280	0.0022610228001228	-0.0008070667077627	-0.0014976531009139	0.0010001220094342	0.0009001479235294	
0.6983333333333334	0.5000000000000000	-0.2861324465827690	-0.0010422187173959	0.2023203741460393	-0.1708966420007837	-0.0057079030208001	0.0111960123849157	-0.0025468520896685	-0.0006953039233950	0.0023020173988586	-0.0007897801048350	-0.0015280941013311	0.0009987093688217	0.0009197155513599	
0.7016666666666667	0.5000000000000000	-0.2909942612809364	-0.0010427412398165	0.2057580392198303	-0.1708958934559245	-0.0058362097069050	0.0112808423385286	-0.0025818472868675	-0.0007416273054823	0.0023429789298445	-0.0007717398036916	-0.0015586864735839	0.0009968828106280	0.0009394417541165	
0.7050000000000000	0.5000000000000000	-0.2958592956645483	-0.0010432804651423	0.2091979770460617	-0.1708951215635713	-0.0059664870490530	0.0113675642912116	-0.0026162039553970	-0.0007892644822090	0.0023838910730736	-0.0007529138466361	-0.0015894227035072	0.0009946133872180	0.0009593233445796	
0.7083333333333334	0.5000000000000000	-0.3007276591955116	-0.0010438369406432	0.2126402648679193	-0.1708943255826851	-0.0060988019523708	0.0114562071009325	-0.0026498868122048	-0.0008382502497980	0.0024247363325980	-0.0007332688727794	-0.0016202944994913	0.0009918707367668	0.0009793566705519	
0.7116666666666667	0.5000000000000000	-0.3055994652078921	-0.0010444112374442	0.2160849826600530	-0.1708935047401635	-0.0062332236851466	0.0115468005976107	-0.0026828588141080	-0.0008886207507271	0.0024654959783746	-0.0007127700563296	-0.0016512927521517	0.0009886230165863	0.0009995375898900	
0.7150000000000001	0.5000000000000000	-0.3104748310794969	-0.0010450039515736	0.2195322132496033	-0.1708926582294390	-0.0063698239835120	0.0116393756172749	-0.0027150810756233	-0.0009404135276123	0.0025061499853465	-0.0006913810420369	-0.0016824074920298	0.0009848368333329	0.0010198614442943	
0.7183333333333334	0.5000000000000000	-0.3153538784110875	-0.0010456157050591	0.2229820424426100	-0.1708917852090133	-0.0065086771607773	0.0117339640377317	-0.0027465127830205	-0.0009936675795271	0.0025466769696330	-0.0006690638776608	-0.0017136278452322	0.0009804771699506	0.0010403230317996	
0.7216666666666667	0.5000000000000000	-0.3202367332135747	-0.0010462471470747	0.2264345591560507	-0.1708908848009240	-0.0066498602216372	0.0118305988158103	-0.0027771111044247	-0.0010484234208698	0.0025870541216896	-0.0006457789433261	-0.0017449419869127	0.0009755073091991	0.0010609165779033	
0.7250000000000001	0.5000000000000000	-0.3251235261035694	-0.0010468989551407	0.2298898555557727	-0.1708899560891395	-0.0067934529814715	0.0119293140262554	-0.0028068310957834	-0.0011047231428906	0.0026272571362992	-0.0006214848776241	-0.0017763370924926	0.0009698887536112	0.0010816357052687	
0.7283333333333334	0.5000000000000000	-0.3300143925076707	-0.0010475718363785	0.2333480272005878	-0.1708889981178815	-0.0069395381909768	0.0120301449023404	-0.0028356256025049	-0.0011626104780031	0.0026672601392440	-0.0005961385003110	-0.0018077992865165	0.0009635811417140	0.0011024734019349	
0.7316666666666667	0.5000000000000000	-0.3349094728758997	-0.0010482665288241	0.2368091731928166	-0.1708880098898694	-0.0070882016663746	0.0121331278782789	-0.0028634451565685	-0.0012221308670011	0.0027070356105037	-0.0005696947314478	-0.0018393135890294	0.0009565421603407	0.0011234219879627	
0.7350000000000001	0.5000000000000000	-0.3398089129046969	-0.0010489838028013	0.2402733963355804	-0.1708869903644834	-0.0072395324254553	0.0122383006335137	-0.0028902378688947	-0.0012833315293167	0.0027465543038185	-0.0005421065068182	-0.0018708638593608	0.0009487274528547	0.0011444730804442	
0.7383333333333334	0.5000000000000000	-0.3447128637699308	-0.0010497244623589	0.2437408032971515	-0.1708859384558438	-0.0073936228297264	0.0123457021389679	-0.0029159493167562	-0.0013462615364553	0.0027857851624449	-0.0005133246894550	-0.0019024327371928	0.0009400905230960	0.0011656175567976	
0.7416666666666667	0.5000000000000000	-0.3496214823703742	-0.0010504893467735	0.2472115047826889	-0.1708848530308015	-0.0075505687329472	0.0124553727053473	-0.0029405224259993	-0.0014109718887515	0.0028246952309297	-0.0004832979770958	-0.0019340015807858	0.0009305826348522	0.0011868455162668	
0.7450000000000000	0.5000000000000000	-0.3545349315821366	-0.0010512793321224	0.2506856157136996	-0.1708837329068357	-0.0077104696363450	0.0125673540335835	-0.0029638973478346	-0.0014775155955986	0.0028632495627133	-0.0004519728053818	-0.0019655504022273	0.0009201527066493	0.0012081462395421	
0.7483333333333333	0.5000000000000000	-0.3594533805245546	-0.0010520953329277	0.2541632554155832	-0.1708825768498558	-0.0078734288508208	0.0126816892675175	-0.0029860113299452	-0.0015459477593072	0.0029014111233698	-0.0004192932466043	-0.0019970577995661	0.0009087472016434	0.0012295081464129	
0.7516666666666667	0.5000000000000000	-0.3643770048380732	-0.0010529383038777	0.2576445478136320	-0.1708813835719006	-0.0080395536664686	0.0127984230489205	-0.0030067985816494	-0.0016163256627599	0.0029391406892796	-0.0003852009037947	-0.0020285008856840	0.0008963100123904	0.0012509187513602	
0.7550000000000001	0.5000000000000000	-0.3693059869746665	-0.0010538092416260	0.2611296216378773	-0.1708801517287334	-0.0082089555297434	0.0129176015749615	-0.0030261901328409	-0.0016887088610342	0.0029763967415222	-0.0003496347999441	-0.0020598552137538	0.0008827823402536	0.0012723646169920	
0.7583333333333333	0.5000000000000000	-0.3742405165013812	-0.0010547091866748	0.2646186106371897	-0.1708788799173247	-0.0083817502286334	0.0130392726582287	-0.0030441136864200	-0.0017631592771734	0.0030131353547654	-0.0003125312621291	-0.0020910946991234	0.0008681025692043	0.0012938313052211	
0.7616666666666667	0.5000000000000000	-0.3791807904176065	-0.0010556392253439	0.2681116538030620	-0.1708775666732200	-0.0085580580862041	0.0131634857894219	-0.0030604934639120	-0.0018397413022969	0.0030493100809198	-0.0002738238003088	-0.0021221915374584	0.0008522061337545	0.0013153033260778	
0.7650000000000001	0.5000000000000000	-0.3841270134867015	-0.0010566004918311	0.2716088956035183	-0.1708762104677868	-0.0087380041629007	0.0132902922028360	-0.0030752500439591	-0.0019185219002456	0.0030848718273124	-0.0002334429805492	-0.0021531161189692	0.0008350253807508	0.0013367640840489	
0.7683333333333333	0.5000000000000000	-0.3890793985826472	-0.0010575941703670	0.2751104862276197	-0.1708748097053337	-0.0089217184680139	0.0134197449447613	-0.0030883001933541	-0.0019995707169701	0.0031197687291263	-0.0001913162924187	-0.0021838369385385	0.0008164894247471	0.0013581958218243	
0.7716666666666667	0.5000000000000000	-0.3940381670524125	-0.0010586214974697	0.2786165818410543	-0.1708733627200980	-0.0091093361807303	0.0135518989449343	-0.0030995566902715	-0.0020829601948789	0.0031539460158388	-0.0001473680102858	-0.0022143205015589	0.0007965239966571	0.0013795795613329	
0.7750000000000001	0.5000000000000000	-0.3990035490947587	-0.0010596837643021	0.2821273448533207	-0.1708718677730947	-0.0093009978812109	0.0136868110911753	-0.0031089281393343	-0.0021687656923726	0.0031873458713780	-0.0001015190482390	-0.0022445312252787	0.0007750512853769	0.0014008950419374	
0.7783333333333333	0.5000000000000000	-0.4039757841562450	-0.0010607823191394	0.2856429441970439	-0.1708703230488191	-0.0094968497921594	0.0138245403073582	-0.0031163187781377	-0.0022570656088005	0.0032199072877075	-0.0000536868083354	-0.0022744313354487	0.0007519897720538	0.0014221206556586	
0.7816666666666667	0.5000000000000000	-0.4089551213452239	-0.0010619185699485	0.2891635556199801	-0.1708687266517994	-0.0096970440313642	0.0139651476348643	-0.0031216282748356	-0.0023479415150895	0.0032515659115319	-0.0000037850218716	-0.0023039807580468	0.0007272540566585	0.0014432333792868	
0.7850000000000000	0.5000000000000000	-0.4139418198646575	-0.0010630939870874	0.2926893619902952	-0.1708670766029900	-0.0099017388757206	0.0141086963176772	-0.0031247515163751	-0.0024414782903027	0.0032822538838037	0.0000482764166465	-0.0023331370058556	0.0007007546765072	0.0014642087032375	
0.7883333333333333	0.5000000000000000	-0.4189361494646252	-0.0010643101061290	0.2962205536157331	-0.1708653708359980	-0.0101110990372625	0.0142552518912843	-0.0031255783869465	-0.0025377642644002	0.0033118996716980	0.0001025916231679	-0.0023618550596480	0.0006723979163608	0.0014850205569973	
0.7916666666666667	0.5000000000000000	-0.4239383909154270	-0.0010655685308139	0.2997573285773095	-0.1708636071931370	-0.0103252959517572	0.0144048822755595	-0.0031239935361950	-0.0026368913674857	0.0033404278927037	0.0001592589057494	-0.0023900872437335	0.0006420856097101	0.0015056412310013	
0.7950000000000000	0.5000000000000000	-0.4289488365022361	-0.0010668709361399	0.3032998930782049	-0.1708617834212989	-0.0105445080804437	0.0145576578718060	-0.0031198761367226	-0.0027389552858371	0.0033677591304650	0.0002183809545631	-0.0024177830955996	0.0006097149308410	0.0015260412947758	
0.7983333333333333	0.5000000000000000	-0.4339677905422917	-0.0010682190715941	0.3068484618085563	-0.1708598971676361	-0.0107689212255192	0.0147136516641511	-0.0031130996303811	-0.0028440556250297	0.0033938097419912	0.0002800650406452	-0.0024448892293744	0.0005751781772527	0.0015461895111703	
0.8016666666666666	0.5000000000000000	-0.4389955699256744	-0.0010696147645331	0.3104032583268806	-0.1708579459750437	-0.0109987288600095	0.0148729393254881	-0.0031035314628410	-0.0029522960804793	0.0034184916558322	0.0003444232237864	-0.0024713491928215	0.0005383625419822	0.0015660527464981	
0.8050000000000000	0.5000000000000000	-0.4440325046807492	-0.0010710599237198	0.3139645154588975	-0.1708559272774349	-0.0112341324726858	0.0150355993281755	-0.0030910328058909	-0.0030637846157440	0.0034417121608013	0.0004115725699882	-0.0024971033175675	0.0004991498753686	0.0015855958763927	
0.8083333333333333	0.5000000000000000	-0.4490789385654165	-0.0010725565430218	0.3175324757145549	-0.1708538383947987	-0.0114753419287216	0.0152017130597096	-0.0030754582669020	-0.0031786336489422	0.0034633736848055	0.0004816353789237	-0.0025220885622450	0.0004574164357684	0.0016047816871815	
0.8116666666666668	0.5000000000000000	-0.4541352296853594	-0.0010741067052824	0.3211073917240946	-0.1708516765280287	-0.0117225758468170	0.0153713649435953	-0.0030566555848621	-0.0032969602476565	0.0034833735633253	0.0005547394218657	-0.0025462383482226	0.0004130326287108	0.0016235707725665	
0.8150000000000001	0.5000000000000000	-0.4592017511405345	-0.0010757125863674	0.3246895266940398	-0.1708494387535161	-0.0119760619935493	0.0155446425656562	-0.0030344653123585	-0.0034188863327159	0.0035016037970616	0.0006310181905630	-0.0025694823875760	0.0003658627339583	0.0016419214253936	
0.8183333333333334	0.5000000000000000	-0.4642788917012073	-0.0010773764594002	0.3282791548840188	-0.1708471220174917	-0.0122360376957437	0.0157216368060287	-0.0030087204828601	-0.0035445388912620	0.0035179507982489	0.0007106111575723	-0.0025917465029398	0.0003157646199123	0.0016597895242818	
0.8216666666666668	0.5000000000000000	-0.4693670565148967	-0.0010791006991916	0.3318765621053912	-0.1708447231301075	-0.0125027502716970	0.0159024419771013	-0.0029792462626178	-0.0036740501995261	0.0035322951251067	0.0007936640485707	-0.0026129524388610	0.0002625894447791	0.0016771284148718	
0.8250000000000001	0.5000000000000000	-0.4744666678456535	-0.0010808877868734	0.3354820462426791	-0.1708422387592465	-0.0127764574821230	0.0160871559676726	-0.0029458595864719	-0.0038075580557630	0.0035445112038812	0.0008803291272050	-0.0026330176642604	0.0002061813438836	0.0016938887854434	
0.8283333333333334	0.5000000000000000	-0.4795781658471654	-0.0010827403147458	0.3390959177988555	-0.1708396654240475	-0.0130574280017297	0.0162758803936082	-0.0029083687768227	-0.0039452060238093	0.0035544670378985	0.0009707654930534	-0.0026518551655861	0.0001463771024886	0.0017100185366404	
0.8316666666666668	0.5000000000000000	-0.4847020093712472	-0.0010846609913484	0.3427185004655920	-0.1708369994881296	-0.0133459419123798	0.0164687207552978	-0.0028665731449844	-0.0040871436877518	0.0035620239030295	0.0010651393933052	-0.0026693732302290	0.0000830058134513	0.0017254626450261	
0.8350000000000000	0.5000000000000000	-0.4898386768133534	-0.0010866526467647	0.3463501317196173	-0.1708342371525070	-0.0136422912188316	0.0166657866022214	-0.0028202625741082	-0.0042335269182198	0.0035670360289338	0.0011636245487928	-0.0026854752197440	0.0000158885190126	0.0017401630201847	
0.8383333333333334	0.5000000000000000	-0.4949886669968156	-0.0010887182381715	0.3499911634463905	-0.1708313744481754	-0.0139467803881004	0.0168671917049503	-0.0027692170828219	-0.0043845181508336	0.0035693502654250	0.0012664024950363	-0.0027000593324063	-0.0000551621640119	0.0017540583550660	
0.8416666666666667	0.5000000000000000	-0.5001525000975963	-0.0010908608556438	0.3536419625923491	-0.1708284072283582	-0.0142597269135317	0.0170730542349243	-0.0027132063686936	-0.0045402866773685	0.0035688057332652	0.0013736629389945	-0.0027130183546045	-0.0001303424364097	0.0017670839692593	
0.8450000000000000	0.5000000000000000	-0.5053307186114254	-0.0010930837282274	0.3573029118470519	-0.1708253311603935	-0.0145814619047258	0.0172834969523597	-0.0026519893305871	-0.0047010089502197	0.0035652334586690	0.0014856041322470	-0.0027242394005529	-0.0002098577269202	0.0017791716448682	
0.8483333333333334	0.5000000000000000	-0.5105238883652791	-0.0010953902302915	0.3609744103565954	-0.1708221417172497	-0.0149123307045069	0.0174986474026625	-0.0025853135689319	-0.0048668689007800	0.0035584559907586	0.0016024332613666	-0.0027336036397794	-0.0002939231215963	0.0017902494546400	
0.8516666666666668	0.5000000000000000	-0.5157325995752430	-0.0010977838881750	0.3646568744697473	-0.1708188341686470	-0.0152526935341853	0.0177186381217349	-0.0025129148628867	-0.0050380582723689	0.0035482870011823	0.0017243668562733	-0.0027409860118215	-0.0003827638130570	0.0018002415819916	
0.8550000000000000	0.5000000000000000	-0.5209574679529028	-0.0011002683871383	0.3683507385183055	-0.1708154035717721	-0.0156029261684172	0.0179436068505840	-0.0024345166233281	-0.0052147769683852	0.0035345308650674	0.0018516312174024	-0.0027462549275363	-0.0004766155705527	0.0018090681325528	
0.8583333333333334	0.5000000000000000	-0.5261991358625031	-0.0011028475786361	0.3720564556332657	-0.1708118447615632	-0.0159634206410297	0.0181736967596585	-0.0023498293205450	-0.0053972334163809	0.0035169822224437	0.0019844628625538	-0.0027492719564011	-0.0005757252318061	0.0018166449368332	
0.8616666666666668	0.5000000000000000	-0.5314582735312152	-0.0011055254879254	0.3757744985984460	-0.1708081523405481	-0.0163345859832389	0.0184090566833608	-0.0022585498854707	-0.0055856449487926	0.0034954255192300	0.0021231089943318	-0.0027498914991555	-0.0006803512176350	0.0018228833436000	
0.8650000000000000	0.5000000000000000	-0.5367355803149670	-0.0011083063220259	0.3795053607433018	-0.1708043206682126	-0.0167168489957573	0.0186498413651993	-0.0021603610832270	-0.0057802382010935	0.0034696345268391	0.0022678279891250	-0.0027479604451042	-0.0007907640704129	0.0018276900035343	
0.8683333333333334	0.5000000000000000	-0.5420317860223990	-0.0011111944780455	0.3832495568767361	-0.1708003438498797	-0.0171106550563535	0.0188962117140721	-0.0020549308577013	-0.0059812495281713	0.0034393718394075	0.0024188899086229	-0.0027433178133661	-0.0009072470174683	0.0018309666427141	
0.8716666666666668	0.5000000000000000	-0.5473476522996292	-0.0011141945518910	0.3870076242638000	-0.1707962157250751	-0.0175164689645025	0.0191483350721905	-0.0019419116458162	-0.0061889254397703	0.0034043883476148	0.0025765770349073	-0.0027357943773271	-0.0010300965605783	0.0018326098254506	
0.8750000000000000	0.5000000000000000	-0.5526839740786369	-0.0011173113473815	0.3907801236472639	-0.1707919298553563	-0.0179347758248373	0.0194063854951781	-0.0018209396600890	-0.0064035230558744	0.0033644226880063	0.0027411844302097	-0.0027252122715145	-0.0011596230927629	0.0018325107059831	
0.8783333333333334	0.5000000000000000	-0.5580415810921973	-0.0011205498857806	0.3945676403161277	-0.1707874795115802	-0.0183660819711939	0.0196705440449048	-0.0016916341380175	-0.0066253105829522	0.0033192006666848	0.0029130205224716	-0.0027113845800782	-0.0012961515436437	0.0018305547685152	
0.8816666666666667	0.5000000000000000	-0.5634213394584441	-0.0011239154157700	0.3983707852232410	-0.1707828576605838	-0.0188109159331231	0.0199409990956404	-0.0015535965567539	-0.0068545678120232	0.0032684346561827	0.0030924077179012	-0.0026941149060245	-0.0014400220546877	0.0018266215550495	
0.8850000000000000	0.5000000000000000	-0.5688241533382741	-0.0011274134238820	0.4021901961542979	-0.1707780569512497	-0.0192698294468314	0.0202179466541392	-0.0014064098114645	-0.0070915866395513	0.0032118229642723	0.0032796830417717	-0.0026731969203090	-0.0015915906857197	0.0018205843804540	
0.8883333333333334	0.5000000000000000	-0.5742509666689526	-0.0011310496454155	0.4060265389505799	-0.1707730696999288	-0.0197433985125995	0.0205015906942973	-0.0012496373556950	-0.0073366716122175	0.0031490491734143	0.0034751988087670	-0.0026484138898541	-0.0017512301541494	0.0018123100341679	
0.8916666666666667	0.5000000000000000	-0.5797027649774460	-0.0011348300758532	0.4098805087879283	-0.1707678878751909	-0.0202322245008281	0.0207921435070517	-0.0010828223019826	-0.0075901404966729	0.0030797814494833	0.0036793233242389	-0.0026195381835133	-0.0019193306084282	0.0018016584679250	
0.8950000000000000	0.5000000000000000	-0.5851805772771556	-0.0011387609828078	0.4137528315145416	-0.1707625030818715	-0.0207369353089526	0.0210898260662216	-0.0009054864808795	-0.0078523248754224	0.0030036718183469	0.0038924416178038	-0.0025863307549586	-0.0020963004373170	0.0017884824688458	
0.8983333333333333	0.5000000000000000	-0.5906854780519080	-0.0011428489185192	0.4176442650503166	-0.1707569065443813	-0.0212581865715792	0.0213948684110246	-0.0007171294564608	-0.0081235707700435	0.0029203554088107	0.0041149562107719	-0.0025485406014205	-0.0022825671166232	0.0017726273172185	
0.9016666666666667	0.5000000000000000	-0.5962185893312307	-0.0011471007329283	0.4215556008505730	-0.1707510890892470	-0.0217966629262971	0.0217075100460376	-0.0005172274963076	-0.0084042392930023	0.0028294496603689	0.0043472879189744	-0.0025059041971604	-0.0024785780951413	0.0017539304282581	
0.9050000000000000	0.5000000000000000	-0.6017810828611280	-0.0011515235873544	0.4254876654371350	-0.1707450411268450	-0.0223530793377400	0.0220280003594012	-0.0003052324938582	-0.0086947073293832	0.0027305534941310	0.0045898766926207	-0.0024581449005030	-0.0026848017216085	0.0017322209770995	
0.9083333333333334	0.5000000000000000	-0.6073741823747683	-0.0011561249688041	0.4294413219998828	-0.1707387526322932	-0.0229281824825864	0.0223565990601085	-0.0000805708409235	-0.0089953682499124	0.0026232464452202	0.0048431824948984	-0.0024049723332034	-0.0029017282145754	0.0017073195062467	
0.9116666666666667	0.5000000000000000	-0.6129991659676983	-0.0011609127049411	0.4334174720720266	-0.1707322131254591	-0.0235227521983134	0.0226935766352583	0.0001573577519352	-0.0093066326567187	0.0025070877548564	0.0051076862211063	-0.0023460817308638	-0.0031298706771749	0.0016790375146618	
0.9150000000000000	0.5000000000000000	-0.6186573685824083	-0.0011658949797473	0.4374170572825082	-0.1707254116500472	-0.0241376029986471	0.0230392148281876	0.0004091814895796	-0.0096289291633411	0.0023816154202585	0.0053838906601913	-0.0022811532630593	-0.0033697661588688	0.0016471770276446	
0.9183333333333334	0.5000000000000000	-0.6243501846073027	-0.0011710803499067	0.4414410611890929	-0.1707183367517181	-0.0247735856587926	0.0233938071384484	0.0006755577835416	-0.0099627052105623	0.0022463452004116	0.0056723215006495	-0.0022098513217662	-0.0036219767663425	0.0016115301466087	
0.9216666666666666	0.5000000000000000	-0.6300790705953602	-0.0011764777619457	0.4454905111958799	-0.1707109764552006	-0.0254315888736645	0.0237576593446326	0.0009571746029825	-0.0103084279197216	0.0021007695756555	0.0059735283828430	-0.0021318237766255	-0.0038870908258251	0.0015718785778215	
0.9250000000000000	0.5000000000000000	-0.6358455481080100	-0.0011820965701657	0.4495664805591293	-0.1707033182403445	-0.0261125409924915	0.0241310900510966	0.0012547518881274	-0.0106665849852363	0.0019443566589550	0.0062880859998733	-0.0020467011955003	-0.0041657240992106	0.0015279931391336	
0.9283333333333335	0.5000000000000000	-0.6416512066900086	-0.0011879465554030	0.4536700904854849	-0.1706953490170692	-0.0268174118333218	0.0245144312596879	0.0015690430290630	-0.0110376856081387	0.0017765490566150	0.0066165952492587	-0.0019540960287221	-0.0044585210564721	0.0014796332436739	
0.9316666666666666	0.5000000000000000	-0.6474977069813723	-0.0011940379446564	0.4578025123268628	-0.1706870550991544	-0.0275472145811211	0.0249080289676231	0.0019008364129218	-0.0114222614725234	0.0015967626760998	0.0069596844377614	-0.0018536017553387	-0.0047661562069703	0.0014265463594437	
0.9350000000000001	0.5000000000000000	-0.6533867839726908	-0.0012003814316200	0.4619649698764697	-0.1706784221768215	-0.0283030077733246	0.0253122437927242	0.0022509570426160	-0.0118208677668838	0.0014043854785059	0.0073180105418204	-0.0017447919896061	-0.0050893354923839	0.0013684674436902	
0.9383333333333334	0.5000000000000000	-0.6593202504104503	-0.0012069881981644	0.4661587417706237	-0.1706694352880489	-0.0290858973768827	0.0257274516272720	0.0026202682304292	-0.0122340842524090	0.0011987761731271	0.0076922605261614	-0.0016272195458779	-0.0054287977441102	0.0013051183508908	
0.9416666666666667	0.5000000000000000	-0.6653000003592962	-0.0012138699368119	0.4703851640012652	-0.1706600787885607	-0.0298970389610279	0.0261540443217950	0.0030096733699289	-0.0126625163804085	0.0009792628514288	0.0080831527232693	-0.0015004154599668	-0.0057853162081196	0.0012362072131230	
0.9450000000000001	0.5000000000000000	-0.6713280129284834	-0.0012210388742477	0.4746456325442725	-0.1706503363204324	-0.0307376399701856	0.0265924304001746	0.0034201177898211	-0.0131067964611326	0.0007451415576274	0.0084914382765399	-0.0013638879649589	-0.0061597001403838	0.0011614277915401	
0.9483333333333335	0.5000000000000000	-0.6774063561701018	-0.0012285077959183	0.4789416061089309	-0.1706401907792439	-0.0316089621016538	0.0270430358075089	0.0038525906935366	-0.0135675848863601	0.0004956747929396	0.0089179026500503	-0.0012171214193713	-0.0065527964761441	0.0010804587976118	
0.9516666666666667	0.5000000000000000	-0.6835371911570143	-0.0012362900717667	0.4832746090141553	-0.1706296242797166	-0.0325123237928945	0.0275063046922445	0.0043081271885152	-0.0140455714082342	0.0002300899504294	0.0093633672080283	-0.0010595751854430	-0.0069654915764325	0.0009929631827284	
0.9550000000000001	0.5000000000000000	-0.6897227762488090	-0.0012443996831552	0.4876462341973205	-0.1706186181197631	-0.0334491028235000	0.0279827002241569	0.0047878104093334	-0.0145414764769459	-0.0000524223227592	0.0098286908672431	-0.0008906824552497	-0.0073987130554235	0.0008985873947008	
0.9583333333333335	0.5000000000000000	-0.6959654715544544	-0.0012528512510328	0.4920581463618290	-0.1706071527428771	-0.0344207390371338	0.0284727054498323	0.0052927737390198	-0.0150560526399783	-0.0003527098391459	0.0103147718256857	-0.0007098490222246	-0.0078534316923517	0.0007969605996225	
0.9616666666666667	0.5000000000000000	-0.7022677436007454	-0.0012616600654046	0.4965120852698238	-0.1705952076987834	-0.0354287371889876	0.0289768241873773	0.0058242031330940	-0.0155900860057549	-0.0006716606641513	0.0108225493710662	-0.0005164519955539	-0.0083306634319100	0.0006876938674864	
0.9650000000000001	0.5000000000000000	-0.7086321702160500	-0.0012708421161611	0.5010098691867555	-0.1705827616022736	-0.0364746699245568	0.0294955819621696	0.0063833395510844	-0.0161443977746666	-0.0010102049925084	0.0113530057728169	-0.0003098384548032	-0.0088314714772210	0.0005703793198772	
0.9683333333333334	0.5000000000000000	-0.7150614456393068	-0.0012804141253340	0.5055533984848202	-0.1705697920901373	-0.0375601808958016	0.0300295269855377	0.0069714815004926	-0.0167198458405869	-0.0013693171116975	0.0119071682614615	-0.0000893240420031	-0.0093569684796619	0.0004445892379805	
0.9716666666666667	0.5000000000000000	-0.7215583858646795	-0.0012903935808401	0.5101446594126097	-0.1705562757761054	-0.0386869880210412	0.0305792311783528	0.0075899876984063	-0.0173173264661304	-0.0017500174564341	0.0124861110993875	0.0001458085117021	-0.0099083188300273	0.0003098751290696	
0.9750000000000001	0.5000000000000000	-0.7281259342327608	-0.0013007987717866	0.5147857280386539	-0.1705421882037103	-0.0398568868952250	0.0311452912416022	0.0082402798562008	-0.0179377760350597	-0.0021533747584234	0.0130909577472477	0.0003963109278740	-0.0104867410557123	0.0001657667495455	
0.9783333333333334	0.5000000000000000	-0.7347671672797194	-0.0013116488254064	0.5194787743768935	-0.1705275037969693	-0.0410717543575293	0.0317283297761124	0.0089238455930220	-0.0185821728854032	-0.0025805082957928	0.0137228831304108	0.0006629709942402	-0.0110935103288258	0.0000117710825159	
0.9816666666666667	0.5000000000000000	-0.7414853008563076	-0.0013229637457002	0.5242260667024883	-0.1705121958087897	-0.0423335522235497	0.0323289964536890	0.0096422414840077	-0.0192515392270123	-0.0030325902468138	0.0143831160100863	0.0009466142531128	-0.0117299610903613	-0.0001526287321931	
0.9850000000000001	0.5000000000000000	-0.7482836965292066	-0.0013347644538658	0.5290299760667596	-0.1704962362669875	-0.0436443311896968	0.0329479692420442	0.0103970962494764	-0.0199469431474541	-0.0035108481527438	0.0150729414639610	0.0012481057682379	-0.0123974897957949	-0.0003279745177973	
0.9883333333333334	0.5000000000000000	-0.7551658682777526	-0.0013470728305929	0.5338929810204684	-0.1704795959178156	-0.0450062349177531	0.0335859556859956	0.0111901140916057	-0.0206695007103248	-0.0040165674948350	0.0157937034814113	0.0015683519737084	-0.0130975577877297	-0.0005148342323932	
0.9916666666666667	0.5000000000000000	-0.7621354894996972	-0.0013599117603151	0.5388176725550577	-0.1704622441668797	-0.0464215043079168	0.0342436942475311	0.0120230781854191	-0.0214203781502467	-0.0045510943907967	0.0165468076785864	0.0019083026087405	-0.0138316943014596	-0.0007138031952885	
0.9950000000000000	0.5000000000000000	-0.7691964003402877	-0.0013733051775060	0.5438067592719350	-0.1704441490173251	-0.0478924819690461	0.0349219557074561	0.0128978543312194	-0.0222007941690181	-0.0051158384162399	0.0173337241389040	0.0022689527422918	-0.0146014996096040	-0.0009255053703482	
0.9983333333333333	0.5000000000000000	-0.7763526153596040	-0.0013872781151143	0.5488630727903316	-0.1704252770051673	-0.0494216168952164	0.0356215446314660	0.0138163947759344	-0.0230120223375876	-0.0057122755568864	0.0181559903847566	0.0026513448916805	-0.0154086483122452	-0.0011505947090002	
