0.0020000000000000	0.5000000000000000	0.7602077959487336	-0.0016388420957386	-0.5374970469585065	-0.1714318818823745	0.0379303851231582	0.0387093468903023	
0.0060000000000000	0.5000000000000000	0.7534895956573361	-0.0016346543101558	-0.5327474786888929	-0.1714381251941526	0.0372491450735804	0.0380476755395700	
0.0100000000000000	0.5000000000000000	0.7467903149549825	-0.0016305417717576	-0.5280112729262553	-0.1714442563249534	0.0365795445421308	0.0373978932298986	
0.0140000000000000	0.5000000000000000	0.7401096137381328	-0.0016265031954413	-0.5232881894626251	-0.1714502771906393	0.0359213742937406	0.0367597969189849	
0.0180000000000000	0.5000000000000000	0.7334471577089160	-0.0016225373192163	-0.5185779921904556	-0.1714561896726164	0.0352744286650461	0.0361331872161357	
0.0220000000000000	0.5000000000000000	0.7268026182706685	-0.0016186429038100	-0.5138804490288431	-0.1714619956184226	0.0346385055001238	0.0355178683199627	
0.0260000000000000	0.5000000000000000	0.7201756724252556	-0.0016148187322807	-0.5091953318510068	-0.1714676968423042	0.0340134060873211	0.0349136479571992	
0.0300000000000000	0.5000000000000000	0.7135660026721419	-0.0016110636096370	-0.5045224164130045	-0.1714732951257834	0.0333989350971635	0.0343203373226191	
0.0340000000000000	0.5000000000000000	0.7069732969091795	-0.0016073763624649	-0.4998614822836618	-0.1714787922182150	0.0327949005213186	0.0337377510200391	
0.0380000000000000	0.5000000000000000	0.7003972483350839	-0.0016037558385605	-0.4952123127756919	-0.1714841898373326	0.0322011136125979	0.0331657070043875	
0.0420000000000000	0.5000000000000000	0.6938375553535641	-0.0016002009065704	-0.4905746948779860	-0.1714894896697858	0.0316173888259772	0.0326040265248180	
0.0460000000000000	0.5000000000000000	0.6872939214790817	-0.0015967104556381	-0.4859484191890519	-0.1714946933716671	0.0310435437606183	0.0320525340688551	
0.0500000000000000	0.5000000000000000	0.6807660552442056	-0.0015932833950566	-0.4813332798515811	-0.1714998025690291	0.0304793991028728	0.0315110573075498	
0.0540000000000000	0.5000000000000000	0.6742536701085349	-0.0015899186539283	-0.4767290744881229	-0.1715048188583929	0.0299247785702508	0.0309794270416309	
0.0580000000000000	0.5000000000000000	0.6677564843691617	-0.0015866151808296	-0.4721356041378459	-0.1715097438072472	0.0293795088563362	0.0304574771486344	
0.0620000000000000	0.5000000000000000	0.6612742210726457	-0.0015833719434824	-0.4675526731943681	-0.1715145789545376	0.0288434195766328	0.0299450445309935	
0.0660000000000000	0.5000000000000000	0.6548066079284717	-0.0015801879284323	-0.4629800893446328	-0.1715193258111480	0.0283163432153228	0.0294419690650745	
0.0700000000000000	0.5000000000000000	0.6483533772239655	-0.0015770621407312	-0.4584176635088168	-0.1715239858603722	0.0277981150729219	0.0289480935511417	
0.0740000000000000	0.5000000000000000	0.6419142657406401	-0.0015739936036263	-0.4538652097812462	-0.1715285605583776	0.0272885732148145	0.0284632636642363	
0.0780000000000000	0.5000000000000000	0.6354890146719449	-0.0015709813582554	-0.4493225453723054	-0.1715330513346607	0.0267875584206526	0.0279873279059529	
0.0820000000000000	0.5000000000000000	0.6290773695423958	-0.0015680244633472	-0.4447894905513195	-0.1715374595924933	0.0262949141346035	0.0275201375571002	
0.0860000000000000	0.5000000000000000	0.6226790801280565	-0.0015651219949266	-0.4402658685903926	-0.1715417867093610	0.0258104864164289	0.0270615466312294	
0.0900000000000000	0.5000000000000000	0.6162939003783494	-0.0015622730460268	-0.4357515057091845	-0.1715460340373935	0.0253341238933830	0.0266114118290163	
0.0940000000000000	0.5000000000000000	0.6099215883391708	-0.0015594767264052	-0.4312462310206079	-0.1715502029037880	0.0248656777129113	0.0261695924934844	
0.0980000000000000	0.5000000000000000	0.6035619060772851	-0.0015567321622655	-0.4267498764774304	-0.1715542946112228	0.0244050014961375	0.0257359505660520	
0.1020000000000000	0.5000000000000000	0.5972146196059764	-0.0015540384959846	-0.4222622768197634	-0.1715583104382651	0.0239519512921239	0.0253103505433924	
0.1060000000000000	0.5000000000000000	0.5908794988119332	-0.0015513948858447	-0.4177832695234222	-0.1715622516397702	0.0235063855328895	0.0248926594350923	
0.1100000000000000	0.5000000000000000	0.5845563173833431	-0.0015488005057703	-0.4133126947491412	-0.1715661194472739	0.0230681649891736	0.0244827467220948	
0.1140000000000000	0.5000000000000000	0.5782448527391751	-0.0015462545450696	-0.4088503952926271	-0.1715699150693773	0.0226371527269296	0.0240804843159158	
0.1180000000000000	0.5000000000000000	0.5719448859596288	-0.0015437562081816	-0.4043962165354368	-0.1715736396921241	0.0222132140645361	0.0236857465186187	
0.1220000000000000	0.5000000000000000	0.5656562017177262	-0.0015413047144277	-0.3999500063966622	-0.1715772944793717	0.0217962165307124	0.0232984099835371	
0.1260000000000000	0.5000000000000000	0.5593785882120278	-0.0015388992977673	-0.3955116152854087	-0.1715808805731545	0.0213860298231235	0.0229183536767314	
0.1300000000000000	0.5000000000000000	0.5531118371004484	-0.0015365392065585	-0.3910808960540511	-0.1715843990940414	0.0209825257676644	0.0225454588391687	
0.1340000000000000	0.5000000000000000	0.5468557434351562	-0.0015342237033231	-0.3866577039522539	-0.1715878511414852	0.0205855782784079	0.0221796089496130	
0.1380000000000000	0.5000000000000000	0.5406101055985300	-0.0015319520645166	-0.3822418965817393	-0.1715912377941666	0.0201950633182061	0.0218206896882155	
0.1420000000000000	0.5000000000000000	0.5343747252401592	-0.0015297235803017	-0.3778333338517920	-0.1715945601103314	0.0198108588599312	0.0214685889007917	
0.1460000000000000	0.5000000000000000	0.5281494072148636	-0.0015275375543265	-0.3734318779354828	-0.1715978191281207	0.0194328448483450	0.0211231965637760	
0.1500000000000000	0.5000000000000000	0.5219339595217147	-0.0015253933035071	-0.3690373932266020	-0.1716010158658959	0.0190609031625846	0.0207844047498418	
0.1540000000000000	0.5000000000000000	0.5157281932440404	-0.0015232901578141	-0.3646497462972850	-0.1716041513225567	0.0186949175792517	0.0204521075941768	
0.1580000000000000	0.5000000000000000	0.5095319224903917	-0.0015212274600628	-0.3602688058563190	-0.1716072264778529	0.0183347737360959	0.0201262012614023	
0.1620000000000000	0.5000000000000000	0.5033449643364574	-0.0015192045657085	-0.3558944427081179	-0.1716102422926913	0.0179803590962789	0.0198065839131274	
0.1660000000000000	0.5000000000000000	0.4971671387679029	-0.0015172208426445	-0.3515265297123512	-0.1716131997094351	0.0176315629132095	0.0194931556761267	
0.1700000000000000	0.5000000000000000	0.4909982686241212	-0.0015152756710049	-0.3471649417442158	-0.1716160996521995	0.0172882761959375	0.0191858186111321	
0.1740000000000000	0.5000000000000000	0.4848381795428732	-0.0015133684429707	-0.3428095556553373	-0.1716189430271394	0.0169503916750965	0.0188844766822290	
0.1780000000000000	0.5000000000000000	0.4786866999058040	-0.0015114985625799	-0.3384602502352890	-0.1716217307227331	0.0166178037693849	0.0185890357268473	
0.1820000000000000	0.5000000000000000	0.4725436607848159	-0.0015096654455415	-0.3341169061737161	-0.1716244636100600	0.0162904085525742	0.0182994034263379	
0.1860000000000000	0.5000000000000000	0.4664088958892825	-0.0015078685190524	-0.3297794060230545	-0.1716271425430726	0.0159681037210339	0.0180154892771250	
0.1900000000000000	0.5000000000000000	0.4602822415140861	-0.0015061072216190	-0.3254476341618304	-0.1716297683588634	0.0156507885617644	0.0177372045624259	
0.1940000000000000	0.5000000000000000	0.4541635364884642	-0.0015043810028813	-0.3211214767585320	-0.1716323418779268	0.0153383639209263	0.0174644623245288	
0.1980000000000000	0.5000000000000000	0.4480526221256470	-0.0015026893234408	-0.3168008217360389	-0.1716348639044150	0.0150307321728572	0.0171971773376210	
0.2020000000000000	0.5000000000000000	0.4419493421732713	-0.0015010316546926	-0.3124855587366013	-0.1716373352263896	0.0147277971895655	0.0169352660811573	
0.2060000000000000	0.5000000000000000	0.4358535427645556	-0.0014994074786592	-0.3081755790873552	-0.1716397566160681	0.0144294643106931	0.0166786467137620	
0.2100000000000000	0.5000000000000000	0.4297650723702197	-0.0014978162878297	-0.3038707757663650	-0.1716421288300647	0.0141356403139359	0.0164272390476551	
0.2140000000000000	0.5000000000000000	0.4236837817511357	-0.0014962575850005	-0.2995710433691813	-0.1716444526096270	0.0138462333859139	0.0161809645235956	
0.2180000000000000	0.5000000000000000	0.4176095239116939	-0.0014947308831201	-0.2952762780759043	-0.1716467286808679	0.0135611530934816	0.0159397461863336	
0.2220000000000000	0.5000000000000000	0.4115421540538705	-0.0014932357051367	-0.2909863776187429	-0.1716489577549919	0.0132803103554699	0.0157035086605633	
0.2260000000000000	0.5000000000000000	0.4054815295319806	-0.0014917715838497	-0.2867012412500580	-0.1716511405285180	0.0130036174148502	0.0154721781273703	
0.2300000000000000	0.5000000000000000	0.3994275098081054	-0.0014903380617630	-0.2824207697108810	-0.1716532776834970	0.0127309878113119	0.0152456823011644	
0.2340000000000000	0.5000000000000000	0.3933799564081773	-0.0014889346909424	-0.2781448651998982	-0.1716553698877248	0.0124623363542461	0.0150239504070924	
0.2380000000000000	0.5000000000000000	0.3873387328787096	-0.0014875610328756	-0.2738734313428894	-0.1716574177949509	0.0121975790961251	0.0148069131589224	
0.2420000000000000	0.5000000000000000	0.3813037047441579	-0.0014862166583350	-0.2696063731626139	-0.1716594220450828	0.0119366333062708	0.0145945027373934	
0.2460000000000000	0.5000000000000000	0.3752747394648999	-0.0014849011472437	-0.2653435970491314	-0.1716613832643863	0.0116794174450031	0.0143866527690233	
0.2500000000000000	0.5000000000000000	0.3692517063958193	-0.0014836140885441	-0.2610850107305518	-0.1716633020656806	0.0114258511381609	0.0141832983053689	
0.2540000000000000	0.5000000000000000	0.3632344767454825	-0.0014823550800699	-0.2568305232442021	-0.1716651790485303	0.0111758551519867	0.0139843758027309	
0.2580000000000000	0.5000000000000000	0.3572229235358943	-0.0014811237284194	-0.2525800449082021	-0.1716670147994325	0.0109293513683678	0.0137898231022976	
0.2620000000000000	0.5000000000000000	0.3512169215628196	-0.0014799196488335	-0.2483334872934418	-0.1716688098920003	0.0106862627604267	0.0135995794107224	
0.2660000000000000	0.5000000000000000	0.3452163473566607	-0.0014787424650752	-0.2440907631959484	-0.1716705648871419	0.0104465133684510	0.0134135852811266	
0.2700000000000000	0.5000000000000000	0.3392210791438753	-0.0014775918093120	-0.2398517866096377	-0.1716722803332359	0.0102100282761588	0.0132317825945239	
0.2740000000000000	0.5000000000000000	0.3332309968089249	-0.0014764673220006	-0.2356164726994387	-0.1716739567663027	0.0099767335872880	0.0130541145416595	
0.2780000000000000	0.5000000000000000	0.3272459818567421	-0.0014753686517752	-0.2313847377747848	-0.1716755947101720	0.0097465564025062	0.0128805256052585	
0.2820000000000000	0.5000000000000000	0.3212659173757030	-0.0014742954553371	-0.2271564992634623	-0.1716771946766467	0.0095194247966310	0.0127109615426779	
0.2860000000000000	0.5000000000000000	0.3152906880010952	-0.0014732473973478	-0.2229316756858085	-0.1716787571656624	0.0092952677961546	0.0125453693689574	
0.2900000000000000	0.5000000000000000	0.3093201798790689	-0.0014722241503238	-0.2187101866292511	-0.1716802826654441	0.0090740153570670	0.0123836973402623	
0.2940000000000000	0.5000000000000000	0.3033542806310600	-0.0014712253945347	-0.2144919527231811	-0.1716817716526584	0.0088555983429682	0.0122258949377148	
0.2980000000000000	0.5000000000000000	0.2973928793186746	-0.0014702508179030	-0.2102768956141512	-0.1716832245925628	0.0086399485034650	0.0120719128516086	
0.3020000000000000	0.5000000000000000	0.2914358664090231	-0.0014693001159066	-0.2060649379413924	-0.1716846419391510	0.0084269984528438	0.0119217029660000	
0.3060000000000000	0.5000000000000000	0.2854831337404939	-0.0014683729914839	-0.2018560033126403	-0.1716860241352944	0.0082166816490147	0.0117752183436731	
0.3100000000000000	0.5000000000000000	0.2795345744889547	-0.0014674691549404	-0.1976500162802640	-0.1716873716128812	0.0080089323727181	0.0116324132114729	
0.3140000000000000	0.5000000000000000	0.2735900831343732	-0.0014665883238587	-0.1934469023176907	-0.1716886847929507	0.0078036857069893	0.0114932429460022	
0.3180000000000000	0.5000000000000000	0.2676495554278438	-0.0014657302230100	-0.1892465877961181	-0.1716899640858251	0.0076008775168731	0.0113576640596783	
0.3220000000000000	0.5000000000000000	0.2617128883590127	-0.0014648945842683	-0.1850489999615065	-0.1716912098912381	0.0074004444293832	0.0112256341871430	
0.3260000000000000	0.5000000000000000	0.2557799801238892	-0.0014640811465260	-0.1808540669118451	-0.1716924225984593	0.0072023238136997	0.0110971120720258	
0.3300000000000000	0.5000000000000000	0.2498507300930340	-0.0014632896556131	-0.1766617175746842	-0.1716936025864162	0.0070064537615982	0.0109720575540510	
0.3340000000000000	0.5000000000000000	0.2439250387801154	-0.0014625198642173	-0.1724718816849266	-0.1716947502238124	0.0068127730681046	0.0108504315564892	
0.3380000000000000	0.5000000000000000	0.2380028078108214	-0.0014617715318067	-0.1682844897628714	-0.1716958658692428	0.0066212212123707	0.0107321960739466	
0.3420000000000000	0.5000000000000000	0.2320839398921206	-0.0014610444245547	-0.1640994730925031	-0.1716969498713059	0.0064317383387622	0.0106173141604891	
0.3460000000000000	0.5000000000000000	0.2261683387818597	-0.0014603383152674	-0.1599167637000196	-0.1716980025687127	0.0062442652381551	0.0105057499180973	
0.3500000000000000	0.5000000000000000	0.2202559092586903	-0.0014596529833115	-0.1557362943325917	-0.1716990242903922	0.0060587433294347	0.0103974684854499	
0.3540000000000000	0.5000000000000000	0.2143465570923146	-0.0014589882145464	-0.1515579984373478	-0.1717000153555946	0.0058751146411897	0.0102924360270294	
0.3580000000000000	0.5000000000000000	0.2084401890140397	-0.0014583438012569	-0.1473818101405782	-0.1717009760739910	0.0056933217935980	0.0101906197225500	
0.3620000000000000	0.5000000000000000	0.2025367126876345	-0.0014577195420879	-0.1432076642271511	-0.1717019067457700	0.0055133079804963	0.0100919877567019	
0.3660000000000000	0.5000000000000000	0.1966360366804755	-0.0014571152419824	-0.1390354961201335	-0.1717028076617316	0.0053350169516299	0.0099965093092091	
0.3700000000000000	0.5000000000000000	0.1907380704349768	-0.0014565307121195	-0.1348652418606132	-0.1717036791033781	0.0051583929950753	0.0099041545451995	
0.3740000000000000	0.5000000000000000	0.1848427242402929	-0.0014559657698560	-0.1306968380877127	-0.1717045213430020	0.0049833809198320	0.0098148946058821	
0.3780000000000000	0.5000000000000000	0.1789499092042858	-0.0014554202386692	-0.1265302220187904	-0.1717053346437713	0.0048099260385761	0.0097287015995288	
0.3820000000000000	0.5000000000000000	0.1730595372257482	-0.0014548939481017	-0.1223653314298225	-0.1717061192598115	0.0046379741505720	0.0096455485927593	
0.3860000000000000	0.5000000000000000	0.1671715209668740	-0.0014543867337083	-0.1182021046359591	-0.1717068754362851	0.0044674715247357	0.0095654096021250	
0.3900000000000000	0.5000000000000000	0.1612857738259675	-0.0014538984370042	-0.1140404804722494	-0.1717076034094681	0.0042983648828452	0.0094882595859894	
0.3940000000000000	0.5000000000000000	0.1554022099103813	-0.0014534289054158	-0.1098803982745291	-0.1717083034068244	0.0041306013828923	0.0094140744367036	
0.3980000000000000	0.5000000000000000	0.1495207440096780	-0.0014529779922330	-0.1057217978604637	-0.1717089756470759	0.0039641286025704	0.0093428309730731	
0.4020000000000000	0.5000000000000000	0.1436412915690029	-0.0014525455565634	-0.1015646195107434	-0.1717096203402716	0.0037988945228939	0.0092745069331139	
0.4060000000000000	0.5000000000000000	0.1377637686626631	-0.0014521314632879	-0.0974088039504216	-0.1717102376878532	0.0036348475119434	0.0092090809670965	
0.4100000000000000	0.5000000000000000	0.1318880919679021	-0.0014517355830190	-0.0932542923303935	-0.1717108278827177	0.0034719363087319	0.0091465326308744	
0.4140000000000000	0.5000000000000000	0.1260141787388638	-0.0014513577920598	-0.0891010262090063	-0.1717113911092780	0.0033101100071869	0.0090868423794959	
0.4180000000000000	0.5000000000000000	0.1201419467807357	-0.0014509979723657	-0.0849489475337983	-0.1717119275435203	0.0031493180402434	0.0090299915610967	
0.4220000000000000	0.5000000000000000	0.1142713144240655	-0.0014506560115078	-0.0807979986233578	-0.1717124373530592	0.0029895101640426	0.0089759624110712	
0.4260000000000000	0.5000000000000000	0.1084022004992405	-0.0014503318026370	-0.0766481221493001	-0.1717129206971902	0.0028306364422321	0.0089247380465224	
0.4300000000000000	0.5000000000000000	0.1025345243111245	-0.0014500252444511	-0.0724992611183526	-0.1717133777269391	0.0026726472303620	0.0088763024609854	
0.4340000000000000	0.5000000000000000	0.0966682056138421	-0.0014497362411633	-0.0683513588545464	-0.1717138085851099	0.0025154931603717	0.0088306405194264	
0.4380000000000000	0.5000000000000000	0.0908031645857037	-0.0014494647024718	-0.0642043589815060	-0.1717142134063284	0.0023591251251639	0.0087877379535129	
0.4420000000000000	0.5000000000000000	0.0849393218042629	-0.0014492105435317	-0.0600582054048328	-0.1717145923170854	0.0022034942632594	0.0087475813571555	
0.4460000000000000	0.5000000000000000	0.0790765982214989	-0.0014489736849289	-0.0559128422945774	-0.1717149454357753	0.0020485519435294	0.0087101581823188	
0.4500000000000000	0.5000000000000000	0.0732149151391158	-0.0014487540526547	-0.0517682140677932	-0.1717152728727338	0.0018942497499988	0.0086754567351001	
0.4540000000000000	0.5000000000000000	0.0673541941839507	-0.0014485515780831	-0.0476242653711687	-0.1717155747302717	0.0017405394667178	0.0086434661720754	
0.4580000000000000	0.5000000000000000	0.0614943572834843	-0.0014483661979492	-0.0434809410637304	-0.1717158511027075	0.0015873730626952	0.0086141764969116	
0.4620000000000000	0.5000000000000000	0.0556353266414449	-0.0014481978543292	-0.0393381861996124	-0.1717161020763965	0.0014347026768901	0.0085875785572421	
0.4660000000000000	0.5000000000000000	0.0497770247134985	-0.0014480464946227	-0.0351959460108876	-0.1717163277297580	0.0012824806032559	0.0085636640418074	
0.4700000000000000	0.5000000000000000	0.0439193741830184	-0.0014479120715362	-0.0310541658904532	-0.1717165281332996	0.0011306592758337	0.0085424254778579	
0.4740000000000000	0.5000000000000000	0.0380622979369247	-0.0014477945430680	-0.0269127913749675	-0.1717167033496394	0.0009791912538887	0.0085238562288187	
0.4780000000000000	0.5000000000000000	0.0322057190415892	-0.0014476938724951	-0.0227717681278318	-0.1717168534335254	0.0008280292070863	0.0085079504922161	
0.4820000000000000	0.5000000000000000	0.0263495607187944	-0.0014476100283625	-0.0186310419222105	-0.1717169784318528	0.0006771259007021	0.0084947032978642	
0.4860000000000000	0.5000000000000000	0.0204937463217425	-0.0014475429844721	-0.0144905586240870	-0.1717170783836786	0.0005264341808624	0.0084841105063118	
0.4900000000000000	0.5000000000000000	0.0146381993111050	-0.0014474927198757	-0.0103502641753479	-0.1717171533202337	0.0003759069598096	0.0084761688075492	
0.4940000000000000	0.5000000000000000	0.0087828432311056	-0.0014474592188675	-0.0062101045768913	-0.1717172032649327	0.0002254972011882	0.0084708757199737	
0.4980000000000000	0.5000000000000000	0.0029276016856296	-0.0014474424709798	-0.0020700258717528	-0.1717172282333814	0.0000751579053471	0.0084682295896141	
0.5020000000000000	0.5000000000000000	-0.0029276016856480	-0.0014474424709798	0.0020700258717547	-0.1717172282333814	-0.0000751579053468	0.0084682295896141	
0.5060000000000000	0.5000000000000000	-0.0087828432311240	-0.0014474592188674	0.0062101045768932	-0.1717172032649326	-0.0002254972011879	0.0084708757199737	
0.5100000000000000	0.5000000000000000	-0.0146381993111234	-0.0014474927198756	0.0103502641753498	-0.1717171533202336	-0.0003759069598094	0.0084761688075492	
0.5140000000000000	0.5000000000000000	-0.0204937463217609	-0.0014475429844721	0.0144905586240887	-0.1717170783836785	-0.0005264341808622	0.0084841105063118	
0.5180000000000000	0.5000000000000000	-0.0263495607188127	-0.0014476100283624	0.0186310419222122	-0.1717169784318527	-0.0006771259007018	0.0084947032978642	
0.5220000000000000	0.5000000000000000	-0.0322057190416075	-0.0014476938724951	0.0227717681278336	-0.1717168534335252	-0.0008280292070860	0.0085079504922161	
0.5260000000000000	0.5000000000000000	-0.0380622979369431	-0.0014477945430679	0.0269127913749694	-0.1717167033496392	-0.0009791912538884	0.0085238562288187	
0.5300000000000000	0.5000000000000000	-0.0439193741830367	-0.0014479120715361	0.0310541658904550	-0.1717165281332994	-0.0011306592758334	0.0085424254778579	
0.5340000000000000	0.5000000000000000	-0.0497770247135169	-0.0014480464946227	0.0351959460108894	-0.1717163277297578	-0.0012824806032556	0.0085636640418074	
0.5380000000000000	0.5000000000000000	-0.0556353266414632	-0.0014481978543291	0.0393381861996142	-0.1717161020763962	-0.0014347026768898	0.0085875785572421	
0.5420000000000000	0.5000000000000000	-0.0614943572835026	-0.0014483661979491	0.0434809410637322	-0.1717158511027072	-0.0015873730626949	0.0086141764969116	
0.5460000000000000	0.5000000000000000	-0.0673541941839690	-0.0014485515780830	0.0476242653711705	-0.1717155747302713	-0.0017405394667175	0.0086434661720754	
0.5500000000000000	0.5000000000000000	-0.0732149151391341	-0.0014487540526546	0.0517682140677950	-0.1717152728727334	-0.0018942497499985	0.0086754567351000	
0.5540000000000000	0.5000000000000000	-0.0790765982215173	-0.0014489736849288	0.0559128422945792	-0.1717149454357750	-0.0020485519435291	0.0087101581823188	
0.5580000000000001	0.5000000000000000	-0.0849393218042812	-0.0014492105435316	0.0600582054048346	-0.1717145923170850	-0.0022034942632592	0.0087475813571556	
0.5620000000000001	0.5000000000000000	-0.0908031645857220	-0.0014494647024716	0.0642043589815078	-0.1717142134063280	-0.0023591251251637	0.0087877379535129	
0.5660000000000001	0.5000000000000000	-0.0966682056138604	-0.0014497362411632	0.0683513588545483	-0.1717138085851094	-0.0025154931603715	0.0088306405194264	
0.5700000000000001	0.5000000000000000	-0.1025345243111428	-0.0014500252444510	0.0724992611183545	-0.1717133777269386	-0.0026726472303618	0.0088763024609854	
0.5740000000000001	0.5000000000000000	-0.1084022004992588	-0.0014503318026368	0.0766481221493020	-0.1717129206971897	-0.0028306364422319	0.0089247380465224	
0.5780000000000001	0.5000000000000000	-0.1142713144240837	-0.0014506560115076	0.0807979986233596	-0.1717124373530587	-0.0029895101640423	0.0089759624110713	
0.5820000000000000	0.5000000000000000	-0.1201419467807539	-0.0014509979723656	0.0849489475338000	-0.1717119275435197	-0.0031493180402431	0.0090299915610967	
0.5860000000000000	0.5000000000000000	-0.1260141787388820	-0.0014513577920596	0.0891010262090080	-0.1717113911092774	-0.0033101100071867	0.0090868423794960	
0.5900000000000000	0.5000000000000000	-0.1318880919679203	-0.0014517355830188	0.0932542923303952	-0.1717108278827172	-0.0034719363087316	0.0091465326308745	
0.5940000000000000	0.5000000000000000	-0.1377637686626813	-0.0014521314632878	0.0974088039504233	-0.1717102376878527	-0.0036348475119431	0.0092090809670966	
0.5980000000000000	0.5000000000000000	-0.1436412915690211	-0.0014525455565633	0.1015646195107450	-0.1717096203402710	-0.0037988945228936	0.0092745069331140	
0.6020000000000000	0.5000000000000000	-0.1495207440096961	-0.0014529779922329	0.1057217978604653	-0.1717089756470753	-0.0039641286025701	0.0093428309730732	
0.6060000000000000	0.5000000000000000	-0.1554022099103994	-0.0014534289054156	0.1098803982745307	-0.1717083034068238	-0.0041306013828921	0.0094140744367038	
0.6100000000000000	0.5000000000000000	-0.1612857738259855	-0.0014538984370040	0.1140404804722510	-0.1717076034094676	-0.0042983648828450	0.0094882595859895	
0.6140000000000000	0.5000000000000000	-0.1671715209668921	-0.0014543867337081	0.1182021046359606	-0.1717068754362845	-0.0044674715247354	0.0095654096021251	
0.6180000000000000	0.5000000000000000	-0.1730595372257662	-0.0014548939481016	0.1223653314298239	-0.1717061192598109	-0.0046379741505717	0.0096455485927595	
0.6220000000000000	0.5000000000000000	-0.1789499092043038	-0.0014554202386691	0.1265302220187920	-0.1717053346437707	-0.0048099260385758	0.0097287015995290	
0.6260000000000000	0.5000000000000000	-0.1848427242403110	-0.0014559657698559	0.1306968380877142	-0.1717045213430014	-0.0049833809198317	0.0098148946058822	
0.6300000000000000	0.5000000000000000	-0.1907380704349949	-0.0014565307121194	0.1348652418606147	-0.1717036791033775	-0.0051583929950750	0.0099041545451997	
0.6340000000000000	0.5000000000000000	-0.1966360366804935	-0.0014571152419824	0.1390354961201350	-0.1717028076617310	-0.0053350169516296	0.0099965093092092	
0.6380000000000000	0.5000000000000000	-0.2025367126876526	-0.0014577195420879	0.1432076642271526	-0.1717019067457694	-0.0055133079804960	0.0100919877567021	
0.6420000000000000	0.5000000000000000	-0.2084401890140578	-0.0014583438012567	0.1473818101405799	-0.1717009760739905	-0.0056933217935977	0.0101906197225503	
0.6460000000000000	0.5000000000000000	-0.2143465570923327	-0.0014589882145463	0.1515579984373494	-0.1717000153555941	-0.0058751146411895	0.0102924360270296	
0.6500000000000000	0.5000000000000000	-0.2202559092587085	-0.0014596529833114	0.1557362943325933	-0.1716990242903916	-0.0060587433294345	0.0103974684854501	
0.6540000000000000	0.5000000000000000	-0.2261683387818778	-0.0014603383152672	0.1599167637000213	-0.1716980025687121	-0.0062442652381549	0.0105057499180976	
0.6580000000000000	0.5000000000000000	-0.2320839398921387	-0.0014610444245547	0.1640994730925048	-0.1716969498713054	-0.0064317383387619	0.0106173141604893	
0.6620000000000000	0.5000000000000000	-0.2380028078108396	-0.0014617715318066	0.1682844897628730	-0.1716958658692423	-0.0066212212123705	0.0107321960739468	
0.6660000000000000	0.5000000000000000	-0.2439250387801335	-0.0014625198642172	0.1724718816849282	-0.1716947502238119	-0.0068127730681044	0.0108504315564894	
0.6700000000000000	0.5000000000000000	-0.2498507300930521	-0.0014632896556131	0.1766617175746859	-0.1716936025864157	-0.0070064537615979	0.0109720575540512	
0.6740000000000000	0.5000000000000000	-0.2557799801239073	-0.0014640811465259	0.1808540669118467	-0.1716924225984588	-0.0072023238136995	0.0110971120720260	
0.6780000000000000	0.5000000000000000	-0.2617128883590308	-0.0014648945842682	0.1850489999615082	-0.1716912098912376	-0.0074004444293830	0.0112256341871432	
0.6820000000000001	0.5000000000000000	-0.2676495554278618	-0.0014657302230100	0.1892465877961197	-0.1716899640858245	-0.0076008775168729	0.0113576640596784	
0.6860000000000001	0.5000000000000000	-0.2735900831343911	-0.0014665883238586	0.1934469023176923	-0.1716886847929501	-0.0078036857069891	0.0114932429460024	
0.6900000000000001	0.5000000000000000	-0.2795345744889726	-0.0014674691549403	0.1976500162802655	-0.1716873716128806	-0.0080089323727179	0.0116324132114730	
0.6940000000000001	0.5000000000000000	-0.2854831337405117	-0.0014683729914838	0.2018560033126419	-0.1716860241352939	-0.0082166816490144	0.0117752183436732	
0.6980000000000001	0.5000000000000000	-0.2914358664090410	-0.0014693001159065	0.2060649379413942	-0.1716846419391504	-0.0084269984528436	0.0119217029660001	
0.7020000000000000	0.5000000000000000	-0.2973928793186923	-0.0014702508179028	0.2102768956141529	-0.1716832245925623	-0.0086399485034648	0.0120719128516088	
0.7060000000000000	0.5000000000000000	-0.3033542806310776	-0.0014712253945345	0.2144919527231826	-0.1716817716526578	-0.0088555983429681	0.0122258949377150	
0.7100000000000000	0.5000000000000000	-0.3093201798790866	-0.0014722241503236	0.2187101866292527	-0.1716802826654435	-0.0090740153570668	0.0123836973402624	
0.7140000000000000	0.5000000000000000	-0.3152906880011129	-0.0014732473973476	0.2229316756858101	-0.1716787571656618	-0.0092952677961545	0.0125453693689575	
0.7180000000000000	0.5000000000000000	-0.3212659173757207	-0.0014742954553369	0.2271564992634639	-0.1716771946766461	-0.0095194247966308	0.0127109615426781	
0.7220000000000000	0.5000000000000000	-0.3272459818567598	-0.0014753686517749	0.2313847377747863	-0.1716755947101715	-0.0097465564025061	0.0128805256052586	
0.7260000000000000	0.5000000000000000	-0.3332309968089426	-0.0014764673220003	0.2356164726994402	-0.1716739567663021	-0.0099767335872879	0.0130541145416596	
0.7300000000000000	0.5000000000000000	-0.3392210791438929	-0.0014775918093117	0.2398517866096392	-0.1716722803332353	-0.0102100282761587	0.0132317825945239	
0.7340000000000000	0.5000000000000000	-0.3452163473566785	-0.0014787424650749	0.2440907631959498	-0.1716705648871413	-0.0104465133684509	0.0134135852811266	
0.7380000000000000	0.5000000000000000	-0.3512169215628373	-0.0014799196488332	0.2483334872934432	-0.1716688098919998	-0.0106862627604265	0.0135995794107225	
0.7420000000000000	0.5000000000000000	-0.3572229235359121	-0.0014811237284190	0.2525800449082036	-0.1716670147994319	-0.0109293513683676	0.0137898231022976	
0.7460000000000000	0.5000000000000000	-0.3632344767455003	-0.0014823550800696	0.2568305232442035	-0.1716651790485297	-0.0111758551519864	0.0139843758027309	
0.7500000000000000	0.5000000000000000	-0.3692517063958372	-0.0014836140885439	0.2610850107305533	-0.1716633020656800	-0.0114258511381607	0.0141832983053689	
0.7540000000000000	0.5000000000000000	-0.3752747394649178	-0.0014849011472435	0.2653435970491329	-0.1716613832643856	-0.0116794174450029	0.0143866527690232	
0.7580000000000000	0.5000000000000000	-0.3813037047441759	-0.0014862166583348	0.2696063731626154	-0.1716594220450822	-0.0119366333062706	0.0145945027373933	
0.7620000000000000	0.5000000000000000	-0.3873387328787276	-0.0014875610328754	0.2738734313428912	-0.1716574177949502	-0.0121975790961249	0.0148069131589224	
0.7660000000000000	0.5000000000000000	-0.3933799564081954	-0.0014889346909423	0.2781448651999000	-0.1716553698877241	-0.0124623363542459	0.0150239504070924	
0.7700000000000000	0.5000000000000000	-0.3994275098081236	-0.0014903380617629	0.2824207697108829	-0.1716532776834964	-0.0127309878113117	0.0152456823011644	
0.7740000000000000	0.5000000000000000	-0.4054815295319989	-0.0014917715838496	0.2867012412500599	-0.1716511405285174	-0.0130036174148500	0.0154721781273703	
0.7780000000000000	0.5000000000000000	-0.4115421540538890	-0.0014932357051367	0.2909863776187450	-0.1716489577549913	-0.0132803103554697	0.0157035086605633	
0.7820000000000000	0.5000000000000000	-0.4176095239117126	-0.0014947308831200	0.2952762780759065	-0.1716467286808673	-0.0135611530934814	0.0159397461863335	
0.7860000000000000	0.5000000000000000	-0.4236837817511543	-0.0014962575850004	0.2995710433691834	-0.1716444526096266	-0.0138462333859137	0.0161809645235956	
0.7900000000000000	0.5000000000000000	-0.4297650723702383	-0.0014978162878296	0.3038707757663673	-0.1716421288300642	-0.0141356403139358	0.0164272390476551	
0.7940000000000000	0.5000000000000000	-0.4358535427645742	-0.0014994074786590	0.3081755790873574	-0.1716397566160676	-0.0144294643106930	0.0166786467137621	
0.7980000000000000	0.5000000000000000	-0.4419493421732900	-0.0015010316546924	0.3124855587366034	-0.1716373352263892	-0.0147277971895654	0.0169352660811575	
0.8020000000000000	0.5000000000000000	-0.4480526221256656	-0.0015026893234406	0.3168008217360411	-0.1716348639044145	-0.0150307321728571	0.0171971773376212	
0.8060000000000000	0.5000000000000000	-0.4541635364884828	-0.0015043810028811	0.3211214767585342	-0.1716323418779263	-0.0153383639209263	0.0174644623245290	
0.8100000000000001	0.5000000000000000	-0.4602822415141049	-0.0015061072216188	0.3254476341618327	-0.1716297683588630	-0.0156507885617644	0.0177372045624260	
0.8140000000000001	0.5000000000000000	-0.4664088958893012	-0.0015078685190523	0.3297794060230568	-0.1716271425430722	-0.0159681037210339	0.0180154892771252	
0.8180000000000001	0.5000000000000000	-0.4725436607848347	-0.0015096654455413	0.3341169061737184	-0.1716244636100596	-0.0162904085525743	0.0182994034263381	
0.8220000000000001	0.5000000000000000	-0.4786866999058227	-0.0015114985625797	0.3384602502352912	-0.1716217307227327	-0.0166178037693850	0.0185890357268474	
0.8260000000000001	0.5000000000000000	-0.4848381795428919	-0.0015133684429704	0.3428095556553395	-0.1716189430271390	-0.0169503916750965	0.0188844766822291	
0.8300000000000001	0.5000000000000000	-0.4909982686241398	-0.0015152756710047	0.3471649417442179	-0.1716160996521991	-0.0172882761959375	0.0191858186111322	
0.8340000000000000	0.5000000000000000	-0.4971671387679214	-0.0015172208426443	0.3515265297123533	-0.1716131997094348	-0.0176315629132096	0.0194931556761269	
0.8380000000000000	0.5000000000000000	-0.5033449643364758	-0.0015192045657083	0.3558944427081200	-0.1716102422926907	-0.0179803590962790	0.0198065839131275	
0.8420000000000000	0.5000000000000000	-0.5095319224904101	-0.0015212274600627	0.3602688058563211	-0.1716072264778524	-0.0183347737360959	0.0201262012614023	
0.8460000000000000	0.5000000000000000	-0.5157281932440586	-0.0015232901578140	0.3646497462972870	-0.1716041513225562	-0.0186949175792517	0.0204521075941768	
0.8500000000000000	0.5000000000000000	-0.5219339595217329	-0.0015253933035070	0.3690373932266040	-0.1716010158658954	-0.0190609031625846	0.0207844047498419	
0.8540000000000000	0.5000000000000000	-0.5281494072148817	-0.0015275375543263	0.3734318779354847	-0.1715978191281202	-0.0194328448483450	0.0211231965637761	
0.8580000000000000	0.5000000000000000	-0.5343747252401772	-0.0015297235803015	0.3778333338517938	-0.1715945601103309	-0.0198108588599311	0.0214685889007917	
0.8620000000000000	0.5000000000000000	-0.5406101055985478	-0.0015319520645165	0.3822418965817411	-0.1715912377941661	-0.0201950633182060	0.0218206896882155	
0.8660000000000000	0.5000000000000000	-0.5468557434351740	-0.0015342237033230	0.3866577039522556	-0.1715878511414846	-0.0205855782784078	0.0221796089496130	
0.8700000000000000	0.5000000000000000	-0.5531118371004662	-0.0015365392065584	0.3910808960540528	-0.1715843990940408	-0.0209825257676643	0.0225454588391686	
0.8740000000000000	0.5000000000000000	-0.5593785882120454	-0.0015388992977673	0.3955116152854103	-0.1715808805731539	-0.0213860298231234	0.0229183536767314	
0.8780000000000000	0.5000000000000000	-0.5656562017177439	-0.0015413047144277	0.3999500063966638	-0.1715772944793710	-0.0217962165307122	0.0232984099835372	
0.8820000000000000	0.5000000000000000	-0.5719448859596465	-0.0015437562081815	0.4043962165354384	-0.1715736396921235	-0.0222132140645360	0.0236857465186188	
0.8860000000000000	0.5000000000000000	-0.5782448527391928	-0.0015462545450694	0.4088503952926287	-0.1715699150693768	-0.0226371527269295	0.0240804843159159	
0.8900000000000000	0.5000000000000000	-0.5845563173833608	-0.0015488005057701	0.4133126947491428	-0.1715661194472734	-0.0230681649891736	0.0244827467220949	
0.8940000000000000	0.5000000000000000	-0.5908794988119510	-0.0015513948858445	0.4177832695234238	-0.1715622516397696	-0.0235063855328894	0.0248926594350923	
0.8980000000000000	0.5000000000000000	-0.5972146196059941	-0.0015540384959844	0.4222622768197649	-0.1715583104382643	-0.0239519512921238	0.0253103505433924	
0.9020000000000000	0.5000000000000000	-0.6035619060773029	-0.0015567321622653	0.4267498764774319	-0.1715542946112221	-0.0244050014961374	0.0257359505660519	
0.9060000000000000	0.5000000000000000	-0.6099215883391885	-0.0015594767264050	0.4312462310206094	-0.1715502029037874	-0.0248656777129112	0.0261695924934843	
0.9100000000000000	0.5000000000000000	-0.6162939003783673	-0.0015622730460266	0.4357515057091860	-0.1715460340373929	-0.0253341238933830	0.0266114118290162	
0.9140000000000000	0.5000000000000000	-0.6226790801280744	-0.0015651219949265	0.4402658685903942	-0.1715417867093603	-0.0258104864164289	0.0270615466312293	
0.9180000000000000	0.5000000000000000	-0.6290773695424136	-0.0015680244633470	0.4447894905513210	-0.1715374595924928	-0.0262949141346034	0.0275201375571002	
0.9220000000000000	0.5000000000000000	-0.6354890146719625	-0.0015709813582553	0.4493225453723069	-0.1715330513346601	-0.0267875584206526	0.0279873279059528	
0.9260000000000000	0.5000000000000000	-0.6419142657406576	-0.0015739936036261	0.4538652097812477	-0.1715285605583770	-0.0272885732148145	0.0284632636642362	
0.9300000000000000	0.5000000000000000	-0.6483533772239830	-0.0015770621407310	0.4584176635088182	-0.1715239858603715	-0.0277981150729220	0.0289480935511417	
0.9340000000000001	0.5000000000000000	-0.6548066079284891	-0.0015801879284322	0.4629800893446342	-0.1715193258111473	-0.0283163432153228	0.0294419690650744	
0.9380000000000001	0.5000000000000000	-0.6612742210726631	-0.0015833719434823	0.4675526731943694	-0.1715145789545370	-0.0288434195766328	0.0299450445309934	
0.9420000000000001	0.5000000000000000	-0.6677564843691790	-0.0015866151808294	0.4721356041378473	-0.1715097438072465	-0.0293795088563361	0.0304574771486343	
0.9460000000000001	0.5000000000000000	-0.6742536701085521	-0.0015899186539282	0.4767290744881241	-0.1715048188583922	-0.0299247785702507	0.0309794270416307	
0.9500000000000001	0.5000000000000000	-0.6807660552442227	-0.0015932833950565	0.4813332798515823	-0.1714998025690283	-0.0304793991028727	0.0315110573075496	
0.9540000000000001	0.5000000000000000	-0.6872939214790988	-0.0015967104556379	0.4859484191890531	-0.1714946933716664	-0.0310435437606182	0.0320525340688550	
0.9580000000000000	0.5000000000000000	-0.6938375553535809	-0.0016002009065703	0.4905746948779870	-0.1714894896697852	-0.0316173888259771	0.0326040265248179	
0.9620000000000000	0.5000000000000000	-0.7003972483351003	-0.0016037558385605	0.4952123127756928	-0.1714841898373319	-0.0322011136125978	0.0331657070043873	
0.9660000000000000	0.5000000000000000	-0.7069732969091960	-0.0016073763624648	0.4998614822836627	-0.1714787922182143	-0.0327949005213186	0.0337377510200390	
0.9700000000000000	0.5000000000000000	-0.7135660026721582	-0.0016110636096370	0.5045224164130054	-0.1714732951257827	-0.0333989350971634	0.0343203373226188	
0.9740000000000000	0.5000000000000000	-0.7201756724252718	-0.0016148187322806	0.5091953318510075	-0.1714676968423033	-0.0340134060873211	0.0349136479571989	
0.9780000000000000	0.5000000000000000	-0.7268026182706846	-0.0016186429038099	0.5138804490288438	-0.1714619956184217	-0.0346385055001237	0.0355178683199624	
0.9820000000000000	0.5000000000000000	-0.7334471577089321	-0.0016225373192162	0.5185779921904563	-0.1714561896726156	-0.0352744286650461	0.0361331872161355	
0.9860000000000000	0.5000000000000000	-0.7401096137381489	-0.0016265031954412	0.5232881894626258	-0.1714502771906385	-0.0359213742937406	0.0367597969189847	
0.9900000000000000	0.5000000000000000	-0.7467903149549986	-0.0016305417717577	0.5280112729262560	-0.1714442563249525	-0.0365795445421308	0.0373978932298984	
0.9940000000000000	0.5000000000000000	-0.7534895956573522	-0.0016346543101559	0.5327474786888937	-0.1714381251941517	-0.0372491450735803	0.0380476755395696	
0.9980000000000000	0.5000000000000000	-0.7602077959487499	-0.0016388420957386	0.5374970469585075	-0.1714318818823736	-0.0379303851231581	0.0387093468903020	
