0.0016666666666667	0.5000000000000000	0.7690067847392777	-0.0013782052029705	-0.5437031365511354	-0.1709546813574893	0.0440125853938510	0.0372575754571260	-0.0083780612852824	-0.0258482352014986	
0.0050000000000000	0.5000000000000000	0.7628838626271185	-0.0013723027769860	-0.5393750040642513	-0.1709631177820556	0.0431179163073230	0.0366211471205574	-0.0080605087683827	-0.0251572409819457	
0.0083333333333333	0.5000000000000000	0.7567913573896506	-0.0013665277965599	-0.5350683489045501	-0.1709713723199525	0.0422418951558995	0.0359976382782655	-0.0077514735295180	-0.0244821089731447	
0.0116666666666667	0.5000000000000000	0.7507286110685536	-0.0013608775095256	-0.5307827064936942	-0.1709794488956788	0.0413841185841145	0.0353867799344893	-0.0074507599301586	-0.0238224851461015	
0.0150000000000000	0.5000000000000000	0.7446949799275164	-0.0013553492238247	-0.5265176222953103	-0.1709873513480412	0.0405441919548740	0.0347883089108068	-0.0071581766995197	-0.0231780232706290	
0.0183333333333333	0.5000000000000000	0.7386898341415072	-0.0013499403062003	-0.5222726515955886	-0.1709950834320152	0.0397217291589747	0.0342019677204226	-0.0068735368383328	-0.0225483847450739	
0.0216666666666667	0.5000000000000000	0.7327125574927975	-0.0013446481809195	-0.5180473592886482	-0.1710026488205678	0.0389163524287620	0.0336275044452043	-0.0065966575247170	-0.0219332384297729	
0.0250000000000000	0.5000000000000000	0.7267625470735892	-0.0013394703285235	-0.5138413196665683	-0.1710100511064374	0.0381276921558367	0.0330646726154044	-0.0063273600221066	-0.0213322604841592	
0.0283333333333333	0.5000000000000000	0.7208392129951045	-0.0013344042846058	-0.5096541162139798	-0.1710172938038769	0.0373553867127222	0.0325132310920116	-0.0060654695891877	-0.0207451342074376	
0.0316666666666667	0.5000000000000000	0.7149419781029920	-0.0013294476386160	-0.5054853414071182	-0.1710243803503579	0.0365990822784053	0.0319729439516731	-0.0058108153918011	-0.0201715498827525	
0.0350000000000000	0.5000000000000000	0.7090702776989167	-0.0013245980326910	-0.5013345965172418	-0.1710313141082374	0.0358584326676654	0.0314435803741334	-0.0055632304167673	-0.0196112046247717	
0.0383333333333333	0.5000000000000000	0.7032235592681921	-0.0013198531605108	-0.4972014914183177	-0.1710380983663883	0.0351330991641106	0.0309249145321326	-0.0053225513875931	-0.0190638022306115	
0.0416666666666667	0.5000000000000000	0.6974012822133276	-0.0013152107661802	-0.4930856443988824	-0.1710447363417939	0.0344227503568370	0.0304167254837138	-0.0050886186820166	-0.0185290530340322	
0.0450000000000000	0.5000000000000000	0.6916029175933579	-0.0013106686431342	-0.4889866819779874	-0.1710512311811078	0.0337270619806348	0.0299187970668849	-0.0048612762513520	-0.0180066737628298	
0.0483333333333333	0.5000000000000000	0.6858279478688298	-0.0013062246330681	-0.4849042387251373	-0.1710575859621793	0.0330457167596611	0.0294309177965851	-0.0046403715415932	-0.0174963873993581	
0.0516666666666667	0.5000000000000000	0.6800758666523217	-0.0013018766248904	-0.4808379570841356	-0.1710638036955457	0.0323784042545043	0.0289528807639051	-0.0044257554162392	-0.0169979230441101	
0.0550000000000000	0.5000000000000000	0.6743461784643743	-0.0012976225536996	-0.4767874872007506	-0.1710698873258915	0.0317248207125665	0.0284844835375132	-0.0042172820808020	-0.0165110157822936	
0.0583333333333333	0.5000000000000000	0.6686383984947145	-0.0012934603997822	-0.4727524867541199	-0.1710758397334760	0.0310846689216900	0.0280255280672385	-0.0040148090089609	-0.0160354065533365	
0.0616666666666667	0.5000000000000000	0.6629520523686562	-0.0012893881876337	-0.4687326207918084	-0.1710816637355293	0.0304576580669573	0.0275758205897648	-0.0038181968703273	-0.0155708420232563	
0.0650000000000000	0.5000000000000000	0.6572866759185639	-0.0012854039850001	-0.4647275615684429	-0.1710873620876178	0.0298435035905950	0.0271351715363895	-0.0036273094597838	-0.0151170744598335	
0.0683333333333333	0.5000000000000000	0.6516418149602690	-0.0012815059019419	-0.4607369883878425	-0.1710929374849799	0.0292419270549134	0.0267033954428032	-0.0034420136283636	-0.0146738616105272	
0.0716666666666667	0.5000000000000000	0.6460170250743288	-0.0012776920899172	-0.4567605874485695	-0.1710983925638318	0.0286526560082157	0.0262803108608445	-0.0032621792156359	-0.0142409665830730	
0.0750000000000000	0.5000000000000000	0.6404118713920255	-0.0012739607408857	-0.4527980516928251	-0.1711037299026453	0.0280754238536108	0.0258657402721896	-0.0030876789835655	-0.0138181577287060	
0.0783333333333333	0.5000000000000000	0.6348259283859941	-0.0012703100864317	-0.4488490806586161	-0.1711089520233974	0.0275099697206659	0.0254595100039333	-0.0029183885518119	-0.0134052085279507	
0.0816666666666667	0.5000000000000000	0.6292587796653850	-0.0012667383969073	-0.4449133803351218	-0.1711140613927924	0.0269560383398381	0.0250614501460205	-0.0027541863344385	-0.0130018974789235	
0.0850000000000000	0.5000000000000000	0.6237100177754590	-0.0012632439805939	-0.4409906630211906	-0.1711190604234568	0.0264133799196222	0.0246713944704889	-0.0025949534779994	-0.0126080079880918	
0.0883333333333333	0.5000000000000000	0.6181792440015139	-0.0012598251828821	-0.4370806471868958	-0.1711239514751079	0.0258817500263553	0.0242891803524827	-0.0024405738009745	-0.0122233282634383	
0.0916666666666667	0.5000000000000000	0.6126660681770533	-0.0012564803854697	-0.4331830573380864	-0.1711287368556983	0.0253609094666211	0.0239146486930002	-0.0022909337345222	-0.0118476512099759	
0.0950000000000000	0.5000000000000000	0.6071701084961000	-0.0012532080055772	-0.4292976238838643	-0.1711334188225326	0.0248506241721949	0.0235476438433368	-0.0021459222645216	-0.0114807743275654	
0.0983333333333333	0.5000000000000000	0.6016909913295647	-0.0012500064951809	-0.4254240830069249	-0.1711379995833617	0.0243506650874748	0.0231880135311874	-0.0020054308748756	-0.0111224996109830	
0.1016666666666667	0.5000000000000000	0.5962283510455811	-0.0012468743402630	-0.4215621765366979	-0.1711424812974517	0.0238608080593443	0.0228356087883716	-0.0018693534920461	-0.0107726334521910	
0.1050000000000000	0.5000000000000000	0.5907818298337186	-0.0012438100600772	-0.4177116518252271	-0.1711468660766303	0.0233808337294114	0.0224902838801482	-0.0017375864307959	-0.0104309865447636	
0.1083333333333333	0.5000000000000000	0.5853510775329869	-0.0012408122064317	-0.4138722616257267	-0.1711511559863094	0.0229105274285735	0.0221518962360824	-0.0016100283411095	-0.0100973737904202	
0.1116666666666667	0.5000000000000000	0.5799357514635536	-0.0012378793629873	-0.4100437639737595	-0.1711553530464854	0.0224496790738566	0.0218203063824347	-0.0014865801562668	-0.0097716142076221	
0.1150000000000000	0.5000000000000000	0.5745355162620853	-0.0012350101445710	-0.4062259220709736	-0.1711594592327174	0.0219980830674773	0.0214953778760364	-0.0013671450420445	-0.0094535308421871	
0.1183333333333333	0.5000000000000000	0.5691500437206390	-0.0012322031965056	-0.4024185041713461	-0.1711634764770837	0.0215555381980802	0.0211769772396217	-0.0012516283470207	-0.0091429506798780	
0.1216666666666667	0.5000000000000000	0.5637790126290227	-0.0012294571939522	-0.3986212834698758	-0.1711674066691181	0.0211218475441024	0.0208649738985833	-0.0011399375539576	-0.0088397045609242	
0.1250000000000000	0.5000000000000000	0.5584221086205473	-0.0012267708412697	-0.3948340379936716	-0.1711712516567236	0.0206968183792173	0.0205592401191221	-0.0010319822322391	-0.0085436270964320	
0.1283333333333334	0.5000000000000000	0.5530790240210990	-0.0012241428713860	-0.3910565504953837	-0.1711750132470684	0.0202802620798124	0.0202596509477602	-0.0009276739913389	-0.0082545565866457	
0.1316666666666667	0.5000000000000000	0.5477494577014527	-0.0012215720451852	-0.3872886083489256	-0.1711786932074598	0.0198719940344563	0.0199660841521887	-0.0008269264352983	-0.0079723349410169	
0.1350000000000000	0.5000000000000000	0.5424331149327627	-0.0012190571509069	-0.3835300034474363	-0.1711822932662003	0.0194718335553106	0.0196784201634205	-0.0007296551181886	-0.0076968076000455	
0.1383333333333334	0.5000000000000000	0.5371297072451517	-0.0012165970035594	-0.3797805321034339	-0.1711858151134242	0.0190796037914435	0.0193965420192211	-0.0006357775005391	-0.0074278234588528	
0.1416666666666667	0.5000000000000000	0.5318389522893380	-0.0012141904443457	-0.3760399949511108	-0.1711892604019155	0.0186951316440042	0.0191203353087894	-0.0005452129067075	-0.0071652347924487	
0.1450000000000000	0.5000000000000000	0.5265605737012247	-0.0012118363401027	-0.3723081968507241	-0.1711926307479079	0.0183182476832145	0.0188496881186620	-0.0004578824831717	-0.0069088971826592	
0.1483333333333333	0.5000000000000000	0.5212943009693946	-0.0012095335827520	-0.3685849467950337	-0.1711959277318673	0.0179487860671402	0.0185844909798145	-0.0003737091577238	-0.0066586694466759	
0.1516666666666667	0.5000000000000000	0.5160398693054392	-0.0012072810887637	-0.3648700578177446	-0.1711991528992565	0.0175865844622006	0.0183246368159347	-0.0002926175995455	-0.0064144135671940	
0.1550000000000000	0.5000000000000000	0.5107970195170616	-0.0012050777986313	-0.3611633469039061	-0.1712023077612831	0.0172314839653783	0.0180700208928413	-0.0002145341801450	-0.0061759946241042	
0.1583333333333333	0.5000000000000000	0.5055654978838916	-0.0012029226763593	-0.3574646349022272	-0.1712053937956308	0.0168833290280918	0.0178205407690258	-0.0001393869351367	-0.0059432807277054	
0.1616666666666667	0.5000000000000000	0.5003450560359530	-0.0012008147089612	-0.3537737464392636	-0.1712084124471746	0.0165419673816938	0.0175760962472912	-0.0000671055268450	-0.0057161429534059	
0.1650000000000000	0.5000000000000000	0.4951354508347240	-0.0011987529059695	-0.3500905098354360	-0.1712113651286793	0.0162072499645584	0.0173365893274658	0.0000023787922865	-0.0054944552778805	
0.1683333333333334	0.5000000000000000	0.4899364442567306	-0.0011967362989555	-0.3464147570228379	-0.1712142532214839	0.0158790308507227	0.0171019241601689	0.0000691332154984	-0.0052780945166532	
0.1716666666666667	0.5000000000000000	0.4847478032796210	-0.0011947639410613	-0.3427463234647934	-0.1712170780761691	0.0155571671800474	0.0168720070016051	0.0001332234167484	-0.0050669402630738	
0.1750000000000000	0.5000000000000000	0.4795692997706616	-0.0011928349065410	-0.3390850480771261	-0.1712198410132111	0.0152415190898632	0.0166467461693659	0.0001947135849921	-0.0048608748286607	
0.1783333333333333	0.5000000000000000	0.4744007103776019	-0.0011909482903131	-0.3354307731511008	-0.1712225433236202	0.0149319496480690	0.0164260519992179	0.0002536664577275	-0.0046597831847782	
0.1816666666666667	0.5000000000000000	0.4692418164218570	-0.0011891032075217	-0.3317833442780004	-0.1712251862695651	0.0146283247876504	0.0162098368028554	0.0003101433538201	-0.0044635529056221	
0.1850000000000000	0.5000000000000000	0.4640924037939522	-0.0011872987931090	-0.3281426102753016	-0.1712277710849837	0.0143305132425855	0.0159980148265974	0.0003642042056247	-0.0042720741124847	
0.1883333333333334	0.5000000000000000	0.4589522628511826	-0.0011855342013963	-0.3245084231144128	-0.1712302989761795	0.0140383864851081	0.0157905022110099	0.0004159075904198	-0.0040852394192715	
0.1916666666666667	0.5000000000000000	0.4538211883174356	-0.0011838086056751	-0.3208806378499414	-0.1712327711224055	0.0137518186642972	0.0155872169514318	0.0004653107611698	-0.0039029438792448	
0.1950000000000000	0.5000000000000000	0.4486989791851290	-0.0011821211978065	-0.3172591125504524	-0.1712351886764339	0.0134706865459624	0.0153880788593880	0.0005124696766307	-0.0037250849329657	
0.1983333333333334	0.5000000000000000	0.4435854386192162	-0.0011804711878306	-0.3136437082306887	-0.1712375527651137	0.0131948694537982	0.0151930095248686	0.0005574390308129	-0.0035515623574119	
0.2016666666666667	0.5000000000000000	0.4384803738632125	-0.0011788578035845	-0.3100342887852175	-0.1712398644899157	0.0129242492117756	0.0150019322794578	0.0006002722818173	-0.0033822782162438	
0.2050000000000000	0.5000000000000000	0.4333835961471966	-0.0011772802903282	-0.3064307209234708	-0.1712421249274648	0.0126587100877451	0.0148147721602930	0.0006410216800574	-0.0032171368111966	
0.2083333333333334	0.5000000000000000	0.4282949205977433	-0.0011757379103800	-0.3028328741061508	-0.1712443351300610	0.0123981387382240	0.0146314558748379	0.0006797382958819	-0.0030560446345737	
0.2116666666666667	0.5000000000000000	0.4232141661497423	-0.0011742299427590	-0.2992406204829660	-0.1712464961261873	0.0121424241543390	0.0144519117664524	0.0007164720466117	-0.0028989103228188	
0.2150000000000000	0.5000000000000000	0.4181411554600615	-0.0011727556828371	-0.2956538348316701	-0.1712486089210078	0.0118914576089005	0.0142760697807412	0.0007512717230040	-0.0027456446111425	
0.2183333333333333	0.5000000000000000	0.4130757148230129	-0.0011713144419978	-0.2920723944983737	-0.1712506744968526	0.0116451326045811	0.0141038614326677	0.0007841850151570	-0.0025961602891843	
0.2216666666666667	0.5000000000000000	0.4080176740875789	-0.0011699055473031	-0.2884961793390991	-0.1712526938136934	0.0114033448231738	0.0139352197744134	0.0008152585378674	-0.0024503721576847	
0.2250000000000000	0.5000000000000000	0.4029668665763609	-0.0011685283411680	-0.2849250716625507	-0.1712546678096069	0.0111659920759056	0.0137700793639714	0.0008445378554539	-0.0023081969861496	
0.2283333333333333	0.5000000000000000	0.3979231290062084	-0.0011671821810429	-0.2813589561740723	-0.1712565974012286	0.0109329742547812	0.0136083762344552	0.0008720675060589	-0.0021695534714833	
0.2316666666666667	0.5000000000000000	0.3928863014104920	-0.0011658664391024	-0.2777977199207653	-0.1712584834841956	0.0107041932849352	0.0134500478641103	0.0008978910254390	-0.0020343621975727	
0.2350000000000000	0.5000000000000000	0.3878562270629817	-0.0011645805019420	-0.2742412522377402	-0.1712603269335789	0.0104795530779674	0.0132950331470130	0.0009220509702586	-0.0019025455958008	
0.2383333333333333	0.5000000000000000	0.3828327524032944	-0.0011633237702813	-0.2706894446954758	-0.1712621286043073	0.0102589594862406	0.0131432723644427	0.0009445889408951	-0.0017740279064713	
0.2416666666666667	0.5000000000000000	0.3778157269638726	-0.0011620956586744	-0.2671421910482604	-0.1712638893315793	0.0100423202581167	0.0129947071569130	0.0009655456037693	-0.0016487351411256	
0.2450000000000000	0.5000000000000000	0.3728050032984612	-0.0011608955952268	-0.2635993871836894	-0.1712656099312674	0.0098295449941119	0.0128492804968499	0.0009849607132111	-0.0015265950457331	
0.2483333333333334	0.5000000000000000	0.3678004369120461	-0.0011597230213190	-0.2600609310731969	-0.1712672912003119	0.0096205451039467	0.0127069366619013	0.0010028731328710	-0.0014075370647368	
0.2516666666666667	0.5000000000000000	0.3628018861922214	-0.0011585773913364	-0.2565267227235938	-0.1712689339171059	0.0094152337644730	0.0125676212088673	0.0010193208566884	-0.0012914923059382	
0.2550000000000000	0.5000000000000000	0.3578092123419513	-0.0011574581724052	-0.2529966641295933	-0.1712705388418718	0.0092135258784555	0.0124312809482372	0.0010343410294273	-0.0011783935062021	
0.2583333333333334	0.5000000000000000	0.3528222793136954	-0.0011563648441355	-0.2494706592272959	-0.1712721067170274	0.0090153380341883	0.0122978639193210	0.0010479699667885	-0.0010681749979657	
0.2616666666666667	0.5000000000000000	0.3478409537448623	-0.0011552968983693	-0.2459486138486160	-0.1712736382675457	0.0088205884659276	0.0121673193659647	0.0010602431751096	-0.0009607726765364	
0.2650000000000000	0.5000000000000000	0.3428651048945657	-0.0011542538389349	-0.2424304356766242	-0.1712751342013041	0.0086291970151203	0.0120395977128356	0.0010711953706612	-0.0008561239681608	
0.2683333333333333	0.5000000000000000	0.3378946045816453	-0.0011532351814073	-0.2389160342017864	-0.1712765952094270	0.0084410850924107	0.0119146505422675	0.0010808604985504	-0.0007541677988501	
0.2716666666666667	0.5000000000000000	0.3329293271239293	-0.0011522404528740	-0.2354053206790770	-0.1712780219666190	0.0082561756404057	0.0117924305716547	0.0010892717512385	-0.0006548445639466	
0.2750000000000000	0.5000000000000000	0.3279691492787047	-0.0011512691917065	-0.2318982080859456	-0.1712794151314907	0.0080743930971822	0.0116728916313827	0.0010964615866855	-0.0005580960984170	
0.2783333333333333	0.5000000000000000	0.3230139501843670	-0.0011503209473372	-0.2283946110811168	-0.1712807753468772	0.0078956633605170	0.0115559886432863	0.0011024617461266	-0.0004638656478565	
0.2816666666666667	0.5000000000000000	0.3180636113032231	-0.0011493952800415	-0.2248944459642045	-0.1712821032401479	0.0077199137528231	0.0114416775996236	0.0011073032714927	-0.0003720978401913	
0.2850000000000000	0.5000000000000000	0.3131180163654175	-0.0011484917607257	-0.2213976306361184	-0.1712833994235099	0.0075470729867757	0.0113299155425561	0.0011110165224812	-0.0002827386580642	
0.2883333333333333	0.5000000000000000	0.3081770513139563	-0.0011476099707194	-0.2179040845602459	-0.1712846644943032	0.0073770711316095	0.0112206605441260	0.0011136311932872	-0.0001957354118908	
0.2916666666666667	0.5000000000000000	0.3032406042508004	-0.0011467495015733	-0.2144137287243900	-0.1712858990352891	0.0072098395800734	0.0111138716867184	0.0011151763290021	-0.0001110367135731	
0.2950000000000000	0.5000000000000000	0.2983085653840040	-0.0011459099548621	-0.2109264856034438	-0.1712871036149315	0.0070453110160243	0.0110095090440020	0.0011156803416886	-0.0000285924508563	
0.2983333333333333	0.5000000000000000	0.2933808269758708	-0.0011450909419915	-0.2074422791227846	-0.1712882787876717	0.0068834193826459	0.0109075336623374	0.0011151710261397	0.0000516462376811	
0.3016666666666667	0.5000000000000000	0.2884572832921047	-0.0011442920840109	-0.2039610346223695	-0.1712894250941953	0.0067240998512765	0.0108079075426437	0.0011136755753298	0.0001297269870193	
0.3050000000000000	0.5000000000000000	0.2835378305519281	-0.0011435130114304	-0.2004826788215148	-0.1712905430616938	0.0065672887908302	0.0107105936227156	0.0011112205955644	0.0002056962294801	
0.3083333333333333	0.5000000000000000	0.2786223668791458	-0.0011427533640421	-0.1970071397843429	-0.1712916332041186	0.0064129237377976	0.0106155557599827	0.0011078321213381	0.0002795992179152	
0.3116666666666666	0.5000000000000000	0.2737107922541295	-0.0011420127907461	-0.1935343468858790	-0.1712926960224292	0.0062609433668113	0.0105227587147006	0.0011035356299058	0.0003514800483089	
0.3150000000000001	0.5000000000000000	0.2688030084667002	-0.0011412909493812	-0.1900642307787817	-0.1712937320048348	0.0061112874617610	0.0104321681335688	0.0010983560555764	0.0004213816818073	
0.3183333333333334	0.5000000000000000	0.2638989190698853	-0.0011405875065593	-0.1865967233606919	-0.1712947416270304	0.0059638968874455	0.0103437505337645	0.0010923178037345	0.0004893459661849	
0.3216666666666667	0.5000000000000000	0.2589984293345278	-0.0011399021375048	-0.1831317577421828	-0.1712957253524252	0.0058187135617473	0.0102574732873865	0.0010854447645985	0.0005554136567590	
0.3250000000000000	0.5000000000000000	0.2541014462047268	-0.0011392345258974	-0.1796692682152966	-0.1712966836323677	0.0056756804283154	0.0101733046063009	0.0010777603267201	0.0006196244367612	
0.3283333333333334	0.5000000000000000	0.2492078782540864	-0.0011385843637196	-0.1762091902226527	-0.1712976169063620	0.0055347414297453	0.0100912135273814	0.0010692873902342	0.0006820169371775	
0.3316666666666667	0.5000000000000000	0.2443176356427525	-0.0011379513511076	-0.1727514603271120	-0.1712985256022811	0.0053958414812410	0.0100111698981374	0.0010600483798637	0.0007426287560653	
0.3350000000000000	0.5000000000000000	0.2394306300752161	-0.0011373351962071	-0.1692960161819821	-0.1712994101365722	0.0052589264447473	0.0099331443627221	0.0010500652576867	0.0008014964773580	
0.3383333333333334	0.5000000000000000	0.2345467747588636	-0.0011367356150317	-0.1658427965017499	-0.1713002709144584	0.0051239431035397	0.0098571083483148	0.0010393595356723	0.0008586556891649	
0.3416666666666667	0.5000000000000000	0.2296659843632536	-0.0011361523313266	-0.1623917410333280	-0.1713011083301337	0.0049908391372599	0.0097830340518704	0.0010279522879917	0.0009141410015769	
0.3450000000000000	0.5000000000000000	0.2247881749800998	-0.0011355850764343	-0.1589427905277988	-0.1713019227669534	0.0048595630973842	0.0097108944272296	0.0010158641631090	0.0009679860639850	
0.3483333333333334	0.5000000000000000	0.2199132640839416	-0.0011350335891656	-0.1554958867126441	-0.1713027145976188	0.0047300643831132	0.0096406631725835	0.0010031153956602	0.0010202235819227	
0.3516666666666667	0.5000000000000000	0.2150411704934833	-0.0011344976156733	-0.1520509722644479	-0.1713034841843574	0.0046022932176715	0.0095723147182873	0.0009897258181242	0.0010708853334367	
0.3550000000000000	0.5000000000000000	0.2101718143335819	-0.0011339769093296	-0.1486079907820557	-0.1713042318790967	0.0044762006250050	0.0095058242150159	0.0009757148722929	0.0011200021849981	
0.3583333333333334	0.5000000000000000	0.2053051169978675	-0.0011334712306070	-0.1451668867601817	-0.1713049580236349	0.0043517384068661	0.0094411675222570	0.0009611016205452	0.0011676041069580	
0.3616666666666667	0.5000000000000000	0.2004410011119757	-0.0011329803469628	-0.1417276055634473	-0.1713056629498051	0.0042288591202740	0.0093783211971351	0.0009459047569316	0.0012137201885585	
0.3650000000000000	0.5000000000000000	0.1955793904973753	-0.0011325040327270	-0.1382900934008403	-0.1713063469796354	0.0041075160553398	0.0093172624835616	0.0009301426180735	0.0012583786525038	
0.3683333333333334	0.5000000000000000	0.1907202101357748	-0.0011320420689928	-0.1348542973005829	-0.1713070104255048	0.0039876632134462	0.0092579693017062	0.0009138331938841	0.0013016068690995	
0.3716666666666667	0.5000000000000000	0.1858633861340885	-0.0011315942435116	-0.1314201650853941	-0.1713076535902929	0.0038692552857712	0.0092004202377827	0.0008969941381151	0.0013434313699679	
0.3750000000000000	0.5000000000000000	0.1810088456899462	-0.0011311603505903	-0.1279876453481376	-0.1713082767675262	0.0037522476321439	0.0091445945341468	0.0008796427787352	0.0013838778613443	
0.3783333333333333	0.5000000000000000	0.1761565170577312	-0.0011307401909921	-0.1245566874278400	-0.1713088802415204	0.0036365962602246	0.0090904720796985	0.0008617961281452	0.0014229712369619	
0.3816666666666667	0.5000000000000000	0.1713063295151267	-0.0011303335718400	-0.1211272413860710	-0.1713094642875161	0.0035222578049969	0.0090380334005872	0.0008434708932347	0.0014607355905317	
0.3850000000000000	0.5000000000000000	0.1664582133301586	-0.0011299403065242	-0.1176992579836719	-0.1713100291718129	0.0034091895085637	0.0089872596512122	0.0008246834852860	0.0014971942278223	
0.3883333333333334	0.5000000000000000	0.1616120997287154	-0.0011295602146117	-0.1142726886578219	-0.1713105751518967	0.0032973492002352	0.0089381326055166	0.0008054500297292	0.0015323696783476	
0.3916666666666667	0.5000000000000000	0.1567679208625310	-0.0011291931217596	-0.1108474854994313	-0.1713111024765643	0.0031866952769024	0.0088906346485688	0.0007857863757546	0.0015662837066657	
0.3950000000000000	0.5000000000000000	0.1519256097776154	-0.0011288388596305	-0.1074236012308503	-0.1713116113860435	0.0030771866836826	0.0088447487684292	0.0007657081057858	0.0015989573232962	
0.3983333333333333	0.5000000000000000	0.1470851003831164	-0.0011284972658117	-0.1040009891838830	-0.1713121021121085	0.0029687828948316	0.0088004585482950	0.0007452305448198	0.0016304107952607	
0.4016666666666667	0.5000000000000000	0.1422463274205990	-0.0011281681837364	-0.1005796032780956	-0.1713125748781918	0.0028614438949104	0.0087577481589245	0.0007243687696369	0.0016606636562517	
0.4050000000000000	0.5000000000000000	0.1374092264337262	-0.0011278514626085	-0.0971593979994087	-0.1713130298994921	0.0027551301601982	0.0087166023513309	0.0007031376178868	0.0016897347164345	
0.4083333333333333	0.5000000000000000	0.1325737337383279	-0.0011275469573300	-0.0937403283789626	-0.1713134673830773	0.0026498026403439	0.0086770064497480	0.0006815516970546	0.0017176420718882	
0.4116666666666667	0.5000000000000000	0.1277397863928419	-0.0011272545284304	-0.0903223499722466	-0.1713138875279855	0.0025454227402452	0.0086389463448605	0.0006596253933109	0.0017444031136878	
0.4150000000000000	0.5000000000000000	0.1229073221691142	-0.0011269740419998	-0.0869054188384811	-0.1713142905253199	0.0024419523021481	0.0086024084872967	0.0006373728802510	0.0017700345366351	
0.4183333333333333	0.5000000000000000	0.1180762795235436	-0.0011267053696244	-0.0834894915202432	-0.1713146765583410	0.0023393535879574	0.0085673798813815	0.0006148081275274	0.0017945523476403	
0.4216666666666667	0.5000000000000000	0.1132465975685567	-0.0011264483883242	-0.0800745250233251	-0.1713150458025558	0.0022375892617498	0.0085338480791452	0.0005919449093800	0.0018179718737593	
0.4250000000000000	0.5000000000000000	0.1084182160444000	-0.0011262029804940	-0.0766604767968174	-0.1713153984258010	0.0021366223724813	0.0085018011745857	0.0005687968130676	0.0018403077698903	
0.4283333333333333	0.5000000000000000	0.1035910752912348	-0.0011259690338464	-0.0732473047134051	-0.1713157345883253	0.0020364163368805	0.0084712277981824	0.0005453772472063	0.0018615740261338	
0.4316666666666667	0.5000000000000000	0.0987651162215225	-0.0011257464413579	-0.0698349670498693	-0.1713160544428655	0.0019369349225194	0.0084421171116570	0.0005216994500174	0.0018817839748196	
0.4350000000000001	0.5000000000000000	0.0939402802926853	-0.0011255351012169	-0.0664234224677830	-0.1713163581347207	0.0018381422310537	0.0084144588029805	0.0004977764974903	0.0019009502972038	
0.4383333333333334	0.5000000000000000	0.0891165094800306	-0.0011253349167750	-0.0630126299943935	-0.1713166458018222	0.0017400026816240	0.0083882430816239	0.0004736213114634	0.0019190850298395	
0.4416666666666667	0.5000000000000000	0.0842937462499253	-0.0011251457965001	-0.0596025490036811	-0.1713169175747999	0.0016424809944110	0.0083634606740486	0.0004492466676280	0.0019361995706244	
0.4450000000000001	0.5000000000000000	0.0794719335332074	-0.0011249676539323	-0.0561931391975847	-0.1713171735770454	0.0015455421743354	0.0083401028194365	0.0004246652034583	0.0019523046845271	
0.4483333333333334	0.5000000000000000	0.0746510146988217	-0.0011248004076422	-0.0527843605873870	-0.1713174139247711	0.0014491514948955	0.0083181612656561	0.0003998894260724	0.0019674105089973	
0.4516666666666667	0.5000000000000000	0.0698309335276669	-0.0011246439811919	-0.0493761734752476	-0.1713176387270666	0.0013532744821347	0.0082976282654639	0.0003749317200271	0.0019815265590598	
0.4550000000000001	0.5000000000000000	0.0650116341866417	-0.0011244983030975	-0.0459685384358772	-0.1713178480859509	0.0012578768987305	0.0082784965729379	0.0003498043550521	0.0019946617320968	
0.4583333333333334	0.5000000000000000	0.0601930612028773	-0.0011243633067952	-0.0425614162983439	-0.1713180420964220	0.0011629247281981	0.0082607594401433	0.0003245194937256	0.0020068243123194	
0.4616666666666667	0.5000000000000000	0.0553751594381440	-0.0011242389306089	-0.0391547681280013	-0.1713182208465023	0.0010683841592004	0.0082444106140263	0.0002990891990962	0.0020180219749322	
0.4650000000000001	0.5000000000000000	0.0505578740634186	-0.0011241251177208	-0.0357485552085313	-0.1713183844172811	0.0009742215699571	0.0082294443335376	0.0002735254422553	0.0020282617899910	
0.4683333333333333	0.5000000000000000	0.0457411505336022	-0.0011240218161433	-0.0323427390240921	-0.1713185328829536	0.0008804035127452	0.0082158553269811	0.0002478401098626	0.0020375502259571	
0.4716666666666667	0.5000000000000000	0.0409249345623744	-0.0011239289786947	-0.0289372812415632	-0.1713186663108569	0.0007868966984837	0.0082036388095886	0.0002220450116294	0.0020458931529491	
0.4750000000000000	0.5000000000000000	0.0361091720971721	-0.0011238465629759	-0.0255321436928783	-0.1713187847615023	0.0006936679813952	0.0081927904813191	0.0001961518877633	0.0020532958456945	
0.4783333333333334	0.5000000000000000	0.0312938092942819	-0.0011237745313502	-0.0221272883574379	-0.1713188882886041	0.0006006843437356	0.0081833065248801	0.0001701724163780	0.0020597629861813	
0.4816666666666667	0.5000000000000000	0.0264787924940331	-0.0011237128509253	-0.0187226773445936	-0.1713189769391064	0.0005079128805867	0.0081751836039724	0.0001441182208715	0.0020652986660121	
0.4850000000000000	0.5000000000000000	0.0216640681960791	-0.0011236614935369	-0.0153182728761943	-0.1713190507532046	0.0004153207847029	0.0081684188617552	0.0001180008772772	0.0020699063884618	
0.4883333333333333	0.5000000000000000	0.0168495830347560	-0.0011236204357356	-0.0119140372691873	-0.1713191097643656	0.0003228753314049	0.0081630099195324	0.0000918319215909	0.0020735890702387	
0.4916666666666667	0.5000000000000000	0.0120352837545068	-0.0011235896587755	-0.0085099329182653	-0.1713191539993434	0.0002305438635134	0.0081589548756582	0.0000656228570781	0.0020763490429515	
0.4950000000000000	0.5000000000000000	0.0072211171853576	-0.0011235691486050	-0.0051059222785507	-0.1713191834781922	0.0001382937763150	0.0081562523046631	0.0000393851615638	0.0020781880542814	
0.4983333333333334	0.5000000000000000	0.0024070302184362	-0.0011235588958602	-0.0017019678483092	-0.1713191982142765	0.0000460925025546	0.0081549012565982	0.0000131302947111	0.0020791072688613	
0.5016666666666667	0.5000000000000000	-0.0024070302184809	-0.0011235588958602	0.0017019678483163	-0.1713191982142764	-0.0000460925025558	0.0081549012565982	-0.0000131302947109	0.0020791072688614	
0.5050000000000001	0.5000000000000000	-0.0072211171854024	-0.0011235691486050	0.0051059222785579	-0.1713191834781922	-0.0001382937763163	0.0081562523046631	-0.0000393851615636	0.0020781880542814	
0.5083333333333333	0.5000000000000000	-0.0120352837545515	-0.0011235896587755	0.0085099329182725	-0.1713191539993433	-0.0002305438635146	0.0081589548756581	-0.0000656228570779	0.0020763490429515	
0.5116666666666667	0.5000000000000000	-0.0168495830348007	-0.0011236204357356	0.0119140372691944	-0.1713191097643654	-0.0003228753314061	0.0081630099195322	-0.0000918319215907	0.0020735890702388	
0.5150000000000001	0.5000000000000000	-0.0216640681961238	-0.0011236614935368	0.0153182728762014	-0.1713190507532045	-0.0004153207847041	0.0081684188617551	-0.0001180008772770	0.0020699063884619	
0.5183333333333333	0.5000000000000000	-0.0264787924940778	-0.0011237128509252	0.0187226773446008	-0.1713189769391063	-0.0005079128805879	0.0081751836039723	-0.0001441182208713	0.0020652986660123	
0.5216666666666667	0.5000000000000000	-0.0312938092943266	-0.0011237745313502	0.0221272883574451	-0.1713188882886039	-0.0006006843437367	0.0081833065248799	-0.0001701724163778	0.0020597629861815	
0.5250000000000000	0.5000000000000000	-0.0361091720972167	-0.0011238465629758	0.0255321436928854	-0.1713187847615019	-0.0006936679813964	0.0081927904813188	-0.0001961518877631	0.0020532958456947	
0.5283333333333333	0.5000000000000000	-0.0409249345624191	-0.0011239289786946	0.0289372812415704	-0.1713186663108566	-0.0007868966984849	0.0082036388095883	-0.0002220450116292	0.0020458931529493	
0.5316666666666667	0.5000000000000000	-0.0457411505336468	-0.0011240218161432	0.0323427390240992	-0.1713185328829533	-0.0008804035127463	0.0082158553269808	-0.0002478401098624	0.0020375502259573	
0.5350000000000000	0.5000000000000000	-0.0505578740634632	-0.0011241251177207	0.0357485552085384	-0.1713183844172806	-0.0009742215699582	0.0082294443335372	-0.0002735254422552	0.0020282617899913	
0.5383333333333333	0.5000000000000000	-0.0553751594381886	-0.0011242389306088	0.0391547681280085	-0.1713182208465020	-0.0010683841592016	0.0082444106140260	-0.0002990891990960	0.0020180219749325	
0.5416666666666667	0.5000000000000000	-0.0601930612029220	-0.0011243633067950	0.0425614162983510	-0.1713180420964217	-0.0011629247281993	0.0082607594401429	-0.0003245194937254	0.0020068243123197	
0.5450000000000000	0.5000000000000000	-0.0650116341866864	-0.0011244983030974	0.0459685384358843	-0.1713178480859504	-0.0012578768987316	0.0082784965729375	-0.0003498043550520	0.0019946617320971	
0.5483333333333333	0.5000000000000000	-0.0698309335277116	-0.0011246439811917	0.0493761734752547	-0.1713176387270662	-0.0013532744821358	0.0082976282654635	-0.0003749317200269	0.0019815265590601	
0.5516666666666667	0.5000000000000000	-0.0746510146988664	-0.0011248004076421	0.0527843605873941	-0.1713174139247707	-0.0014491514948966	0.0083181612656557	-0.0003998894260722	0.0019674105089976	
0.5550000000000000	0.5000000000000000	-0.0794719335332521	-0.0011249676539322	0.0561931391975918	-0.1713171735770449	-0.0015455421743365	0.0083401028194360	-0.0004246652034582	0.0019523046845274	
0.5583333333333333	0.5000000000000000	-0.0842937462499699	-0.0011251457965000	0.0596025490036882	-0.1713169175747994	-0.0016424809944121	0.0083634606740481	-0.0004492466676278	0.0019361995706247	
0.5616666666666668	0.5000000000000000	-0.0891165094800752	-0.0011253349167749	0.0630126299944006	-0.1713166458018217	-0.0017400026816251	0.0083882430816233	-0.0004736213114632	0.0019190850298399	
0.5649999999999999	0.5000000000000000	-0.0939402802927299	-0.0011255351012168	0.0664234224677900	-0.1713163581347201	-0.0018381422310547	0.0084144588029799	-0.0004977764974901	0.0019009502972042	
0.5683333333333334	0.5000000000000000	-0.0987651162215672	-0.0011257464413578	0.0698349670498764	-0.1713160544428648	-0.0019369349225204	0.0084421171116563	-0.0005216994500172	0.0018817839748200	
0.5716666666666668	0.5000000000000000	-0.1035910752912795	-0.0011259690338463	0.0732473047134123	-0.1713157345883247	-0.0020364163368815	0.0084712277981818	-0.0005453772472061	0.0018615740261342	
0.5750000000000000	0.5000000000000000	-0.1084182160444446	-0.0011262029804938	0.0766604767968245	-0.1713153984258004	-0.0021366223724823	0.0085018011745851	-0.0005687968130675	0.0018403077698908	
0.5783333333333334	0.5000000000000000	-0.1132465975686014	-0.0011264483883240	0.0800745250233323	-0.1713150458025550	-0.0022375892617508	0.0085338480791446	-0.0005919449093798	0.0018179718737598	
0.5816666666666668	0.5000000000000000	-0.1180762795235884	-0.0011267053696241	0.0834894915202503	-0.1713146765583405	-0.0023393535879584	0.0085673798813810	-0.0006148081275273	0.0017945523476408	
0.5850000000000000	0.5000000000000000	-0.1229073221691589	-0.0011269740419996	0.0869054188384883	-0.1713142905253192	-0.0024419523021491	0.0086024084872961	-0.0006373728802508	0.0017700345366355	
0.5883333333333334	0.5000000000000000	-0.1277397863928866	-0.0011272545284302	0.0903223499722537	-0.1713138875279848	-0.0025454227402462	0.0086389463448599	-0.0006596253933107	0.0017444031136882	
0.5916666666666668	0.5000000000000000	-0.1325737337383726	-0.0011275469573298	0.0937403283789697	-0.1713134673830767	-0.0026498026403448	0.0086770064497474	-0.0006815516970544	0.0017176420718886	
0.5950000000000000	0.5000000000000000	-0.1374092264337708	-0.0011278514626083	0.0971593979994157	-0.1713130298994913	-0.0027551301601991	0.0087166023513303	-0.0007031376178866	0.0016897347164350	
0.5983333333333334	0.5000000000000000	-0.1422463274206435	-0.0011281681837362	0.1005796032781026	-0.1713125748781910	-0.0028614438949113	0.0087577481589239	-0.0007243687696367	0.0016606636562521	
0.6016666666666668	0.5000000000000000	-0.1470851003831609	-0.0011284972658114	0.1040009891838899	-0.1713121021121078	-0.0029687828948325	0.0088004585482945	-0.0007452305448197	0.0016304107952611	
0.6050000000000000	0.5000000000000000	-0.1519256097776598	-0.0011288388596303	0.1074236012308571	-0.1713116113860427	-0.0030771866836835	0.0088447487684286	-0.0007657081057857	0.0015989573232966	
0.6083333333333334	0.5000000000000000	-0.1567679208625753	-0.0011291931217594	0.1108474854994380	-0.1713111024765635	-0.0031866952769032	0.0088906346485682	-0.0007857863757544	0.0015662837066661	
0.6116666666666667	0.5000000000000000	-0.1616120997287596	-0.0011295602146116	0.1142726886578286	-0.1713105751518957	-0.0032973492002360	0.0089381326055158	-0.0008054500297291	0.0015323696783481	
0.6150000000000000	0.5000000000000000	-0.1664582133302028	-0.0011299403065240	0.1176992579836785	-0.1713100291718120	-0.0034091895085644	0.0089872596512115	-0.0008246834852859	0.0014971942278227	
0.6183333333333334	0.5000000000000000	-0.1713063295151707	-0.0011303335718399	0.1211272413860775	-0.1713094642875151	-0.0035222578049976	0.0090380334005865	-0.0008434708932347	0.0014607355905321	
0.6216666666666667	0.5000000000000000	-0.1761565170577751	-0.0011307401909920	0.1245566874278464	-0.1713088802415193	-0.0036365962602252	0.0090904720796978	-0.0008617961281452	0.0014229712369625	
0.6250000000000000	0.5000000000000000	-0.1810088456899902	-0.0011311603505902	0.1279876453481441	-0.1713082767675252	-0.0037522476321445	0.0091445945341461	-0.0008796427787352	0.0013838778613449	
0.6283333333333334	0.5000000000000000	-0.1858633861341324	-0.0011315942435114	0.1314201650854006	-0.1713076535902918	-0.0038692552857717	0.0092004202377820	-0.0008969941381150	0.0013434313699685	
0.6316666666666667	0.5000000000000000	-0.1907202101358189	-0.0011320420689926	0.1348542973005894	-0.1713070104255037	-0.0039876632134468	0.0092579693017054	-0.0009138331938840	0.0013016068691001	
0.6350000000000000	0.5000000000000000	-0.1955793904974193	-0.0011325040327268	0.1382900934008468	-0.1713063469796343	-0.0041075160553403	0.0093172624835608	-0.0009301426180735	0.0012583786525044	
0.6383333333333334	0.5000000000000000	-0.2004410011120197	-0.0011329803469627	0.1417276055634537	-0.1713056629498038	-0.0042288591202745	0.0093783211971343	-0.0009459047569316	0.0012137201885591	
0.6416666666666667	0.5000000000000000	-0.2053051169979115	-0.0011334712306069	0.1451668867601881	-0.1713049580236335	-0.0043517384068666	0.0094411675222562	-0.0009611016205452	0.0011676041069586	
0.6450000000000000	0.5000000000000000	-0.2101718143336259	-0.0011339769093295	0.1486079907820621	-0.1713042318790954	-0.0044762006250054	0.0095058242150151	-0.0009757148722929	0.0011200021849987	
0.6483333333333334	0.5000000000000000	-0.2150411704935272	-0.0011344976156732	0.1520509722644542	-0.1713034841843561	-0.0046022932176719	0.0095723147182865	-0.0009897258181242	0.0010708853334374	
0.6516666666666666	0.5000000000000000	-0.2199132640839855	-0.0011350335891655	0.1554958867126504	-0.1713027145976175	-0.0047300643831136	0.0096406631725826	-0.0010031153956602	0.0010202235819234	
0.6550000000000000	0.5000000000000000	-0.2247881749801437	-0.0011355850764341	0.1589427905278051	-0.1713019227669519	-0.0048595630973846	0.0097108944272286	-0.0010158641631090	0.0009679860639858	
0.6583333333333334	0.5000000000000000	-0.2296659843632975	-0.0011361523313264	0.1623917410333343	-0.1713011083301323	-0.0049908391372603	0.0097830340518695	-0.0010279522879917	0.0009141410015776	
0.6616666666666666	0.5000000000000000	-0.2345467747589073	-0.0011367356150315	0.1658427965017561	-0.1713002709144570	-0.0051239431035400	0.0098571083483139	-0.0010393595356724	0.0008586556891657	
0.6650000000000000	0.5000000000000000	-0.2394306300752597	-0.0011373351962069	0.1692960161819882	-0.1712994101365707	-0.0052589264447476	0.0099331443627211	-0.0010500652576867	0.0008014964773589	
0.6683333333333334	0.5000000000000000	-0.2443176356427962	-0.0011379513511074	0.1727514603271181	-0.1712985256022796	-0.0053958414812413	0.0100111698981365	-0.0010600483798637	0.0007426287560661	
0.6716666666666666	0.5000000000000000	-0.2492078782541299	-0.0011385843637194	0.1762091902226587	-0.1712976169063606	-0.0055347414297456	0.0100912135273805	-0.0010692873902343	0.0006820169371782	
0.6750000000000000	0.5000000000000000	-0.2541014462047702	-0.0011392345258973	0.1796692682153024	-0.1712966836323661	-0.0056756804283156	0.0101733046062999	-0.0010777603267201	0.0006196244367620	
0.6783333333333335	0.5000000000000000	-0.2589984293345710	-0.0011399021375046	0.1831317577421886	-0.1712957253524238	-0.0058187135617474	0.0102574732873856	-0.0010854447645985	0.0005554136567597	
0.6816666666666666	0.5000000000000000	-0.2638989190699283	-0.0011405875065591	0.1865967233606976	-0.1712947416270289	-0.0059638968874457	0.0103437505337637	-0.0010923178037345	0.0004893459661856	
0.6850000000000001	0.5000000000000000	-0.2688030084667431	-0.0011412909493809	0.1900642307787873	-0.1712937320048334	-0.0061112874617611	0.0104321681335680	-0.0010983560555764	0.0004213816818079	
0.6883333333333334	0.5000000000000000	-0.2737107922541722	-0.0011420127907457	0.1935343468858846	-0.1712926960224277	-0.0062609433668113	0.0105227587146998	-0.0011035356299058	0.0003514800483095	
0.6916666666666667	0.5000000000000000	-0.2786223668791885	-0.0011427533640417	0.1970071397843484	-0.1712916332041172	-0.0064129237377977	0.0106155557599819	-0.0011078321213381	0.0002795992179158	
0.6950000000000001	0.5000000000000000	-0.2835378305519707	-0.0011435130114300	0.2004826788215202	-0.1712905430616924	-0.0065672887908302	0.0107105936227149	-0.0011112205955645	0.0002056962294806	
0.6983333333333334	0.5000000000000000	-0.2884572832921474	-0.0011442920840105	0.2039610346223749	-0.1712894250941939	-0.0067240998512765	0.0108079075426430	-0.0011136755753299	0.0001297269870198	
0.7016666666666667	0.5000000000000000	-0.2933808269759134	-0.0011450909419910	0.2074422791227901	-0.1712882787876703	-0.0068834193826459	0.0109075336623368	-0.0011151710261398	0.0000516462376816	
0.7050000000000000	0.5000000000000000	-0.2983085653840465	-0.0011459099548616	0.2109264856034492	-0.1712871036149302	-0.0070453110160242	0.0110095090440014	-0.0011156803416886	-0.0000285924508559	
0.7083333333333334	0.5000000000000000	-0.3032406042508428	-0.0011467495015729	0.2144137287243954	-0.1712858990352877	-0.0072098395800732	0.0111138716867177	-0.0011151763290021	-0.0001110367135726	
0.7116666666666667	0.5000000000000000	-0.3081770513139987	-0.0011476099707189	0.2179040845602513	-0.1712846644943019	-0.0073770711316093	0.0112206605441254	-0.0011136311932873	-0.0001957354118905	
0.7150000000000001	0.5000000000000000	-0.3131180163654599	-0.0011484917607252	0.2213976306361237	-0.1712833994235087	-0.0075470729867755	0.0113299155425556	-0.0011110165224813	-0.0002827386580639	
0.7183333333333334	0.5000000000000000	-0.3180636113032654	-0.0011493952800410	0.2248944459642099	-0.1712821032401467	-0.0077199137528229	0.0114416775996231	-0.0011073032714928	-0.0003720978401910	
0.7216666666666667	0.5000000000000000	-0.3230139501844093	-0.0011503209473366	0.2283946110811222	-0.1712807753468760	-0.0078956633605167	0.0115559886432859	-0.0011024617461268	-0.0004638656478563	
0.7250000000000001	0.5000000000000000	-0.3279691492787469	-0.0011512691917059	0.2318982080859509	-0.1712794151314896	-0.0080743930971819	0.0116728916313824	-0.0010964615866856	-0.0005580960984168	
0.7283333333333334	0.5000000000000000	-0.3329293271239715	-0.0011522404528734	0.2354053206790823	-0.1712780219666178	-0.0082561756404054	0.0117924305716544	-0.0010892717512387	-0.0006548445639464	
0.7316666666666667	0.5000000000000000	-0.3378946045816874	-0.0011532351814066	0.2389160342017917	-0.1712765952094260	-0.0084410850924104	0.0119146505422673	-0.0010808604985505	-0.0007541677988499	
0.7350000000000001	0.5000000000000000	-0.3428651048946078	-0.0011542538389342	0.2424304356766294	-0.1712751342013031	-0.0086291970151201	0.0120395977128353	-0.0010711953706614	-0.0008561239681607	
0.7383333333333334	0.5000000000000000	-0.3478409537449045	-0.0011552968983686	0.2459486138486212	-0.1712736382675445	-0.0088205884659274	0.0121673193659644	-0.0010602431751097	-0.0009607726765363	
0.7416666666666667	0.5000000000000000	-0.3528222793137377	-0.0011563648441347	0.2494706592273012	-0.1712721067170263	-0.0090153380341881	0.0122978639193208	-0.0010479699667886	-0.0010681749979656	
0.7450000000000000	0.5000000000000000	-0.3578092123419936	-0.0011574581724045	0.2529966641295986	-0.1712705388418706	-0.0092135258784553	0.0124312809482369	-0.0010343410294274	-0.0011783935062019	
0.7483333333333333	0.5000000000000000	-0.3628018861922634	-0.0011585773913356	0.2565267227235991	-0.1712689339171049	-0.0094152337644727	0.0125676212088671	-0.0010193208566886	-0.0012914923059381	
0.7516666666666667	0.5000000000000000	-0.3678004369120882	-0.0011597230213183	0.2600609310732021	-0.1712672912003108	-0.0096205451039464	0.0127069366619011	-0.0010028731328711	-0.0014075370647366	
0.7550000000000001	0.5000000000000000	-0.3728050032985035	-0.0011608955952261	0.2635993871836948	-0.1712656099312664	-0.0098295449941116	0.0128492804968497	-0.0009849607132113	-0.0015265950457329	
0.7583333333333333	0.5000000000000000	-0.3778157269639150	-0.0011620956586736	0.2671421910482658	-0.1712638893315783	-0.0100423202581165	0.0129947071569128	-0.0009655456037695	-0.0016487351411255	
0.7616666666666667	0.5000000000000000	-0.3828327524033369	-0.0011633237702805	0.2706894446954812	-0.1712621286043062	-0.0102589594862404	0.0131432723644425	-0.0009445889408953	-0.0017740279064711	
0.7650000000000001	0.5000000000000000	-0.3878562270630243	-0.0011645805019412	0.2742412522377456	-0.1712603269335780	-0.0104795530779672	0.0132950331470129	-0.0009220509702588	-0.0019025455958007	
0.7683333333333333	0.5000000000000000	-0.3928863014105345	-0.0011658664391016	0.2777977199207707	-0.1712584834841946	-0.0107041932849350	0.0134500478641102	-0.0008978910254392	-0.0020343621975727	
0.7716666666666667	0.5000000000000000	-0.3979231290062509	-0.0011671821810421	0.2813589561740778	-0.1712565974012276	-0.0109329742547810	0.0136083762344551	-0.0008720675060590	-0.0021695534714832	
0.7750000000000001	0.5000000000000000	-0.4029668665764036	-0.0011685283411671	0.2849250716625563	-0.1712546678096060	-0.0111659920759054	0.0137700793639714	-0.0008445378554540	-0.0023081969861496	
0.7783333333333333	0.5000000000000000	-0.4080176740876216	-0.0011699055473022	0.2884961793391048	-0.1712526938136925	-0.0114033448231738	0.0139352197744134	-0.0008152585378675	-0.0024503721576848	
0.7816666666666667	0.5000000000000000	-0.4130757148230557	-0.0011713144419970	0.2920723944983795	-0.1712506744968517	-0.0116451326045810	0.0141038614326676	-0.0007841850151571	-0.0025961602891843	
0.7850000000000000	0.5000000000000000	-0.4181411554601045	-0.0011727556828363	0.2956538348316760	-0.1712486089210069	-0.0118914576089005	0.0142760697807413	-0.0007512717230042	-0.0027456446111426	
0.7883333333333333	0.5000000000000000	-0.4232141661497853	-0.0011742299427581	0.2992406204829720	-0.1712464961261864	-0.0121424241543389	0.0144519117664524	-0.0007164720466118	-0.0028989103228189	
0.7916666666666667	0.5000000000000000	-0.4282949205977862	-0.0011757379103790	0.3028328741061568	-0.1712443351300600	-0.0123981387382239	0.0146314558748380	-0.0006797382958820	-0.0030560446345739	
0.7950000000000000	0.5000000000000000	-0.4333835961472396	-0.0011772802903273	0.3064307209234769	-0.1712421249274638	-0.0126587100877451	0.0148147721602930	-0.0006410216800575	-0.0032171368111967	
0.7983333333333333	0.5000000000000000	-0.4384803738632557	-0.0011788578035835	0.3100342887852236	-0.1712398644899148	-0.0129242492117755	0.0150019322794579	-0.0006002722818174	-0.0033822782162439	
0.8016666666666666	0.5000000000000000	-0.4435854386192594	-0.0011804711878296	0.3136437082306949	-0.1712375527651128	-0.0131948694537982	0.0151930095248687	-0.0005574390308130	-0.0035515623574120	
0.8050000000000000	0.5000000000000000	-0.4486989791851723	-0.0011821211978055	0.3172591125504585	-0.1712351886764330	-0.0134706865459624	0.0153880788593880	-0.0005124696766308	-0.0037250849329658	
0.8083333333333333	0.5000000000000000	-0.4538211883174790	-0.0011838086056741	0.3208806378499475	-0.1712327711224047	-0.0137518186642971	0.0155872169514319	-0.0004653107611699	-0.0039029438792450	
0.8116666666666668	0.5000000000000000	-0.4589522628512259	-0.0011855342013953	0.3245084231144190	-0.1712302989761787	-0.0140383864851081	0.0157905022110100	-0.0004159075904199	-0.0040852394192718	
0.8150000000000001	0.5000000000000000	-0.4640924037939955	-0.0011872987931079	0.3281426102753077	-0.1712277710849828	-0.0143305132425855	0.0159980148265976	-0.0003642042056248	-0.0042720741124849	
0.8183333333333334	0.5000000000000000	-0.4692418164219003	-0.0011891032075205	0.3317833442780067	-0.1712251862695643	-0.0146283247876504	0.0162098368028556	-0.0003101433538202	-0.0044635529056225	
0.8216666666666668	0.5000000000000000	-0.4744007103776451	-0.0011909482903119	0.3354307731511070	-0.1712225433236194	-0.0149319496480690	0.0164260519992181	-0.0002536664577276	-0.0046597831847786	
0.8250000000000001	0.5000000000000000	-0.4795692997707048	-0.0011928349065399	0.3390850480771322	-0.1712198410132104	-0.0152415190898632	0.0166467461693661	-0.0001947135849921	-0.0048608748286611	
0.8283333333333334	0.5000000000000000	-0.4847478032796643	-0.0011947639410601	0.3427463234647995	-0.1712170780761684	-0.0155571671800474	0.0168720070016053	-0.0001332234167484	-0.0050669402630742	
0.8316666666666668	0.5000000000000000	-0.4899364442567738	-0.0011967362989543	0.3464147570228440	-0.1712142532214832	-0.0158790308507226	0.0171019241601692	-0.0000691332154984	-0.0052780945166535	
0.8350000000000000	0.5000000000000000	-0.4951354508347670	-0.0011987529059683	0.3500905098354420	-0.1712113651286787	-0.0162072499645584	0.0173365893274661	-0.0000023787922866	-0.0054944552778809	
0.8383333333333334	0.5000000000000000	-0.5003450560359960	-0.0012008147089601	0.3537737464392695	-0.1712084124471739	-0.0165419673816938	0.0175760962472914	0.0000671055268449	-0.0057161429534062	
0.8416666666666667	0.5000000000000000	-0.5055654978839343	-0.0012029226763581	0.3574646349022329	-0.1712053937956302	-0.0168833290280918	0.0178205407690261	0.0001393869351366	-0.0059432807277057	
0.8450000000000000	0.5000000000000000	-0.5107970195171042	-0.0012050777986300	0.3611633469039118	-0.1712023077612825	-0.0172314839653783	0.0180700208928416	0.0002145341801449	-0.0061759946241046	
0.8483333333333334	0.5000000000000000	-0.5160398693054818	-0.0012072810887624	0.3648700578177502	-0.1711991528992559	-0.0175865844622006	0.0183246368159349	0.0002926175995455	-0.0064144135671944	
0.8516666666666668	0.5000000000000000	-0.5212943009694372	-0.0012095335827508	0.3685849467950393	-0.1711959277318667	-0.0179487860671403	0.0185844909798148	0.0003737091577238	-0.0066586694466763	
0.8550000000000000	0.5000000000000000	-0.5265605737012671	-0.0012118363401014	0.3723081968507296	-0.1711926307479073	-0.0183182476832145	0.0188496881186623	0.0004578824831716	-0.0069088971826596	
0.8583333333333334	0.5000000000000000	-0.5318389522893804	-0.0012141904443445	0.3760399949511163	-0.1711892604019148	-0.0186951316440042	0.0191203353087896	0.0005452129067075	-0.0071652347924490	
0.8616666666666668	0.5000000000000000	-0.5371297072451940	-0.0012165970035581	0.3797805321034393	-0.1711858151134236	-0.0190796037914435	0.0193965420192214	0.0006357775005391	-0.0074278234588531	
0.8650000000000000	0.5000000000000000	-0.5424331149328048	-0.0012190571509056	0.3835300034474415	-0.1711822932661998	-0.0194718335553106	0.0196784201634209	0.0007296551181885	-0.0076968076000459	
0.8683333333333334	0.5000000000000000	-0.5477494577014946	-0.0012215720451839	0.3872886083489308	-0.1711786932074592	-0.0198719940344563	0.0199660841521891	0.0008269264352982	-0.0079723349410172	
0.8716666666666668	0.5000000000000000	-0.5530790240211408	-0.0012241428713846	0.3910565504953890	-0.1711750132470679	-0.0202802620798125	0.0202596509477606	0.0009276739913389	-0.0082545565866461	
0.8750000000000000	0.5000000000000000	-0.5584221086205892	-0.0012267708412683	0.3948340379936767	-0.1711712516567231	-0.0206968183792174	0.0205592401191224	0.0010319822322391	-0.0085436270964324	
0.8783333333333334	0.5000000000000000	-0.5637790126290645	-0.0012294571939509	0.3986212834698808	-0.1711674066691176	-0.0211218475441025	0.0208649738985836	0.0011399375539577	-0.0088397045609246	
0.8816666666666667	0.5000000000000000	-0.5691500437206807	-0.0012322031965043	0.4024185041713511	-0.1711634764770832	-0.0215555381980803	0.0211769772396220	0.0012516283470207	-0.0091429506798783	
0.8850000000000000	0.5000000000000000	-0.5745355162621268	-0.0012350101445698	0.4062259220709786	-0.1711594592327169	-0.0219980830674775	0.0214953778760367	0.0013671450420445	-0.0094535308421874	
0.8883333333333334	0.5000000000000000	-0.5799357514635951	-0.0012378793629860	0.4100437639737644	-0.1711553530464849	-0.0224496790738568	0.0218203063824349	0.0014865801562668	-0.0097716142076224	
0.8916666666666667	0.5000000000000000	-0.5853510775330282	-0.0012408122064305	0.4138722616257315	-0.1711511559863088	-0.0229105274285737	0.0221518962360826	0.0016100283411096	-0.0100973737904204	
0.8950000000000000	0.5000000000000000	-0.5907818298337598	-0.0012438100600759	0.4177116518252318	-0.1711468660766297	-0.0233808337294116	0.0224902838801484	0.0017375864307960	-0.0104309865447639	
0.8983333333333333	0.5000000000000000	-0.5962283510456223	-0.0012468743402617	0.4215621765367026	-0.1711424812974510	-0.0238608080593445	0.0228356087883718	0.0018693534920461	-0.0107726334521913	
0.9016666666666667	0.5000000000000000	-0.6016909913296058	-0.0012500064951798	0.4254240830069295	-0.1711379995833608	-0.0243506650874750	0.0231880135311874	0.0020054308748756	-0.0111224996109832	
0.9050000000000000	0.5000000000000000	-0.6071701084961409	-0.0012532080055760	0.4292976238838689	-0.1711334188225319	-0.0248506241721951	0.0235476438433369	0.0021459222645217	-0.0114807743275656	
0.9083333333333334	0.5000000000000000	-0.6126660681770940	-0.0012564803854686	0.4331830573380909	-0.1711287368556975	-0.0253609094666213	0.0239146486930002	0.0022909337345222	-0.0118476512099761	
0.9116666666666667	0.5000000000000000	-0.6181792440015547	-0.0012598251828811	0.4370806471869002	-0.1711239514751070	-0.0258817500263556	0.0242891803524827	0.0024405738009745	-0.0122233282634384	
0.9150000000000000	0.5000000000000000	-0.6237100177754995	-0.0012632439805929	0.4409906630211948	-0.1711190604234558	-0.0264133799196224	0.0246713944704889	0.0025949534779995	-0.0126080079880919	
0.9183333333333334	0.5000000000000000	-0.6292587796654254	-0.0012667383969063	0.4449133803351260	-0.1711140613927915	-0.0269560383398384	0.0250614501460204	0.0027541863344385	-0.0130018974789235	
0.9216666666666666	0.5000000000000000	-0.6348259283860340	-0.0012703100864308	0.4488490806586199	-0.1711089520233965	-0.0275099697206661	0.0254595100039332	0.0029183885518120	-0.0134052085279508	
0.9250000000000000	0.5000000000000000	-0.6404118713920653	-0.0012739607408849	0.4527980516928289	-0.1711037299026441	-0.0280754238536109	0.0258657402721895	0.0030876789835656	-0.0138181577287060	
0.9283333333333335	0.5000000000000000	-0.6460170250743684	-0.0012776920899165	0.4567605874485732	-0.1710983925638306	-0.0286526560082159	0.0262803108608444	0.0032621792156360	-0.0142409665830731	
0.9316666666666666	0.5000000000000000	-0.6516418149603082	-0.0012815059019411	0.4607369883878460	-0.1710929374849788	-0.0292419270549135	0.0267033954428030	0.0034420136283636	-0.0146738616105272	
0.9350000000000001	0.5000000000000000	-0.6572866759186030	-0.0012854039849993	0.4647275615684462	-0.1710873620876166	-0.0298435035905951	0.0271351715363893	0.0036273094597838	-0.0151170744598334	
0.9383333333333334	0.5000000000000000	-0.6629520523686951	-0.0012893881876328	0.4687326207918116	-0.1710816637355281	-0.0304576580669575	0.0275758205897645	0.0038181968703273	-0.0155708420232563	
0.9416666666666667	0.5000000000000000	-0.6686383984947532	-0.0012934603997815	0.4727524867541229	-0.1710758397334748	-0.0310846689216901	0.0280255280672382	0.0040148090089608	-0.0160354065533365	
0.9450000000000001	0.5000000000000000	-0.6743461784644127	-0.0012976225536990	0.4767874872007534	-0.1710698873258901	-0.0317248207125665	0.0284844835375129	0.0042172820808019	-0.0165110157822935	
0.9483333333333335	0.5000000000000000	-0.6800758666523600	-0.0013018766248899	0.4808379570841383	-0.1710638036955443	-0.0323784042545043	0.0289528807639048	0.0044257554162391	-0.0169979230441100	
0.9516666666666667	0.5000000000000000	-0.6858279478688679	-0.0013062246330675	0.4849042387251399	-0.1710575859621780	-0.0330457167596611	0.0294309177965848	0.0046403715415931	-0.0174963873993580	
0.9550000000000001	0.5000000000000000	-0.6916029175933959	-0.0013106686431337	0.4889866819779898	-0.1710512311811063	-0.0337270619806348	0.0299187970668845	0.0048612762513519	-0.0180066737628296	
0.9583333333333335	0.5000000000000000	-0.6974012822133656	-0.0013152107661797	0.4930856443988847	-0.1710447363417925	-0.0344227503568371	0.0304167254837134	0.0050886186820166	-0.0185290530340321	
0.9616666666666667	0.5000000000000000	-0.7032235592682301	-0.0013198531605105	0.4972014914183200	-0.1710380983663868	-0.0351330991641107	0.0309249145321322	0.0053225513875931	-0.0190638022306114	
0.9650000000000001	0.5000000000000000	-0.7090702776989545	-0.0013245980326907	0.5013345965172440	-0.1710313141082358	-0.0358584326676656	0.0314435803741329	0.0055632304167673	-0.0196112046247715	
0.9683333333333334	0.5000000000000000	-0.7149419781030296	-0.0013294476386158	0.5054853414071203	-0.1710243803503562	-0.0365990822784054	0.0319729439516725	0.0058108153918011	-0.0201715498827522	
0.9716666666666667	0.5000000000000000	-0.7208392129951420	-0.0013344042846056	0.5096541162139818	-0.1710172938038752	-0.0373553867127223	0.0325132310920110	0.0060654695891877	-0.0207451342074373	
0.9750000000000001	0.5000000000000000	-0.7267625470736269	-0.0013394703285234	0.5138413196665704	-0.1710100511064356	-0.0381276921558368	0.0330646726154038	0.0063273600221066	-0.0213322604841588	
0.9783333333333334	0.5000000000000000	-0.7327125574928351	-0.0013446481809194	0.5180473592886502	-0.1710026488205659	-0.0389163524287620	0.0336275044452036	0.0065966575247169	-0.0219332384297725	
0.9816666666666667	0.5000000000000000	-0.7386898341415449	-0.0013499403062002	0.5222726515955907	-0.1709950834320134	-0.0397217291589747	0.0342019677204220	0.0068735368383327	-0.0225483847450735	
0.9850000000000001	0.5000000000000000	-0.7446949799275540	-0.0013553492238246	0.5265176222953124	-0.1709873513480391	-0.0405441919548740	0.0347883089108060	0.0071581766995197	-0.0231780232706285	
0.9883333333333334	0.5000000000000000	-0.7507286110685912	-0.0013608775095256	0.5307827064936963	-0.1709794488956767	-0.0413841185841144	0.0353867799344885	0.0074507599301585	-0.0238224851461009	
0.9916666666666667	0.5000000000000000	-0.7567913573896884	-0.0013665277965599	0.5350683489045523	-0.1709713723199503	-0.0422418951558995	0.0359976382782646	0.0077514735295179	-0.0244821089731442	
0.9950000000000000	0.5000000000000000	-0.7628838626271564	-0.0013723027769861	0.5393750040642535	-0.1709631177820535	-0.0431179163073228	0.0366211471205566	0.0080605087683826	-0.0251572409819452	
0.9983333333333333	0.5000000000000000	-0.7690067847393155	-0.0013782052029706	0.5437031365511376	-0.1709546813574872	-0.0440125853938508	0.0372575754571251	0.0083780612852823	-0.0258482352014980	
