0.751000	0.500000	-0.376342	-0.004278	-0.000000	0.266114	-0.000000	0.270444	0.270444	-0.179696	0.000000	-0.109999	-0.109999	0.000000	0.000000	
0.753000	0.500000	-0.379337	-0.004278	-0.000000	0.268232	-0.000000	0.272610	0.272610	-0.179663	0.000000	-0.110028	-0.110028	0.000000	0.000000	
0.755000	0.500000	-0.382331	-0.004277	-0.000000	0.270349	-0.000000	0.274777	0.274777	-0.179629	0.000000	-0.110057	-0.110057	0.000000	0.000000	
0.757000	0.500000	-0.385325	-0.004277	-0.000000	0.272466	-0.000000	0.276944	0.276944	-0.179595	0.000000	-0.110086	-0.110086	0.000000	0.000000	
0.759000	0.500000	-0.388319	-0.004277	-0.000000	0.274583	-0.000000	0.279112	0.279112	-0.179561	0.000000	-0.110115	-0.110115	0.000000	0.000000	
0.761000	0.500000	-0.391313	-0.004277	-0.000000	0.276700	-0.000000	0.281280	0.281280	-0.179526	0.000000	-0.110145	-0.110145	0.000000	0.000000	
0.763000	0.500000	-0.394307	-0.004276	-0.000000	0.278817	-0.000000	0.283448	0.283448	-0.179491	0.000000	-0.110176	-0.110176	0.000000	0.000000	
0.765000	0.500000	-0.397300	-0.004276	-0.000000	0.280934	-0.000000	0.285616	0.285616	-0.179455	0.000000	-0.110206	-0.110206	0.000000	0.000000	
0.767000	0.500000	-0.400293	-0.004276	-0.000000	0.283050	-0.000000	0.287785	0.287785	-0.179420	0.000000	-0.110237	-0.110237	0.000000	0.000000	
0.769000	0.500000	-0.403286	-0.004275	-0.000000	0.285167	-0.000000	0.289954	0.289954	-0.179383	0.000000	-0.110269	-0.110269	0.000000	0.000000	
0.771000	0.500000	-0.406279	-0.004275	-0.000000	0.287283	-0.000000	0.292123	0.292123	-0.179347	0.000000	-0.110300	-0.110300	0.000000	0.000000	
0.773000	0.500000	-0.409272	-0.004275	-0.000000	0.289399	-0.000000	0.294292	0.294292	-0.179310	0.000000	-0.110332	-0.110332	0.000000	0.000000	
0.775000	0.500000	-0.412264	-0.004274	-0.000000	0.291515	-0.000000	0.296462	0.296462	-0.179272	0.000000	-0.110365	-0.110365	0.000000	0.000000	
0.777000	0.500000	-0.415256	-0.004274	-0.000000	0.293630	-0.000000	0.298632	0.298632	-0.179234	0.000000	-0.110398	-0.110398	0.000000	0.000000	
0.779000	0.500000	-0.418247	-0.004273	-0.000000	0.295746	-0.000000	0.300802	0.300802	-0.179196	0.000000	-0.110431	-0.110431	0.000000	0.000000	
0.781000	0.500000	-0.421239	-0.004273	-0.000000	0.297861	-0.000000	0.302973	0.302973	-0.179158	0.000000	-0.110464	-0.110464	0.000000	0.000000	
0.783000	0.500000	-0.424230	-0.004273	-0.000000	0.299976	-0.000000	0.305143	0.305143	-0.179119	0.000000	-0.110498	-0.110498	0.000000	0.000000	
0.785000	0.500000	-0.427220	-0.004272	-0.000000	0.302091	-0.000000	0.307314	0.307314	-0.179079	0.000000	-0.110532	-0.110532	0.000000	0.000000	
0.787000	0.500000	-0.430211	-0.004272	-0.000000	0.304205	-0.000000	0.309486	0.309486	-0.179039	0.000000	-0.110567	-0.110567	0.000000	0.000000	
0.789000	0.500000	-0.433201	-0.004271	-0.000000	0.306320	-0.000000	0.311657	0.311657	-0.178999	0.000000	-0.110602	-0.110602	0.000000	0.000000	
0.791000	0.500000	-0.436190	-0.004270	-0.000000	0.308434	-0.000000	0.313829	0.313829	-0.178959	0.000000	-0.110638	-0.110638	0.000000	0.000000	
0.793000	0.500000	-0.439180	-0.004270	-0.000000	0.310547	-0.000000	0.316001	0.316001	-0.178917	0.000000	-0.110673	-0.110673	0.000000	0.000000	
0.795000	0.500000	-0.442169	-0.004269	-0.000000	0.312661	-0.000000	0.318173	0.318173	-0.178876	0.000000	-0.110710	-0.110710	0.000000	0.000000	
0.797000	0.500000	-0.445157	-0.004269	-0.000000	0.314774	-0.000000	0.320346	0.320346	-0.178834	0.000000	-0.110746	-0.110746	0.000000	0.000000	
0.799000	0.500000	-0.448145	-0.004268	-0.000000	0.316887	-0.000000	0.322518	0.322518	-0.178792	0.000000	-0.110783	-0.110783	0.000000	0.000000	
0.801000	0.500000	-0.451132	-0.004267	-0.000000	0.318999	-0.000000	0.324691	0.324691	-0.178749	0.000000	-0.110821	-0.110821	0.000000	0.000000	
0.803000	0.500000	-0.454119	-0.004267	-0.000000	0.321112	-0.000000	0.326864	0.326864	-0.178706	0.000000	-0.110859	-0.110859	0.000000	0.000000	
0.805000	0.500000	-0.457106	-0.004266	-0.000000	0.323223	-0.000000	0.329038	0.329038	-0.178662	0.000000	-0.110897	-0.110897	0.000000	0.000000	
0.807000	0.500000	-0.460092	-0.004265	-0.000000	0.325335	-0.000000	0.331211	0.331211	-0.178618	0.000000	-0.110936	-0.110936	0.000000	0.000000	
0.809000	0.500000	-0.463077	-0.004264	-0.000000	0.327446	-0.000000	0.333385	0.333385	-0.178574	0.000000	-0.110975	-0.110975	0.000000	0.000000	
0.811000	0.500000	-0.466062	-0.004263	-0.000000	0.329556	-0.000000	0.335559	0.335559	-0.178529	0.000000	-0.111014	-0.111014	0.000000	0.000000	
0.813000	0.500000	-0.469046	-0.004262	-0.000000	0.331666	-0.000000	0.337733	0.337733	-0.178484	0.000000	-0.111054	-0.111054	0.000000	0.000000	
0.815000	0.500000	-0.472029	-0.004261	-0.000000	0.333776	-0.000000	0.339907	0.339907	-0.178438	0.000000	-0.111095	-0.111095	0.000000	0.000000	
0.817000	0.500000	-0.475012	-0.004260	-0.000000	0.335885	-0.000000	0.342082	0.342082	-0.178392	0.000000	-0.111136	-0.111136	0.000000	0.000000	
0.819000	0.500000	-0.477993	-0.004259	-0.000000	0.337993	-0.000000	0.344256	0.344256	-0.178345	0.000000	-0.111177	-0.111177	0.000000	0.000000	
0.821000	0.500000	-0.480974	-0.004258	-0.000000	0.340101	-0.000000	0.346431	0.346431	-0.178298	0.000000	-0.111219	-0.111219	0.000000	0.000000	
0.823000	0.500000	-0.483955	-0.004257	-0.000000	0.342209	-0.000000	0.348605	0.348605	-0.178251	0.000000	-0.111261	-0.111261	0.000000	0.000000	
0.825000	0.500000	-0.486934	-0.004255	-0.000000	0.344316	-0.000000	0.350780	0.350780	-0.178203	0.000000	-0.111304	-0.111304	0.000000	0.000000	
0.827000	0.500000	-0.489912	-0.004254	-0.000000	0.346422	-0.000000	0.352955	0.352955	-0.178155	0.000000	-0.111347	-0.111347	0.000000	0.000000	
0.829000	0.500000	-0.492890	-0.004252	-0.000000	0.348527	-0.000000	0.355130	0.355130	-0.178106	0.000000	-0.111391	-0.111391	0.000000	0.000000	
0.831000	0.500000	-0.495866	-0.004251	-0.000000	0.350632	-0.000000	0.357305	0.357305	-0.178057	0.000000	-0.111435	-0.111435	0.000000	0.000000	
0.833000	0.500000	-0.498841	-0.004249	-0.000000	0.352736	-0.000000	0.359479	0.359479	-0.178007	0.000000	-0.111480	-0.111480	0.000000	0.000000	
0.835000	0.500000	-0.501815	-0.004248	-0.000000	0.354839	-0.000000	0.361654	0.361654	-0.177957	0.000000	-0.111525	-0.111525	0.000000	0.000000	
0.837000	0.500000	-0.504788	-0.004246	-0.000000	0.356941	-0.000000	0.363829	0.363829	-0.177906	0.000000	-0.111571	-0.111571	0.000000	0.000000	
0.839000	0.500000	-0.507759	-0.004244	-0.000000	0.359042	-0.000000	0.366003	0.366003	-0.177855	0.000000	-0.111617	-0.111617	0.000000	0.000000	
0.841000	0.500000	-0.510730	-0.004242	-0.000000	0.361142	-0.000000	0.368178	0.368178	-0.177804	0.000000	-0.111664	-0.111664	0.000000	0.000000	
0.843000	0.500000	-0.513698	-0.004240	-0.000000	0.363242	-0.000000	0.370352	0.370352	-0.177752	0.000000	-0.111712	-0.111712	0.000000	0.000000	
0.845000	0.500000	-0.516665	-0.004237	-0.000000	0.365340	-0.000000	0.372526	0.372526	-0.177700	0.000000	-0.111760	-0.111760	0.000000	0.000000	
0.847000	0.500000	-0.519631	-0.004235	-0.000000	0.367437	-0.000000	0.374700	0.374700	-0.177647	0.000000	-0.111808	-0.111808	0.000000	0.000000	
0.849000	0.500000	-0.522594	-0.004232	-0.000000	0.369533	-0.000000	0.376874	0.376874	-0.177594	0.000000	-0.111857	-0.111857	0.000000	0.000000	
0.851000	0.500000	-0.525556	-0.004230	-0.000000	0.371627	-0.000000	0.379047	0.379047	-0.177541	0.000000	-0.111907	-0.111907	0.000000	0.000000	
0.853000	0.500000	-0.528516	-0.004227	-0.000000	0.373720	-0.000000	0.381220	0.381220	-0.177487	0.000000	-0.111957	-0.111957	0.000000	0.000000	
0.855000	0.500000	-0.531474	-0.004224	-0.000000	0.375812	-0.000000	0.383392	0.383392	-0.177432	0.000000	-0.112008	-0.112008	0.000000	0.000000	
0.857000	0.500000	-0.534430	-0.004221	-0.000000	0.377902	-0.000000	0.385564	0.385564	-0.177377	0.000000	-0.112060	-0.112060	0.000000	0.000000	
0.859000	0.500000	-0.537384	-0.004217	-0.000000	0.379991	-0.000000	0.387735	0.387735	-0.177322	0.000000	-0.112112	-0.112112	0.000000	0.000000	
0.861000	0.500000	-0.540335	-0.004214	-0.000000	0.382078	-0.000000	0.389906	0.389906	-0.177267	0.000000	-0.112165	-0.112165	0.000000	0.000000	
0.863000	0.500000	-0.543283	-0.004210	-0.000000	0.384163	-0.000000	0.392076	0.392076	-0.177211	0.000000	-0.112218	-0.112218	0.000000	0.000000	
0.865000	0.500000	-0.546229	-0.004206	-0.000000	0.386246	-0.000000	0.394245	0.394245	-0.177154	0.000000	-0.112272	-0.112272	0.000000	0.000000	
0.867000	0.500000	-0.549172	-0.004202	-0.000000	0.388328	-0.000000	0.396414	0.396414	-0.177098	0.000000	-0.112327	-0.112327	0.000000	0.000000	
0.869000	0.500000	-0.552112	-0.004197	-0.000000	0.390407	-0.000000	0.398582	0.398582	-0.177040	0.000000	-0.112383	-0.112383	0.000000	0.000000	
0.871000	0.500000	-0.555049	-0.004193	-0.000000	0.392483	-0.000000	0.400748	0.400748	-0.176983	0.000000	-0.112439	-0.112439	0.000000	0.000000	
0.873000	0.500000	-0.557982	-0.004188	-0.000000	0.394558	-0.000000	0.402914	0.402914	-0.176925	0.000000	-0.112496	-0.112496	0.000000	0.000000	
