0.375000	0.500000	0.187496	-0.004285	-0.000000	-0.132579	0.000000	-0.134414	-0.134414	-0.181141	0.000000	-0.108759	-0.108759	0.000000	0.000000	
0.377000	0.500000	0.184496	-0.004285	-0.000000	-0.130459	0.000000	-0.132261	-0.132261	-0.181155	0.000000	-0.108747	-0.108747	0.000000	0.000000	
0.379000	0.500000	0.181497	-0.004285	-0.000000	-0.128338	0.000000	-0.130108	-0.130108	-0.181168	0.000000	-0.108736	-0.108736	0.000000	0.000000	
0.381000	0.500000	0.178498	-0.004285	-0.000000	-0.126217	0.000000	-0.127954	-0.127954	-0.181182	0.000000	-0.108724	-0.108724	0.000000	0.000000	
0.383000	0.500000	0.175498	-0.004285	-0.000000	-0.124096	0.000000	-0.125802	-0.125802	-0.181195	0.000000	-0.108713	-0.108713	0.000000	0.000000	
0.385000	0.500000	0.172499	-0.004285	-0.000000	-0.121975	0.000000	-0.123649	-0.123649	-0.181208	0.000000	-0.108702	-0.108702	0.000000	0.000000	
0.387000	0.500000	0.169499	-0.004285	-0.000000	-0.119854	0.000000	-0.121496	-0.121496	-0.181221	0.000000	-0.108691	-0.108691	0.000000	0.000000	
0.389000	0.500000	0.166500	-0.004285	-0.000000	-0.117733	0.000000	-0.119344	-0.119344	-0.181233	0.000000	-0.108680	-0.108680	0.000000	0.000000	
0.391000	0.500000	0.163500	-0.004285	-0.000000	-0.115612	0.000000	-0.117191	-0.117191	-0.181245	0.000000	-0.108670	-0.108670	0.000000	0.000000	
0.393000	0.500000	0.160501	-0.004285	-0.000000	-0.113491	0.000000	-0.115039	-0.115039	-0.181257	0.000000	-0.108660	-0.108660	0.000000	0.000000	
0.395000	0.500000	0.157501	-0.004285	-0.000000	-0.111370	0.000000	-0.112887	-0.112887	-0.181269	0.000000	-0.108650	-0.108650	0.000000	0.000000	
0.397000	0.500000	0.154502	-0.004285	-0.000000	-0.109249	0.000000	-0.110735	-0.110735	-0.181281	0.000000	-0.108640	-0.108640	0.000000	0.000000	
0.399000	0.500000	0.151502	-0.004285	-0.000000	-0.107128	0.000000	-0.108583	-0.108583	-0.181292	0.000000	-0.108630	-0.108630	0.000000	0.000000	
0.401000	0.500000	0.148502	-0.004285	-0.000000	-0.105007	0.000000	-0.106431	-0.106431	-0.181303	0.000000	-0.108621	-0.108621	0.000000	0.000000	
0.403000	0.500000	0.145503	-0.004285	-0.000000	-0.102886	0.000000	-0.104279	-0.104279	-0.181314	0.000000	-0.108611	-0.108611	0.000000	0.000000	
0.405000	0.500000	0.142503	-0.004285	-0.000000	-0.100765	0.000000	-0.102127	-0.102127	-0.181324	0.000000	-0.108602	-0.108602	0.000000	0.000000	
0.407000	0.500000	0.139503	-0.004285	-0.000000	-0.098644	0.000000	-0.099976	-0.099976	-0.181335	0.000000	-0.108593	-0.108593	0.000000	0.000000	
0.409000	0.500000	0.136504	-0.004285	-0.000000	-0.096523	0.000000	-0.097824	-0.097824	-0.181345	0.000000	-0.108585	-0.108585	0.000000	0.000000	
0.411000	0.500000	0.133504	-0.004285	-0.000000	-0.094402	0.000000	-0.095673	-0.095673	-0.181354	0.000000	-0.108576	-0.108576	0.000000	0.000000	
0.413000	0.500000	0.130504	-0.004285	-0.000000	-0.092280	0.000000	-0.093522	-0.093522	-0.181364	0.000000	-0.108568	-0.108568	0.000000	0.000000	
0.415000	0.500000	0.127504	-0.004285	-0.000000	-0.090159	0.000000	-0.091370	-0.091370	-0.181373	0.000000	-0.108560	-0.108560	0.000000	0.000000	
0.417000	0.500000	0.124505	-0.004285	-0.000000	-0.088038	0.000000	-0.089219	-0.089219	-0.181383	0.000000	-0.108552	-0.108552	0.000000	0.000000	
0.419000	0.500000	0.121505	-0.004285	-0.000000	-0.085917	0.000000	-0.087068	-0.087068	-0.181392	0.000000	-0.108545	-0.108545	0.000000	0.000000	
0.421000	0.500000	0.118505	-0.004285	-0.000000	-0.083796	0.000000	-0.084917	-0.084917	-0.181400	0.000000	-0.108537	-0.108537	0.000000	0.000000	
0.423000	0.500000	0.115505	-0.004285	-0.000000	-0.081674	0.000000	-0.082766	-0.082766	-0.181409	0.000000	-0.108530	-0.108530	0.000000	0.000000	
0.425000	0.500000	0.112505	-0.004285	-0.000000	-0.079553	0.000000	-0.080616	-0.080616	-0.181417	0.000000	-0.108523	-0.108523	0.000000	0.000000	
0.427000	0.500000	0.109505	-0.004285	-0.000000	-0.077432	0.000000	-0.078465	-0.078465	-0.181425	0.000000	-0.108516	-0.108516	0.000000	0.000000	
0.429000	0.500000	0.106505	-0.004286	-0.000000	-0.075311	0.000000	-0.076314	-0.076314	-0.181433	0.000000	-0.108509	-0.108509	0.000000	0.000000	
0.431000	0.500000	0.103505	-0.004286	-0.000000	-0.073189	0.000000	-0.074164	-0.074164	-0.181441	0.000000	-0.108503	-0.108503	0.000000	0.000000	
0.433000	0.500000	0.100505	-0.004286	-0.000000	-0.071068	0.000000	-0.072013	-0.072013	-0.181448	0.000000	-0.108496	-0.108496	0.000000	0.000000	
0.435000	0.500000	0.097505	-0.004286	-0.000000	-0.068947	0.000000	-0.069863	-0.069863	-0.181455	0.000000	-0.108490	-0.108490	0.000000	0.000000	
0.437000	0.500000	0.094505	-0.004286	-0.000000	-0.066825	0.000000	-0.067713	-0.067713	-0.181462	0.000000	-0.108484	-0.108484	0.000000	0.000000	
0.439000	0.500000	0.091505	-0.004286	-0.000000	-0.064704	0.000000	-0.065562	-0.065562	-0.181469	0.000000	-0.108479	-0.108479	0.000000	0.000000	
0.441000	0.500000	0.088505	-0.004286	-0.000000	-0.062583	0.000000	-0.063412	-0.063412	-0.181475	0.000000	-0.108473	-0.108473	0.000000	0.000000	
0.443000	0.500000	0.085505	-0.004286	-0.000000	-0.060461	0.000000	-0.061262	-0.061262	-0.181481	0.000000	-0.108468	-0.108468	0.000000	0.000000	
0.445000	0.500000	0.082505	-0.004286	-0.000000	-0.058340	0.000000	-0.059112	-0.059112	-0.181487	0.000000	-0.108463	-0.108463	0.000000	0.000000	
0.447000	0.500000	0.079505	-0.004286	-0.000000	-0.056219	0.000000	-0.056962	-0.056962	-0.181493	0.000000	-0.108458	-0.108458	0.000000	0.000000	
0.449000	0.500000	0.076505	-0.004286	-0.000000	-0.054097	0.000000	-0.054812	-0.054812	-0.181499	0.000000	-0.108453	-0.108453	0.000000	0.000000	
0.451000	0.500000	0.073505	-0.004286	-0.000000	-0.051976	0.000000	-0.052662	-0.052662	-0.181504	0.000000	-0.108448	-0.108448	0.000000	0.000000	
0.453000	0.500000	0.070505	-0.004286	-0.000000	-0.049854	0.000000	-0.050512	-0.050512	-0.181509	0.000000	-0.108444	-0.108444	0.000000	0.000000	
0.455000	0.500000	0.067505	-0.004286	-0.000000	-0.047733	0.000000	-0.048362	-0.048362	-0.181514	0.000000	-0.108440	-0.108440	0.000000	0.000000	
0.457000	0.500000	0.064504	-0.004286	-0.000000	-0.045612	0.000000	-0.046213	-0.046213	-0.181519	0.000000	-0.108436	-0.108436	0.000000	0.000000	
0.459000	0.500000	0.061504	-0.004286	-0.000000	-0.043490	0.000000	-0.044063	-0.044063	-0.181523	0.000000	-0.108432	-0.108432	0.000000	0.000000	
0.461000	0.500000	0.058504	-0.004286	-0.000000	-0.041369	0.000000	-0.041913	-0.041913	-0.181528	0.000000	-0.108428	-0.108428	0.000000	0.000000	
0.463000	0.500000	0.055504	-0.004286	-0.000000	-0.039247	0.000000	-0.039764	-0.039764	-0.181532	0.000000	-0.108425	-0.108425	0.000000	0.000000	
0.465000	0.500000	0.052504	-0.004286	-0.000000	-0.037126	0.000000	-0.037614	-0.037614	-0.181536	0.000000	-0.108421	-0.108421	0.000000	0.000000	
0.467000	0.500000	0.049504	-0.004286	-0.000000	-0.035004	0.000000	-0.035464	-0.035464	-0.181539	0.000000	-0.108418	-0.108418	0.000000	0.000000	
0.469000	0.500000	0.046503	-0.004286	-0.000000	-0.032883	0.000000	-0.033315	-0.033315	-0.181543	0.000000	-0.108415	-0.108415	0.000000	0.000000	
0.471000	0.500000	0.043503	-0.004286	-0.000000	-0.030761	0.000000	-0.031165	-0.031165	-0.181546	0.000000	-0.108413	-0.108413	0.000000	0.000000	
0.473000	0.500000	0.040503	-0.004286	-0.000000	-0.028640	0.000000	-0.029016	-0.029016	-0.181549	0.000000	-0.108410	-0.108410	0.000000	0.000000	
0.475000	0.500000	0.037503	-0.004286	-0.000000	-0.026519	0.000000	-0.026867	-0.026867	-0.181552	0.000000	-0.108408	-0.108408	0.000000	0.000000	
0.477000	0.500000	0.034503	-0.004286	-0.000000	-0.024397	0.000000	-0.024717	-0.024717	-0.181554	0.000000	-0.108405	-0.108405	0.000000	0.000000	
0.479000	0.500000	0.031502	-0.004286	-0.000000	-0.022276	0.000000	-0.022568	-0.022568	-0.181557	0.000000	-0.108403	-0.108403	0.000000	0.000000	
0.481000	0.500000	0.028502	-0.004286	-0.000000	-0.020154	0.000000	-0.020418	-0.020418	-0.181559	0.000000	-0.108402	-0.108402	0.000000	0.000000	
0.483000	0.500000	0.025502	-0.004286	-0.000000	-0.018033	0.000000	-0.018269	-0.018269	-0.181561	0.000000	-0.108400	-0.108400	0.000000	0.000000	
0.485000	0.500000	0.022502	-0.004286	-0.000000	-0.015911	0.000000	-0.016120	-0.016120	-0.181562	0.000000	-0.108399	-0.108399	0.000000	0.000000	
0.487000	0.500000	0.019502	-0.004286	-0.000000	-0.013790	0.000000	-0.013970	-0.013970	-0.181564	0.000000	-0.108397	-0.108397	0.000000	0.000000	
0.489000	0.500000	0.016501	-0.004286	-0.000000	-0.011668	0.000000	-0.011821	-0.011821	-0.181565	0.000000	-0.108396	-0.108396	0.000000	0.000000	
0.491000	0.500000	0.013501	-0.004286	-0.000000	-0.009547	0.000000	-0.009672	-0.009672	-0.181566	0.000000	-0.108395	-0.108395	0.000000	0.000000	
0.493000	0.500000	0.010501	-0.004286	-0.000000	-0.007425	0.000000	-0.007522	-0.007522	-0.181567	0.000000	-0.108395	-0.108395	0.000000	0.000000	
0.495000	0.500000	0.007501	-0.004286	-0.000000	-0.005304	0.000000	-0.005373	-0.005373	-0.181568	0.000000	-0.108394	-0.108394	0.000000	0.000000	
0.497000	0.500000	0.004500	-0.004286	-0.000000	-0.003182	0.000000	-0.003224	-0.003224	-0.181568	0.000000	-0.108394	-0.108394	0.000000	0.000000	
0.499000	0.500000	0.001500	-0.004286	-0.000000	-0.001061	0.000000	-0.001075	-0.001075	-0.181568	0.000000	-0.108393	-0.108393	0.000000	0.000000	
