 primal error   adjoint error    min h    dofs primal  target error   predicted error corrected error 
2.1740e-02    - 0.0000e+00   - 1.0000e-01         100 6.0978e-03    - 4.9862e-03    - 1.1116e-03    - 
1.0729e-02 2.15 0.0000e+00 nan 5.0000e-02         193 2.7220e-03 2.45 2.1566e-03 2.55 5.6545e-04 2.06 
5.2979e-03 2.20 0.0000e+00 nan 2.5000e-02         367 1.2793e-03 2.35 9.8153e-04 2.45 2.9778e-04 2.00 
2.7211e-03 2.06 0.0000e+00 nan 1.2500e-02         700 6.9911e-04 1.87 5.1254e-04 2.01 1.8657e-04 1.45 
1.9429e-03 1.05 0.0000e+00 nan 6.2500e-03        1333 4.7314e-04 1.21 3.4515e-04 1.23 1.2798e-04 1.17 
1.3443e-03 1.15 0.0000e+00 nan 3.1250e-03        2536 3.3681e-04 1.06 2.4644e-04 1.05 9.0372e-05 1.08 
1.0059e-03 0.90 0.0000e+00 nan 3.1250e-03        4825 2.4083e-04 1.04 1.7704e-04 1.03 6.3791e-05 1.08 
6.8941e-04 1.18 0.0000e+00 nan 1.5625e-03        9178 1.7225e-04 1.04 1.2715e-04 1.03 4.5105e-05 1.08 
5.4928e-04 0.71 0.0000e+00 nan 1.5625e-03       17446 1.2534e-04 0.99 9.2807e-05 0.98 3.2530e-05 1.02 
3.6778e-04 1.25 0.0000e+00 nan 1.5625e-03       33157 8.9643e-05 1.04 6.6716e-05 1.03 2.2927e-05 1.09 
2.9884e-04 0.65 0.0000e+00 nan 7.8125e-04       63025 6.6420e-05 0.93 4.9564e-05 0.93 1.6856e-05 0.96 
