0.9812500000000000	0.0011025505828914
0.9937500000000000	0.0007361688251820
0.4812500000000000	-0.0012209463375095
0.4937500000000000	-0.0003999631493603
0.5062500000000000	0.0003879160665429
0.5187500000000000	0.0011414764575498
0.9468749999999999	0.0011344995654650
0.5406250000000001	0.0011622054688722
0.4656250000000000	-0.0011408199702932
0.4718750000000000	-0.0009258767712222
0.9531250000000000	0.0010014693225654
0.9593749999999999	0.0009129026744635
0.9656250000000000	0.0007625222920860
0.9718750000000000	0.0006723185817367
0.5281250000000000	0.0008257088164392
0.5343750000000000	0.0009986308145740
0.8703125000000000	0.0011901109985250
0.8734375000000000	0.0011738812992611
0.8765625000000000	0.0011431627411347
0.8796875000000000	0.0011263063102115
0.8828125000000000	0.0010948626669150
0.8859374999999999	0.0010774079443425
0.4328125000000000	-0.0011714564627564
0.4359375000000000	-0.0011131264181632
0.5890625000000002	0.0011204923342145
0.5921875000000001	0.0011521506811679
0.5953125000000001	0.0011801541309504
0.8890625000000000	0.0010452733652334
0.8921875000000000	0.0010272491909503
0.8953125000000001	0.0009944582567768
0.8984375000000000	0.0009758938510080
0.4390625000000000	-0.0010522129965030
0.4421875000000000	-0.0009947081580487
0.4453125000000000	-0.0009349292813001
0.4484375000000000	-0.0008782762049371
0.5765625000000001	0.0009957646440221
0.5796875000000000	0.0010298722391798
0.5828125000000001	0.0010594968846949
0.5859375000000001	0.0010923830964206
0.9015625000000000	0.0009424815520219
0.9046875000000000	0.0009234064954276
0.9078125000000000	0.0008894082092792
0.9109375000000001	0.0008698524229060
0.5640625000000000	0.0008601431413072
0.5671875000000001	0.0008966703788993
0.5703125000000001	0.0009293084621517
0.5734375000000000	0.0009646300391397
0.5515625000000001	0.0007137540426031
0.5546875000000000	0.0007526639655900
0.5578125000000000	0.0007882854344416
0.5609375000000000	0.0008260090929544
0.9140625000000001	0.0008353038923322
0.9171875000000000	0.0008152976173779
0.9203125000000001	0.0007802349276963
0.9234375000000000	0.0007598087050994
0.9265625000000001	0.0007242682615198
0.9296875000000000	0.0007034529113842
0.9328125000000000	0.0006674714161503
0.9359375000000000	0.0006462980170182
0.4515625000000000	-0.0008196590773322
0.4546875000000000	-0.0007638835334315
0.4578125000000001	-0.0007064544533362
0.4609375000000000	-0.0006515814152378
0.9390625000000000	0.0006099124463904
0.9421875000000000	0.0005884123143727
0.5453125000000001	0.0006365696111921
0.5484375000000000	0.0006766547276692
0.3726562500000000	-0.0012016175339320
0.3742187500000000	-0.0011854400454473
0.3757812500000000	-0.0011678272428047
0.3773437500000000	-0.0011517147928074
0.3789062500000000	-0.0011342029408526
0.3804687500000000	-0.0011181576413685
0.3820312500000000	-0.0011007489802786
0.3835937500000000	-0.0010847729233967
0.3851562500000000	-0.0010674696699133
0.3867187500000000	-0.0010515649275332
0.3882812500000000	-0.0010343692746961
0.3898437500000000	-0.0010185378982760
0.3914062500000000	-0.0010014520151616
0.3929687500000000	-0.0009856960354709
0.3945312500000001	-0.0009687220669331
0.3960937500000000	-0.0009530434938083
0.3976562500000000	-0.0009361835602251
0.3992187500000000	-0.0009205843823279
0.7007812500000001	0.0008696375673961
0.7023437500000000	0.0008720570075365
0.7039062500000000	0.0008721179605924
0.7054687500000001	0.0008743895329134
0.7070312500000000	0.0008742728189853
0.7085937500000001	0.0008763971910896
0.7101562500000000	0.0008761037137654
0.7117187500000002	0.0008780815790163
0.7132812500000001	0.0008776122704507
0.7148437500000002	0.0008794443478186
0.7164062500000001	0.0008788001685557
0.7179687500000000	0.0008804872024606
0.7195312500000002	0.0008796691412539
0.7210937500000001	0.0008812119014056
0.7226562500000000	0.0008802209750324
0.7242187500000001	0.0008816202562662
0.7257812500000000	0.0008804575093397
0.7273437500000002	0.0008817141314488
0.7289062500000001	0.0008803806362259
0.7304687500000000	0.0008814954437906
0.7320312500000001	0.0008799922999760
0.7335937500000000	0.0008809661621885
0.7351562500000000	0.0008792944967355
0.7367187500000001	0.0008801283072230
0.7382812500000000	0.0008782892741291
0.7398437500000001	0.0008789839507720
0.7414062500000000	0.0008769787308730
0.7429687500000000	0.0008775352156200
0.7445312500000001	0.0008753650163796
0.7460937500000000	0.0008757842750600
0.7476562499999999	0.0008734503303545
0.7492187500000000	0.0008737333524870
0.7507812500000000	0.0008712369223890
0.7523437500000001	0.0008713847209865
0.7539062500000000	0.0008687270915425
0.7554687499999999	0.0008687407029147
0.7570312500000000	0.0008659231859214
0.7585937500000000	0.0008658036694733
0.7601562499999999	0.0008628276022487
0.7617187500000000	0.0008625760402767
0.7632812499999999	0.0008594427854287
0.7648437500000000	0.0008590602829127
0.7664062500000000	0.0008557712281042
0.7679687500000001	0.0008552589124971
0.7695312500000000	0.0008518154702075
0.7710937500000001	0.0008511744912213
0.6851562499999999	0.0008523014306235
0.6867187500000000	0.0008554693120076
0.6882812500000000	0.0008564311420747
0.6898437500000001	0.0008594482091466
0.6914062500000000	0.0008602282887105
0.6929687500000001	0.0008630950780971
0.6945312500000000	0.0008636941653942
0.6960937500000002	0.0008664112401950
0.6976562500000001	0.0008668301228551
0.6992187500000000	0.0008693980725076
0.4007812500000000	-0.0009038405793488
0.4023437500000000	-0.0008883227639293
0.4039062500000000	-0.0008716971622290
0.4054687500000000	-0.0008562626548911
0.7726562500000000	0.0008475780985047
0.7742187500000000	0.0008468096278939
0.6507812500000001	0.0007846117341715
0.6523437500000002	0.0007894662950132
0.6539062500000001	0.0007924688723793
0.6554687500000000	0.0007971684981389
0.6570312500000002	0.0007999829653151
0.6585937500000001	0.0008045278935691
0.6601562500000000	0.0008071546762368
0.6617187500000001	0.0008115451722737
0.6632812500000000	0.0008139847269705
0.6648437500000002	0.0008182210836957
0.6664062500000001	0.0008204738977041
0.6679687500000000	0.0008245564355436
0.6695312500000001	0.0008266230267731
0.6710937500000000	0.0008305520935719
0.6726562500000000	0.0008324330104392
0.6742187500000001	0.0008362089813569
0.6757812500000000	0.0008379048026603
0.6773437500000001	0.0008415280800618
0.6789062500000000	0.0008430394148523
0.6804687500000000	0.0008465104281953
0.6820312500000001	0.0008478379156444
0.6835937500000000	0.0008511571213626
0.7757812500000001	0.0008430617461345
0.7773437500000000	0.0008421669774758
0.7789062499999999	0.0008382690921390
0.7804687500000000	0.0008372492406087
0.7820312500000000	0.0008332028609900
0.7835937500000001	0.0008320591631378
0.7851562500000000	0.0008278658221078
0.7867187500000001	0.0008265995356282
0.7882812500000000	0.0008222607893749
0.7898437500000002	0.0008208731928752
0.7914062500000001	0.0008163906206429
0.7929687500000000	0.0008148830134086
0.7945312500000001	0.0008102582172338
0.7960937500000000	0.0008086319189906
0.7976562500000000	0.0008038665234350
0.7992187500000001	0.0008021228741092
0.8007812500000000	0.0007972185259891
0.8023437500000001	0.0007953588854638
0.8039062500000000	0.0007903172535772
0.8054687500000000	0.0007883430014464
0.8070312500000001	0.0007831657762970
0.8085937500000000	0.0007810783116173
0.8101562499999999	0.0007757672051350
0.8117187500000000	0.0007735679461741
0.4070312500000000	-0.0008397572999258
0.4085937500000000	-0.0008244080243961
0.4101562500000001	-0.0008080249361629
0.4117187500000000	-0.0007927627940634
0.8132812500000000	0.0007681246914335
0.8148437500000001	0.0007658150754159
0.8164062500000000	0.0007602414263516
0.8179687500000001	0.0007578229092023
0.8195312500000000	0.0007521206403210
0.8210937500000002	0.0007495946964064
0.8226562500000001	0.0007437656024969
0.8242187500000000	0.0007411337243626
0.8257812500000001	0.0007351796202029
0.8273437500000000	0.0007324433183099
0.8289062500000000	0.0007263660383712
0.8304687500000001	0.0007235268408291
0.8320312500000000	0.0007173282389775
0.8335937500000001	0.0007143876912753
0.8351562500000000	0.0007080696404714
0.8367187500000002	0.0007050293052056
0.8382812500000001	0.0006985936972004
0.8398437500000002	0.0006954551538018
0.8414062500000001	0.0006889038988311
0.8429687500000000	0.0006856687432883
0.8445312500000002	0.0006790037697642
0.8460937500000001	0.0006756736143447
0.8476562500000000	0.0006688968685447
0.8492187500000001	0.0006654733415148
0.4132812500000000	-0.0007765039668656
0.4148437500000000	-0.0007613308374896
0.4164062500000000	-0.0007451982397029
0.4179687500000001	-0.0007301159797950
0.4195312500000001	-0.0007141115536401
0.4210937500000000	-0.0006991219971786
0.4226562500000001	-0.0006832476584964
0.4242187500000000	-0.0006683526164803
0.6195312500000001	0.0006870691922116
0.6210937500000002	0.0006934800153108
0.6226562500000001	0.0006983802467021
0.6242187500000000	0.0007046353007800
0.6257812500000002	0.0007093448839816
0.6273437500000001	0.0007154441252371
0.6289062500000000	0.0007199631721148
0.6304687500000001	0.0007259065851742
0.6320312500000000	0.0007302352393413
0.6335937500000002	0.0007360228372045
0.6351562500000001	0.0007401612739511
0.6367187500000002	0.0007457930979343
0.6382812500000001	0.0007497415241535
0.6398437500000003	0.0007552176438270
0.6414062500000002	0.0007589762979370
0.6429687500000001	0.0007642968110599
0.6445312500000002	0.0007678659629208
0.6460937500000001	0.0007730309953710
0.6476562500000000	0.0007764109461982
0.6492187500000002	0.0007814206518988
0.6007812500000000	0.0006119319013524
0.6023437500000002	0.0006192748210676
0.6039062500000001	0.0006253195052919
0.6054687500000000	0.0006325075182678
0.6070312500000001	0.0006383615531384
0.6085937500000000	0.0006453944441076
0.6101562500000000	0.0006510577497917
0.6117187500000001	0.0006579353321519
0.6132812500000000	0.0006634078608895
0.6148437500000001	0.0006701299766732
0.6164062500000000	0.0006754117127340
0.6179687500000002	0.0006819782325760
0.8507812500000000	0.0006585867872685
0.8523437500000002	0.0006550715326099
0.8539062500000001	0.0006480771509835
0.8554687500000000	0.0006444718281085
0.8570312500000001	0.0006373716170869
0.8585937500000000	0.0006336779005507
0.8601562500000000	0.0006264738747171
0.8617187500000001	0.0006226934539295
0.8632812500000000	0.0006153876441433
0.8648437500000001	0.0006115222230761
0.8664062500000000	0.0006041166761481
0.8679687500000000	0.0006001679730427
0.4257812500000001	-0.0006526102545116
0.4273437500000000	-0.0006378115147504
0.4289062500000000	-0.0006222029919183
0.4304687500000000	-0.0006075023188261
0.5976562500000000	0.0005981990972219
0.5992187500000001	0.0006056966797193
0.2675781250000000	-0.0011999807793615
0.2683593750000001	-0.0011957307165986
0.2691406250000000	-0.0011908427578691
0.2699218750000001	-0.0011865906312643
0.2707031250000000	-0.0011817042161383
0.2714843750000000	-0.0011774501893602
0.2722656250000001	-0.0011725654966201
0.2730468750000000	-0.0011683097330424
0.2738281250000000	-0.0011634269410882
0.2746093750000000	-0.0011591696037845
0.2753906250000000	-0.0011542888906264
0.2761718750000001	-0.0011500301423654
0.2769531250000000	-0.0011451516856200
0.2777343750000000	-0.0011408916888590
0.2785156250000000	-0.0011360156657433
0.2792968750000000	-0.0011317545826229
0.2800781250000000	-0.0011268811699477
0.2808593750000000	-0.0011226191622876
0.2816406250000000	-0.0011177485364523
0.2824218750000000	-0.0011134857657450
0.2832031250000000	-0.0011086181027320
0.2839843750000001	-0.0011043547301376
0.2847656250000000	-0.0010994902055066
0.2855468750000001	-0.0010952263918480
0.2863281250000000	-0.0010903651807302
0.2871093750000000	-0.0010861010864873
0.2878906250000001	-0.0010812433635801
0.2886718750000000	-0.0010769791488844
0.2894531250000000	-0.0010721250884457
0.2902343750000000	-0.0010678609130760
0.2910156250000000	-0.0010630106889182
0.2917968750000001	-0.0010587467122943
0.2925781250000000	-0.0010539004977796
0.2933593750000001	-0.0010496368789578
0.2941406250000000	-0.0010447948469915
0.2949218750000001	-0.0010405317446591
0.2957031250000001	-0.0010356940676852
0.2964843750000000	-0.0010314316401555
0.2972656250000001	-0.0010265984901506
0.2980468750000000	-0.0010223368953570
0.2988281250000000	-0.0010175084438253
0.2996093750000001	-0.0010132478393180
0.3003906250000000	-0.0010084242572846
0.3011718750000001	-0.0010041648002234
0.3019531250000000	-0.0009993462582306
0.3027343750000000	-0.0009950881053807
0.3035156250000001	-0.0009902747734816
0.3042968750000000	-0.0009860180812088
0.3050781250000000	-0.0009812101289617
0.3058593750000000	-0.0009769550532269
0.3066406250000000	-0.0009721526496906
0.3074218750000001	-0.0009678993460451
0.3082031250000000	-0.0009631026597728
0.3089843750000001	-0.0009588512833529
0.3097656250000000	-0.0009540604823878
0.3105468750000001	-0.0009498111879098
0.3113281250000001	-0.0009450264397788
0.3121093750000000	-0.0009407793815348
0.3128906250000001	-0.0009360008532439
0.3136718750000000	-0.0009317561850952
0.3144531250000000	-0.0009269840431241
0.3152343750000001	-0.0009227419184984
0.3160156250000000	-0.0009179763287949
0.3167968750000001	-0.0009137369006790
0.3175781250000000	-0.0009089780286543
0.3183593750000001	-0.0009047414495916
0.3191406250000001	-0.0008999894601145
0.3199218750000001	-0.0008957558821983
0.3207031250000001	-0.0008910109395905
0.3214843750000000	-0.0008867805144597
0.3222656250000001	-0.0008820427824909
0.3230468750000001	-0.0008778156613254
0.3238281250000000	-0.0008730853032066
0.3246093750000001	-0.0008688616367224
0.3253906250000000	-0.0008641388151031
0.3261718750000001	-0.0008599187535473
0.3269531250000001	-0.0008552036305086
0.3277343750000000	-0.0008509873236544
0.3285156250000001	-0.0008462800607049
0.3292968750000000	-0.0008420676578473
0.3300781250000000	-0.0008373684159176
0.3308593750000001	-0.0008331600658686
0.3316406250000000	-0.0008284690053063
0.3324218750000001	-0.0008242648563900
0.3332031250000000	-0.0008195821369547
0.3339843750000000	-0.0008153823370026
0.3347656250000001	-0.0008107081178612
0.3355468750000000	-0.0008065128142075
0.3363281250000000	-0.0008018472539294
0.3371093750000000	-0.0007976565934062
0.3378906250000000	-0.0007929998499572
0.3386718750000001	-0.0007888139788909
0.3394531250000000	-0.0007841662096297
0.3402343750000000	-0.0007799852738344
0.3410156250000000	-0.0007753466355073
0.3417968750000000	-0.0007711707802822
0.3425781250000000	-0.0007665414290178
0.3433593750000000	-0.0007623707991412
0.3441406250000000	-0.0007577508904461
0.3449218750000000	-0.0007535856301714
0.3457031250000000	-0.0007489753189250
0.3464843750000001	-0.0007448155719769
0.3472656250000000	-0.0007402150124266
0.3480468750000001	-0.0007360609219954
0.3488281250000000	-0.0007314702677523
0.3496093750000000	-0.0007273219764895
0.3503906250000001	-0.0007227413805236
0.3511718750000000	-0.0007185990305386
0.3519531250000000	-0.0007140286451732
0.3527343750000000	-0.0007098923780275
0.3535156250000000	-0.0007053323549360
0.3542968750000001	-0.0007012023116395
0.3550781250000000	-0.0006966528018396
0.3558593750000001	-0.0006925291228462
0.3566406250000000	-0.0006879902766955
0.3574218750000001	-0.0006838731018989
0.3582031250000001	-0.0006793450690903
0.3589843750000000	-0.0006752345378184
0.3597656250000001	-0.0006707174673765
0.3605468750000000	-0.0006666137183888
0.3613281250000000	-0.0006621077586634
0.3621093750000001	-0.0006580109301459
0.3628906250000000	-0.0006535162288093
0.3636718750000001	-0.0006494264583702
0.3644531250000000	-0.0006449431624110
0.3652343750000000	-0.0006408605870768
0.3660156250000001	-0.0006363888427976
0.3667968750000000	-0.0006323135990074
0.3675781250000000	-0.0006278535520188
0.3683593750000000	-0.0006237857756223
0.3691406250000000	-0.0006193375708384
0.3699218750000001	-0.0006152773970908
0.3707031250000000	-0.0006108411787253
0.3714843750000000	-0.0006067887422826
0.0173828125000000	-0.0012044140879714
0.0177734375000000	-0.0012039734190499
0.0181640625000000	-0.0012032916918501
0.0185546875000000	-0.0012028475137985
0.0189453125000000	-0.0012021623155982
0.0193359375000000	-0.0012017146368580
0.0197265625000000	-0.0012010259775502
0.0201171875000000	-0.0012005748065830
0.0205078125000000	-0.0011998826960807
0.0208984375000000	-0.0011994280413684
0.0212890625000000	-0.0011987324896044
0.0216796875000000	-0.0011982743596489
0.0220703125000000	-0.0011975753765758
0.0224609375000000	-0.0011971137798992
0.0228515625000000	-0.0011964113754893
0.0232421875000000	-0.0011959463206333
0.0236328125000000	-0.0011952405048786
0.0240234375000000	-0.0011947720004050
0.0244140625000000	-0.0011940627833170
0.0248046875000000	-0.0011935908378071
0.0251953125000000	-0.0011928782294168
0.0255859375000000	-0.0011924028514717
0.0259765625000000	-0.0011916868618293
0.0263671875000000	-0.0011912080600697
0.0267578125000000	-0.0011904886992446
0.0271484375000000	-0.0011900064823106
0.0275390625000000	-0.0011892837603915
0.0279296875000000	-0.0011887981369426
0.0283203125000000	-0.0011880720640372
0.0287109375000000	-0.0011875830427523
0.0291015625000000	-0.0011868536289871
0.0294921875000000	-0.0011863612185642
0.0298828125000000	-0.0011856284740848
0.0302734375000000	-0.0011851326832410
0.0306640625000000	-0.0011843966182117
0.0310546875000000	-0.0011838974556831
0.0314453125000000	-0.0011831580802869
0.0318359375000000	-0.0011826555548288
0.0322265625000000	-0.0011819128792671
0.0326171875000000	-0.0011814069996534
0.0330078125000000	-0.0011806610341461
0.0333984375000000	-0.0011801518091698
0.0337890625000000	-0.0011794025639553
0.0341796875000000	-0.0011788900024278
0.0345703125000000	-0.0011781374877628
0.0349609375000000	-0.0011776215985141
0.0353515625000000	-0.0011768658246733
0.0357421875000000	-0.0011763466165522
0.0361328125000000	-0.0011755875938285
0.0365234375000000	-0.0011750650757021
0.0369140625000000	-0.0011743028144063
0.0373046875000000	-0.0011737769951599
0.0376953125000000	-0.0011730115056209
0.0380859375000000	-0.0011724823941582
0.0384765625000000	-0.0011717136867226
0.0388671875000000	-0.0011711812919653
0.0392578125000000	-0.0011704093769974
0.0396484375000000	-0.0011698737078854
0.0400390625000000	-0.0011690985957670
0.0404296875000000	-0.0011685596612583
0.0408203125000000	-0.0011677813623889
0.0412109375000000	-0.0011672391714593
0.0416015625000000	-0.0011664576962556
0.0419921875000000	-0.0011659122578986
0.0423828125000000	-0.0011651276167947
0.0427734375000000	-0.0011645789400217
0.0431640625000000	-0.0011637911434691
0.0435546875000000	-0.0011632392373090
0.0439453125000000	-0.0011624482957759
0.0443359375000000	-0.0011618931692753
0.0447265625000000	-0.0011610990932473
0.0451171875000000	-0.0011605407554701
0.0455078125000000	-0.0011597435554496
0.0458984375000000	-0.0011591820154770
0.0462890625000000	-0.0011583817019833
0.0466796875000000	-0.0011578169689141
0.0470703125000000	-0.0011570135524830
0.0474609375000000	-0.0011564456354330
0.0478515625000000	-0.0011556391266171
0.0482421875000000	-0.0011550680347190
0.0486328125000000	-0.0011542584440875
0.0490234375000000	-0.0011536841864914
0.0494140625000000	-0.0011528715246298
0.0498046875000000	-0.0011522941105024
0.0501953125000000	-0.0011514783880125
0.0505859375000000	-0.0011508978265376
0.0509765625000000	-0.0011500790540376
0.0513671875000000	-0.0011494953544155
0.0517578125000000	-0.0011486735425394
0.0521484375000000	-0.0011480867139873
0.0525390625000000	-0.0011472618733857
0.0529296875000000	-0.0011466719251370
0.0533203125000000	-0.0011458440664761
0.0537109375000000	-0.0011452510077809
0.0541015625000000	-0.0011444201417427
0.0544921875000000	-0.0011438239818676
0.0548828125000000	-0.0011429901191498
0.0552734375000000	-0.0011423908673777
0.0556640625000000	-0.0011415540186938
0.0560546875000000	-0.0011409516843235
0.0564453125000000	-0.0011401118604027
0.0568359375000000	-0.0011395064527492
0.0572265625000000	-0.0011386636643357
0.0576171875000000	-0.0011380551927302
0.0580078125000000	-0.0011372094505841
0.0583984375000000	-0.0011365979243736
0.0587890625000000	-0.0011357492392697
0.0591796875000000	-0.0011351346678171
0.0595703125000000	-0.0011342830505457
0.0599609375000000	-0.0011336654432297
0.0603515625000000	-0.0011328109045960
0.0607421875000000	-0.0011321902708108
0.0611328125000000	-0.0011313328216350
0.0615234375000000	-0.0011307091707905
0.0619140625000000	-0.0011298488219078
0.0623046875000000	-0.0011292221634291
0.0626953125000000	-0.0011283589256893
0.0630859375000000	-0.0011277292690174
0.0634765625000000	-0.0011268631532848
0.0638671875000000	-0.0011262305078756
0.0642578125000000	-0.0011253615250294
0.0646484375000000	-0.0011247259003540
0.0650390625000000	-0.0011238540612877
0.0654296875000000	-0.0011232154668325
0.0658203125000000	-0.0011223407824538
0.0662109375000000	-0.0011216992277203
0.0666015625000000	-0.0011208217089513
0.0669921875000000	-0.0011201772034556
0.0673828125000000	-0.0011192968612326
0.0677734375000000	-0.0011186494145059
0.0681640625000000	-0.0011177662597791
0.0685546875000000	-0.0011171158813674
0.0689453125000000	-0.0011162299251012
0.0693359375000000	-0.0011155766245647
0.0697265625000000	-0.0011146878777371
0.0701171875000000	-0.0011140316646511
0.0705078125000000	-0.0011131401382542
0.0708984375000000	-0.0011124810222082
0.0712890625000000	-0.0011115867272472
0.0716796875000000	-0.0011109247178451
0.0720703125000000	-0.0011100276653393
0.0724609375000000	-0.0011093627721994
0.0728515625000000	-0.0011084629731813
0.0732421875000000	-0.0011077952059360
0.0736328125000000	-0.0011068926714514
0.0740234375000000	-0.0011062220397473
0.0744140625000000	-0.0011053167808553
0.0748046875000000	-0.0011046432943529
0.0751953125000000	-0.0011037353221260
0.0755859375000000	-0.0011030589904998
0.0759765625000000	-0.0011021483160231
0.0763671875000000	-0.0011014691489614
0.0767578125000000	-0.0011005557833333
0.0771484375000000	-0.0010998737905381
0.0775390625000000	-0.0010989577448699
0.0779296875000000	-0.0010982729360568
0.0783203125000000	-0.0010973542214722
0.0787109375000000	-0.0010966666063707
0.0791015625000000	-0.0010957452340063
0.0794921875000000	-0.0010950548223589
0.0798828125000000	-0.0010941308033638
0.0802734375000000	-0.0010934376049266
0.0806640625000000	-0.0010925109504623
0.0810546875000000	-0.0010918149750047
0.0814453125000000	-0.0010908856962453
0.0818359375000000	-0.0010901869535496
0.0822265625000000	-0.0010892550616811
0.0826171875000000	-0.0010885535615432
0.0830078125000000	-0.0010876190677639
0.0833984375000000	-0.0010869148199923
0.0837890625000000	-0.0010859777355124
0.0841796875000000	-0.0010852707499286
0.0845703125000000	-0.0010843310859706
0.0849609375000000	-0.0010836213724090
0.0853515625000000	-0.0010826791402068
0.0857421875000000	-0.0010819667085145
0.0861328125000000	-0.0010810219193141
0.0865234375000000	-0.0010803067793506
0.0869140625000000	-0.0010793594444095
0.0873046875000000	-0.0010786416060470
0.0876953125000000	-0.0010776917366343
0.0880859375000000	-0.0010769712097576
0.0884765625000000	-0.0010760188171536
0.0888671875000000	-0.0010752956116596
0.0892578125000000	-0.0010743407071562
0.0896484375000000	-0.0010736148329543
0.0900390625000000	-0.0010726574278544
0.0904296875000000	-0.0010719288948658
0.0908203125000000	-0.0010709690004839
0.0912109375000000	-0.0010702378186421
0.0916015625000000	-0.0010692754463031
0.0919921875000000	-0.0010685416255539
0.0923828125000000	-0.0010675767865940
0.0927734375000000	-0.0010668403368944
0.0931640625000000	-0.0010658730426605
0.0935546875000000	-0.0010651339739799
0.0939453125000000	-0.0010641642358298
0.0943359375000000	-0.0010634225581487
0.0947265625000000	-0.0010624503874507
0.0951171875000000	-0.0010617061107619
0.0955078125000000	-0.0010607315188947
0.0958984375000000	-0.0010599846532018
0.0962890625000000	-0.0010590076515549
0.0966796875000000	-0.0010582582068732
0.0970703125000000	-0.0010572788068460
0.0974609375000000	-0.0010565267932026
0.0978515625000000	-0.0010555450062048
0.0982421875000000	-0.0010547904336373
0.0986328125000000	-0.0010538062710889
0.0990234375000000	-0.0010530491496464
0.0994140625000000	-0.0010520626229772
0.0998046875000000	-0.0010513029627199
0.1001953125000000	-0.0010503140833699
0.1005859375000000	-0.0010495518943684
0.1009765625000000	-0.0010485606737873
0.1013671875000000	-0.0010477959661239
0.1017578125000000	-0.0010468024157708
0.1021484375000000	-0.0010460351995380
0.1025390625000000	-0.0010450393308821
0.1029296875000000	-0.0010442696161829
0.1033203125000000	-0.0010432714407025
0.1037109375000000	-0.0010424992376513
0.1041015625000000	-0.0010414987668342
0.1044921875000000	-0.0010407240855549
0.1048828125000000	-0.0010397213308984
0.1052734375000000	-0.0010389441815258
0.1056640625000000	-0.0010379391545361
0.1060546875000000	-0.0010371595472156
0.1064453125000000	-0.0010361522594081
0.1068359375000000	-0.0010353702042945
0.1072265625000000	-0.0010343606671935
0.1076171875000000	-0.0010335761744524
0.1080078125000000	-0.0010325643995915
0.1083984375000000	-0.0010317774793980
0.1087890625000000	-0.0010307634783193
0.1091796875000000	-0.0010299741408588
0.1095703125000000	-0.0010289579251129
0.1099609375000000	-0.0010281661805802
0.1103515625000000	-0.0010271477617266
0.1107421875000000	-0.0010263536203268
0.1111328125000000	-0.0010253330099333
0.1115234375000000	-0.0010245364818804
0.1119140625000000	-0.0010235136915233
0.1123046875000000	-0.0010227147870415
0.1126953125000000	-0.0010216898283052
0.1130859375000000	-0.0010208885576280
0.1134765625000000	-0.0010198614421051
0.1138671875000000	-0.0010190578154752
0.1142578125000000	-0.0010180285547664
0.1146484375000000	-0.0010172225824356
0.1150390625000000	-0.0010161911881499
0.1154296875000000	-0.0010153828803794
0.1158203125000000	-0.0010143493641332
0.1162109375000000	-0.0010135387311933
0.1166015625000000	-0.0010125031046109
0.1169921875000000	-0.0010116901567808
0.1173828125000000	-0.0010106524314943
0.1177734375000000	-0.0010098371790619
0.1181640625000000	-0.0010087973667106
0.1185546875000000	-0.0010079798199729
0.1189453125000000	-0.0010069379322042
0.1193359375000000	-0.0010061181014664
0.1197265625000000	-0.0010050741499344
0.1201171875000000	-0.0010042520455110
0.1205078125000000	-0.0010032060418776
0.1208984375000000	-0.0010023816740910
0.1212890625000000	-0.0010013336300245
0.1216796875000000	-0.0010005070092057
0.1220703125000000	-0.0009994569363823
0.1224609375000000	-0.0009986280728708
0.1228515625000000	-0.0009975759829729
0.1232421875000000	-0.0009967448871163
0.1236328125000000	-0.0009956907918336
0.1240234375000000	-0.0009948574739873
0.1244140625000000	-0.0009938013850161
0.1248046875000000	-0.0009929658555440
0.1251953125000000	-0.0009919077845874
0.1255859375000000	-0.0009910700538611
0.1259765625000000	-0.0009900100126283
0.1263671875000000	-0.0009891700910272
0.1267578125000000	-0.0009881080912344
0.1271484375000000	-0.0009872659891454
0.1275390625000000	-0.0009862020425148
0.1279296875000000	-0.0009853577703331
0.1283203125000000	-0.0009842918885931
0.1287109375000000	-0.0009834454567210
0.1291015625000000	-0.0009823776516060
0.1294921875000000	-0.0009815290704534
0.1298828125000000	-0.0009804593537042
0.1302734375000000	-0.0009796086336883
0.1306640625000000	-0.0009785370170514
0.1310546875000000	-0.0009776841685964
0.1314453125000000	-0.0009766106638242
0.1318359375000000	-0.0009757556973620
0.1322265625000000	-0.0009746803162123
0.1326171875000000	-0.0009738232421816
0.1330078125000000	-0.0009727459964182
0.1333984375000000	-0.0009718868252648
0.1337890625000000	-0.0009708077266568
0.1341796875000000	-0.0009699464688331
0.1345703125000000	-0.0009688655291551
0.1349609375000000	-0.0009680021951207
0.1353515625000000	-0.0009669194261523
0.1357421875000000	-0.0009660540263732
0.1361328125000000	-0.0009649694398997
0.1365234375000000	-0.0009641019848485
0.1369140625000000	-0.0009630155926600
0.1373046875000000	-0.0009621460928160
0.1376953125000000	-0.0009610579067075
0.1380859375000000	-0.0009601863725565
0.1384765625000000	-0.0009590964043280
0.1388671875000000	-0.0009582228463617
0.1392578125000000	-0.0009571311078181
0.1396484375000000	-0.0009562555365347
0.1400390625000000	-0.0009551620394855
0.1404296875000000	-0.0009542844653893
0.1408203125000000	-0.0009531892216485
0.1412109375000000	-0.0009523096552498
0.1416015625000000	-0.0009512126766360
0.1419921875000000	-0.0009503311284511
0.1423828125000000	-0.0009492324267872
0.1427734375000000	-0.0009483489073382
0.1431640625000000	-0.0009472484944512
0.1435546875000000	-0.0009463630142662
0.1439453125000000	-0.0009452609019876
0.1443359375000000	-0.0009443734715999
0.1447265625000000	-0.0009432696717651
0.1451171875000000	-0.0009423803017139
0.1455078125000000	-0.0009412748261622
0.1458984375000000	-0.0009403835269919
0.1462890625000000	-0.0009392763875667
0.1466796875000000	-0.0009383831698274
0.1470703125000000	-0.0009372743783755
0.1474609375000001	-0.0009363792526224
0.1478515625000000	-0.0009352688209945
0.1482421875000000	-0.0009343717977879
0.1486328125000000	-0.0009332597378384
0.1490234375000000	-0.0009323608277437
0.1494140625000000	-0.0009312471513301
0.1498046875000000	-0.0009303463649181
0.1501953125000000	-0.0009292310839013
0.1505859375000000	-0.0009283284317471
0.1509765625000000	-0.0009272115579914
0.1513671875000000	-0.0009263070506753
0.1517578125000000	-0.0009251885960483
0.1521484375000000	-0.0009242822441550
0.1525390625000000	-0.0009231622205272
0.1529296875000000	-0.0009222540346463
0.1533203125000000	-0.0009211324538909
0.1537109375000000	-0.0009202224446163
0.1541015625000000	-0.0009190993186094
0.1544921875000000	-0.0009181874965398
0.1548828125000000	-0.0009170628371605
0.1552734375000001	-0.0009161492128986
0.1556640625000000	-0.0009150230320283
0.1560546875000000	-0.0009141076161812
0.1564453125000000	-0.0009129799257043
0.1568359375000000	-0.0009120627288828
0.1572265625000000	-0.0009109335406859
0.1576171875000000	-0.0009100145735052
0.1580078125000000	-0.0009088838994767
0.1583984375000000	-0.0009079631725564
0.1587890625000000	-0.0009068310245878
0.1591796875000001	-0.0009059085485506
0.1595703125000000	-0.0009047749385349
0.1599609375000001	-0.0009038507240076
0.1603515625000000	-0.0009027156638400
0.1607421875000000	-0.0009017897214532
0.1611328125000001	-0.0009006532230311
0.1615234375000000	-0.0008997255634184
0.1619140625000000	-0.0008985876386406
0.1623046875000000	-0.0008976582724398
0.1626953125000000	-0.0008965189332070
0.1630859375000001	-0.0008955878710589
0.1634765625000000	-0.0008944471292732
0.1638671875000000	-0.0008935143818221
0.1642578125000000	-0.0008923722493874
0.1646484375000000	-0.0008914378272805
0.1650390625000000	-0.0008902943161020
0.1654296875000000	-0.0008893582299898
0.1658203125000000	-0.0008882133519741
0.1662109375000000	-0.0008872756125101
0.1666015625000000	-0.0008861293795646
0.1669921875000000	-0.0008851899974052
0.1673828125000000	-0.0008840424214390
0.1677734375000000	-0.0008831014072430
0.1681640625000000	-0.0008819525001660
0.1685546875000000	-0.0008810098645959
0.1689453125000000	-0.0008798596383183
0.1693359375000000	-0.0008789153920385
0.1697265625000000	-0.0008777638584720
0.1701171875000000	-0.0008768180121496
0.1705078125000000	-0.0008756651832063
0.1708984375000000	-0.0008747177475104
0.1712890625000000	-0.0008735636351037
0.1716796875000000	-0.0008726146207065
0.1720703125000000	-0.0008714592367486
0.1724609375000000	-0.0008705086543246
0.1728515625000000	-0.0008693520107301
0.1732421875000000	-0.0008683998709548
0.1736328125000000	-0.0008672419796371
0.1740234375000000	-0.0008662882931893
0.1744140625000000	-0.0008651291660625
0.1748046875000000	-0.0008641739436228
0.1751953125000000	-0.0008630135926012
0.1755859375000000	-0.0008620568448511
0.1759765625000000	-0.0008608952818490
0.1763671875000000	-0.0008599370194731
0.1767578125000000	-0.0008587742564043
0.1771484375000000	-0.0008578144900881
0.1775390625000000	-0.0008566505388666
0.1779296875000000	-0.0008556892792970
0.1783203125000000	-0.0008545241518363
0.1787109375000001	-0.0008535614097025
0.1791015625000000	-0.0008523951179156
0.1794921875000000	-0.0008514309039077
0.1798828125000000	-0.0008502634597072
0.1802734375000000	-0.0008492977845162
0.1806640625000000	-0.0008481291998142
0.1810546875000000	-0.0008471620741335
0.1814453125000000	-0.0008459923608409
0.1818359375000000	-0.0008450237953639
0.1822265625000000	-0.0008438529653912
0.1826171875000000	-0.0008428829708130
0.1830078125000000	-0.0008417110360698
0.1833984375000000	-0.0008407396230858
0.1837890625000000	-0.0008395665954803
0.1841796875000000	-0.0008385937747877
0.1845703125000000	-0.0008374196662271
0.1849609375000000	-0.0008364454485228
0.1853515625000000	-0.0008352702709135
0.1857421875000000	-0.0008342946668956
0.1861328125000000	-0.0008331184321423
0.1865234375000000	-0.0008321414525093
0.1869140625000000	-0.0008309641725150
0.1873046875000000	-0.0008299858279665
0.1876953125000000	-0.0008288075146330
0.1880859375000000	-0.0008278278158680
0.1884765625000000	-0.0008266484810955
0.1888671875000000	-0.0008256674388140
0.1892578125000000	-0.0008244870945008
0.1896484375000000	-0.0008235047194024
0.1900390625000000	-0.0008223233774452
0.1904296875000000	-0.0008213396802300
0.1908203125000000	-0.0008201573525235
0.1912109375000000	-0.0008191723438916
0.1916015625000000	-0.0008179890423278
0.1919921875000000	-0.0008170027329792
0.1923828125000000	-0.0008158184694491
0.1927734375000000	-0.0008148308700833
0.1931640625000000	-0.0008136456564747
0.1935546875000000	-0.0008126567777916
0.1939453125000000	-0.0008114706259904
0.1943359375000000	-0.0008104804786887
0.1947265625000000	-0.0008092934005786
0.1951171875000000	-0.0008083019953570
0.1955078125000000	-0.0008071140028187
0.1958984375000000	-0.0008061213503753
0.1962890625000000	-0.0008049324552870
0.1966796875000000	-0.0008039385663193
0.1970703125000000	-0.0008027487805564
0.1974609375000000	-0.0008017536657612
0.1978515625000000	-0.0008005630011962
0.1982421875000000	-0.0007995666712693
0.1986328125000000	-0.0007983751397724
0.1990234375000000	-0.0007973776054085
0.1994140625000000	-0.0007961852188461
0.1998046875000000	-0.0007951864907391
0.2001953125000000	-0.0007939932609748
0.2005859375000000	-0.0007929933498178
0.2009765625000000	-0.0007917992887117
0.2013671875000000	-0.0007907982051962
0.2017578125000000	-0.0007896033246055
0.2021484375000000	-0.0007886010794214
0.2025390625000000	-0.0007874053911996
0.2029296875000000	-0.0007864019950362
0.2033203125000000	-0.0007852055110333
0.2037109375000000	-0.0007842009745778
0.2041015625000000	-0.0007830037066399
0.2044921875000000	-0.0007819980405783
0.2048828125000000	-0.0007808000005483
0.2052734375000000	-0.0007797932155650
0.2056640625000000	-0.0007785944152812
0.2060546875000000	-0.0007775865220583
0.2064453125000000	-0.0007763869733560
0.2068359375000000	-0.0007753779825739
0.2072265625000000	-0.0007741776972841
0.2076171875000000	-0.0007731676196215
0.2080078125000000	-0.0007719666095704
0.2083984375000000	-0.0007709554557042
0.2087890625000000	-0.0007697537327143
0.2091796875000000	-0.0007687415133188
0.2095703125000000	-0.0007675390892085
0.2099609375000001	-0.0007665258149558
0.2103515625000000	-0.0007653227015387
0.2107421875000000	-0.0007643083830990
0.2111328125000000	-0.0007631045921839
0.2115234375000000	-0.0007620892402244
0.2119140625000000	-0.0007608847836163
0.2123046875000000	-0.0007598684088023
0.2126953125000000	-0.0007586632983007
0.2130859375000000	-0.0007576459112946
0.2134765625000000	-0.0007564401586944
0.2138671875000000	-0.0007554217701561
0.2142578125000000	-0.0007542153872476
0.2146484375000000	-0.0007531960078334
0.2150390625000000	-0.0007519890064019
0.2154296875000000	-0.0007509686467664
0.2158203125000000	-0.0007497610385915
0.2162109375000000	-0.0007487397093863
0.2166015625000000	-0.0007475315062424
0.2169921875000000	-0.0007465092181153
0.2173828125000000	-0.0007453004317723
0.2177734375000000	-0.0007442771953680
0.2181640625000000	-0.0007430678375898
0.2185546875000000	-0.0007420436635502
0.2189453125000000	-0.0007408337460953
0.2193359375000000	-0.0007398086450591
0.2197265625000000	-0.0007385981796800
0.2201171875000000	-0.0007375721622823
0.2205078125000000	-0.0007363611607266
0.2208984375000000	-0.0007353342375985
0.2212890625000000	-0.0007341227116074
0.2216796875000000	-0.0007330948933772
0.2220703125000000	-0.0007318828546861
0.2224609375000000	-0.0007308541519779
0.2228515625000000	-0.0007296416123165
0.2232421875000000	-0.0007286120357510
0.2236328125000000	-0.0007273990068423
0.2240234375000000	-0.0007263685670359
0.2244140625000000	-0.0007251550605974
0.2248046875000000	-0.0007241237681630
0.2251953125000000	-0.0007229097959053
0.2255859375000000	-0.0007218776614517
0.2259765625000000	-0.0007206632350795
0.2263671875000000	-0.0007196302692111
0.2267578125000000	-0.0007184154004221
0.2271484375000000	-0.0007173816137390
0.2275390625000000	-0.0007161663142251
0.2279296875000000	-0.0007151317173233
0.2283203125000000	-0.0007139159987689
0.2287109375000000	-0.0007128806022402
0.2291015625000000	-0.0007116644763235
0.2294921875000000	-0.0007106282907547
0.2298828125000000	-0.0007094117691469
0.2302734375000000	-0.0007083748051206
0.2306640625000000	-0.0007071578994854
0.2310546875000000	-0.0007061201675798
0.2314453125000000	-0.0007049028895746
0.2318359375000000	-0.0007038644003623
0.2322265625000000	-0.0007026467616370
0.2326171875000000	-0.0007016075256862
0.2330078125000000	-0.0007003895378835
0.2333984375000000	-0.0006993495657576
0.2337890625000000	-0.0006981312405128
0.2341796875000000	-0.0006970905427697
0.2345703125000000	-0.0006958718917111
0.2349609375000000	-0.0006948304789041
0.2353515625000000	-0.0006936115136512
0.2357421875000000	-0.0006925693963287
0.2361328125000000	-0.0006913501284947
0.2365234375000000	-0.0006903073171987
0.2369140625000000	-0.0006890877583882
0.2373046875000000	-0.0006880442636560
0.2376953125000000	-0.0006868244254666
0.2380859375000000	-0.0006857802578301
0.2384765625000000	-0.0006845601518506
0.2388671875000000	-0.0006835153218356
0.2392578125000000	-0.0006822949596473
0.2396484375000000	-0.0006812494777748
0.2400390625000000	-0.0006800288709509
0.2404296875000000	-0.0006789827477354
0.2408203125000000	-0.0006777619078403
0.2412109375000000	-0.0006767151537906
0.2416015625000000	-0.0006754940923813
0.2419921875000000	-0.0006744467180008
0.2423828125000000	-0.0006732254466251
0.2427734375000000	-0.0006721774624101
0.2431640625000000	-0.0006709559926081
0.2435546875000000	-0.0006699074090500
0.2439453125000000	-0.0006686857523525
0.2443359375000000	-0.0006676365799355
0.2447265625000000	-0.0006664147478648
0.2451171875000000	-0.0006653649970679
0.2455078125000000	-0.0006641430011375
0.2458984375000000	-0.0006630926824325
0.2462890625000000	-0.0006618705341472
0.2466796875000000	-0.0006608196579997
0.2470703125000000	-0.0006595973688552
0.2474609375000000	-0.0006585459457241
0.2478515625000000	-0.0006573235272073
0.2482421875000000	-0.0006562715675453
0.2486328125000000	-0.0006550490311333
0.2490234375000000	-0.0006539965453860
0.2494140625000000	-0.0006527739025474
0.2498046875000000	-0.0006517209011537
0.2501953125000000	-0.0006504981633471
0.2505859375000000	-0.0006494446567391
0.2509765625000000	-0.0006482218354142
0.2513671875000000	-0.0006471678340167
0.2517578125000000	-0.0006459449406137
0.2521484375000000	-0.0006448904548445
0.2525390625000000	-0.0006436675007934
0.2529296875000000	-0.0006426125410640
0.2533203125000000	-0.0006413895377853
0.2537109375000000	-0.0006403341144986
0.2541015625000000	-0.0006391110734033
0.2544921875000000	-0.0006380551969557
0.2548828124999999	-0.0006368321294448
0.2552734375000000	-0.0006357758102254
0.2556640625000000	-0.0006345527276892
0.2560546875000000	-0.0006334959760791
0.2564453125000000	-0.0006322728898992
0.2568359375000000	-0.0006312157162722
0.2572265625000000	-0.0006299926378187
0.2576171875000000	-0.0006289350525407
0.2580078125000000	-0.0006277119931738
0.2583984375000000	-0.0006266540066036
0.2587890625000000	-0.0006254309776736
0.2591796875000000	-0.0006243726001609
0.2595703125000000	-0.0006231496130075
0.2599609375000000	-0.0006220908548951
0.2603515625000000	-0.0006208679208470
0.2607421875000001	-0.0006198087924693
0.2611328125000000	-0.0006185859228446
0.2615234375000000	-0.0006175264345284
0.2619140625000000	-0.0006163036406348
0.2623046875000000	-0.0006152438026981
0.2626953125000000	-0.0006140210958322
0.2630859375000000	-0.0006129609185848
0.2634765625000000	-0.0006117383100327
0.2638671875000000	-0.0006106778037760
0.2642578125000000	-0.0006094553048126
0.2646484375000000	-0.0006083944798400
0.2650390625000000	-0.0006071721017286
0.2654296875000000	-0.0006061109683245
0.2658203125000000	-0.0006048887223176
0.2662109375000000	-0.0006038272907584
0.2666015625000000	-0.0006026051880973
0.2669921875000000	-0.0006015434686493
0.0000976562500000	-0.0006136222469859
0.0002929687500000	-0.0006135321343097
0.0004882812500000	-0.0006133818696880
0.0006835937500000	-0.0006132912954000
0.0008789062500000	-0.0006131405695505
0.0010742187500000	-0.0006130495341481
0.0012695312500000	-0.0006128983476588
0.0014648437500000	-0.0006128068516401
0.0016601562500000	-0.0006126552050996
0.0018554687500000	-0.0006125632489634
0.0020507812500000	-0.0006124111429610
0.0022460937500000	-0.0006123187272066
0.0024414062500000	-0.0006121661623325
0.0026367187500000	-0.0006120732874601
0.0028320312500000	-0.0006119202643048
0.0030273437500000	-0.0006118269308152
0.0032226562500000	-0.0006116734499702
0.0034179687500000	-0.0006115796583649
0.0036132812500000	-0.0006114257204222
0.0038085937500000	-0.0006113314712034
0.0040039062500000	-0.0006111770767559
0.0041992187500000	-0.0006110823704265
0.0043945312500000	-0.0006109275200675
0.0045898437500000	-0.0006108323571310
0.0047851562500000	-0.0006106770514548
0.0049804687500000	-0.0006105814324154
0.0051757812500000	-0.0006104256720167
0.0053710937500000	-0.0006103295973794
0.0055664062500000	-0.0006101733828537
0.0057617187500000	-0.0006100768531241
0.0059570312500000	-0.0006099201850675
0.0061523437500000	-0.0006098232007519
0.0063476562500000	-0.0006096660797613
0.0065429687500000	-0.0006095686413666
0.0067382812500000	-0.0006094110680395
0.0069335937500000	-0.0006093131760733
0.0071289062500000	-0.0006091551510079
0.0073242187500000	-0.0006090568059785
0.0075195312500000	-0.0006088983297736
0.0077148437500000	-0.0006087995321901
0.0079101562500000	-0.0006086406054453
0.0081054687500000	-0.0006085413558172
0.0083007812500000	-0.0006083819791326
0.0084960937500000	-0.0006082822779702
0.0086914062500000	-0.0006081224519468
0.0088867187500000	-0.0006080222997612
0.0090820312500000	-0.0006078620250004
0.0092773437500000	-0.0006077614223032
0.0094726562500000	-0.0006076006994072
0.0096679687500000	-0.0006074996467107
0.0098632812500000	-0.0006073384762824
0.0100585937500000	-0.0006072369740996
0.0102539062500000	-0.0006070753567425
0.0104492187500000	-0.0006069734055870
0.0106445312500000	-0.0006068113419052
0.0108398437500000	-0.0006067089422914
0.0110351562500000	-0.0006065464328898
0.0112304687500000	-0.0006064435853326
0.0114257812500000	-0.0006062806308167
0.0116210937500000	-0.0006061773358316
0.0118164062500000	-0.0006060139368075
0.0120117187500000	-0.0006059101949110
0.0122070312500000	-0.0006057463519855
0.0124023437500000	-0.0006056421636944
0.0125976562500000	-0.0006054778774750
0.0127929687500000	-0.0006053732433069
0.0129882812500000	-0.0006052085144016
0.0131835937500000	-0.0006051034348749
0.0133789062500000	-0.0006049382638924
0.0135742187500000	-0.0006048327395259
0.0137695312500000	-0.0006046671270757
0.0139648437500000	-0.0006045611583889
0.0141601562500000	-0.0006043951050810
0.0143554687500000	-0.0006042886925942
0.0145507812500000	-0.0006041221990392
0.0147460937500000	-0.0006040153432733
0.0149414062500000	-0.0006038484100826
0.0151367187500000	-0.0006037411115589
0.0153320312500000	-0.0006035737393445
0.0155273437500000	-0.0006034659985854
0.0157226562500000	-0.0006032981879599
0.0159179687500000	-0.0006031900054879
0.0161132812500000	-0.0006030217570645
0.0163085937500000	-0.0006029131334033
0.0165039062500000	-0.0006027444477959
0.0166992187500000	-0.0006026353834694
0.0168945312500000	-0.0006024662612925
0.0170898437500000	-0.0006023567568255
