0.9250000000000000	0.5000000000000000	0.0000000000552346
0.9750000000000000	0.5000000000000000	0.0000000000006264
0.8625000000000000	0.5000000000000000	0.0000000017675065
0.8875000000000000	0.5000000000000000	0.0000000002796592
0.8062500000000000	0.5000000000000000	0.0000000171279255
0.8187500000000001	0.5000000000000000	0.0000000080468217
0.8312500000000000	0.5000000000000000	0.0000000036562679
0.8437500000000001	0.5000000000000000	0.0000000016069001
0.7906250000000001	0.5000000000000000	0.0000000104618376
0.7968750000000000	0.5000000000000000	0.0000000073543731
0.7781250000000000	0.5000000000000000	0.0000000206418418
0.7843750000000000	0.5000000000000000	0.0000000147574618
0.0015625000000000	0.5000000000000000	-0.0000000000000002
0.0046875000000000	0.5000000000000000	-0.0000000000000003
0.0078125000000000	0.5000000000000000	-0.0000000000000005
0.0109375000000000	0.5000000000000000	-0.0000000000000006
0.0140625000000000	0.5000000000000000	-0.0000000000000009
0.0171875000000000	0.5000000000000000	-0.0000000000000012
0.0203125000000000	0.5000000000000000	-0.0000000000000016
0.0234375000000000	0.5000000000000000	-0.0000000000000021
0.0265625000000000	0.5000000000000000	-0.0000000000000028
0.0296875000000000	0.5000000000000000	-0.0000000000000038
0.0328125000000000	0.5000000000000000	-0.0000000000000051
0.0359375000000000	0.5000000000000000	-0.0000000000000068
0.0390625000000000	0.5000000000000000	-0.0000000000000090
0.0421875000000000	0.5000000000000000	-0.0000000000000120
0.0453125000000000	0.5000000000000000	-0.0000000000000159
0.0484375000000000	0.5000000000000000	-0.0000000000000211
0.0515625000000000	0.5000000000000000	-0.0000000000000280
0.0546875000000000	0.5000000000000000	-0.0000000000000369
0.0578125000000000	0.5000000000000000	-0.0000000000000486
0.0609375000000000	0.5000000000000000	-0.0000000000000639
0.0640625000000000	0.5000000000000000	-0.0000000000000838
0.0671875000000000	0.5000000000000000	-0.0000000000001098
0.0703125000000000	0.5000000000000000	-0.0000000000001434
0.0734375000000000	0.5000000000000000	-0.0000000000001870
0.0765625000000000	0.5000000000000000	-0.0000000000002433
0.0796875000000000	0.5000000000000000	-0.0000000000003159
0.0828125000000000	0.5000000000000000	-0.0000000000004093
0.0859375000000000	0.5000000000000000	-0.0000000000005293
0.0890625000000000	0.5000000000000000	-0.0000000000006831
0.0921875000000000	0.5000000000000000	-0.0000000000008797
0.0953125000000000	0.5000000000000000	-0.0000000000011306
0.0984375000000000	0.5000000000000000	-0.0000000000014500
0.1015625000000000	0.5000000000000000	-0.0000000000018559
0.1046875000000000	0.5000000000000000	-0.0000000000023705
0.2265625000000000	0.5000000000000000	-0.0000000065657799
0.2296875000000000	0.5000000000000000	-0.0000000077153491
0.2328125000000000	0.5000000000000000	-0.0000000090469487
0.2359375000000000	0.5000000000000000	-0.0000000105858234
0.2390625000000000	0.5000000000000000	-0.0000000123600937
0.2421875000000000	0.5000000000000000	-0.0000000144009808
0.2453125000000000	0.5000000000000000	-0.0000000167430313
0.2484375000000000	0.5000000000000000	-0.0000000194243409
0.2140625000000000	0.5000000000000000	-0.0000000033713730
0.2171875000000000	0.5000000000000000	-0.0000000039953488
0.2203125000000000	0.5000000000000000	-0.0000000047248136
0.2234375000000000	0.5000000000000000	-0.0000000055756514
0.7515624999999999	0.5000000000000000	0.0000000194873621
0.7546875000000001	0.5000000000000000	0.0000000167962949
0.7578125000000000	0.5000000000000000	0.0000000144459006
0.7609375000000000	0.5000000000000000	0.0000000123978954
0.1078125000000000	0.5000000000000000	-0.0000000000030216
0.1109375000000000	0.5000000000000000	-0.0000000000038436
0.1140625000000000	0.5000000000000000	-0.0000000000048790
0.1171875000000000	0.5000000000000000	-0.0000000000061807
0.1203125000000000	0.5000000000000000	-0.0000000000078135
0.1234375000000000	0.5000000000000000	-0.0000000000098572
0.1265625000000000	0.5000000000000000	-0.0000000000124099
0.1296875000000000	0.5000000000000000	-0.0000000000155914
0.1328125000000000	0.5000000000000000	-0.0000000000195480
0.1359375000000000	0.5000000000000000	-0.0000000000244581
0.1390625000000000	0.5000000000000000	-0.0000000000305382
0.1421875000000000	0.5000000000000000	-0.0000000000380509
0.1453125000000000	0.5000000000000000	-0.0000000000473137
0.1484375000000000	0.5000000000000000	-0.0000000000587095
0.1515625000000000	0.5000000000000000	-0.0000000000726991
0.1546875000000000	0.5000000000000000	-0.0000000000898355
0.1578125000000000	0.5000000000000000	-0.0000000001107811
0.1609375000000000	0.5000000000000000	-0.0000000001363266
0.1640625000000000	0.5000000000000000	-0.0000000001674144
0.1671875000000000	0.5000000000000000	-0.0000000002051640
0.1703125000000000	0.5000000000000000	-0.0000000002509027
0.1734375000000000	0.5000000000000000	-0.0000000003061995
0.1765625000000000	0.5000000000000000	-0.0000000003729049
0.1796875000000000	0.5000000000000000	-0.0000000004531954
0.1828125000000000	0.5000000000000000	-0.0000000005496242
0.1859375000000000	0.5000000000000000	-0.0000000006651790
0.2015625000000000	0.5000000000000000	-0.0000000016736224
0.2046875000000000	0.5000000000000000	-0.0000000020001678
0.2078125000000000	0.5000000000000000	-0.0000000023854023
0.2109375000000000	0.5000000000000000	-0.0000000028388477
0.1890625000000000	0.5000000000000000	-0.0000000008033460
0.1921875000000000	0.5000000000000000	-0.0000000009681829
0.1953125000000000	0.5000000000000000	-0.0000000011643996
0.1984375000000000	0.5000000000000000	-0.0000000013974482
0.7640625000000000	0.5000000000000000	0.0000000106175662
0.7671874999999999	0.5000000000000000	0.0000000090735461
0.7703125000000001	0.5000000000000000	0.0000000077375868
0.7734375000000000	0.5000000000000000	0.0000000065843322
0.5007812500000000	0.5000000000000000	0.0000000095202736
0.7164062500000001	0.5000000000000000	0.0000000222924574
0.7179687500000000	0.5000000000000000	0.0000000209558345
0.7195312500000002	0.5000000000000000	0.0000000196885509
0.7210937500000001	0.5000000000000000	0.0000000184877744
0.7226562500000000	0.5000000000000000	0.0000000173507363
0.7242187500000001	0.5000000000000000	0.0000000162747332
0.2757812500000000	0.5000000000000000	-0.0000000162870672
0.2773437500000000	0.5000000000000000	-0.0000000173638225
0.2789062500000000	0.5000000000000000	-0.0000000185016512
0.2804687500000000	0.5000000000000000	-0.0000000197032580
0.2820312500000000	0.5000000000000000	-0.0000000209714133
0.2835937500000000	0.5000000000000000	-0.0000000223089505
0.2851562500000001	0.5000000000000000	-0.0000000237187639
0.2867187500000000	0.5000000000000000	-0.0000000252038050
0.4992187500000000	0.5000000000000000	-0.0000000093033350
0.7257812500000000	0.5000000000000000	0.0000000152571293
0.7273437500000002	0.5000000000000000	0.0000000142953583
0.7289062500000001	0.5000000000000000	0.0000000133869244
0.7304687500000000	0.5000000000000000	0.0000000125294035
0.7320312500000001	0.5000000000000000	0.0000000117204441
0.7335937500000000	0.5000000000000000	0.0000000109577678
0.7351562500000000	0.5000000000000000	0.0000000102391694
0.7367187500000001	0.5000000000000000	0.0000000095625169
0.2632812500000000	0.5000000000000000	-0.0000000095700506
0.2648437500000000	0.5000000000000000	-0.0000000102471970
0.2664062500000000	0.5000000000000000	-0.0000000109663172
0.2679687500000000	0.5000000000000000	-0.0000000117295443
0.2695312500000001	0.5000000000000000	-0.0000000125390847
0.2710937500000000	0.5000000000000000	-0.0000000133972181
0.2726562500000000	0.5000000000000000	-0.0000000143062975
0.2742187500000000	0.5000000000000000	-0.0000000152687481
0.7382812500000000	0.5000000000000000	0.0000000089257519
0.7398437500000001	0.5000000000000000	0.0000000083268886
0.7414062500000000	0.5000000000000000	0.0000000077640134
0.7429687500000000	0.5000000000000000	0.0000000072352845
0.2570312500000000	0.5000000000000000	-0.0000000072410968
0.2585937500000000	0.5000000000000000	-0.0000000077702202
0.2601562500000000	0.5000000000000000	-0.0000000083335130
0.2617187500000000	0.5000000000000000	-0.0000000089328182
0.7445312500000001	0.5000000000000000	0.0000000067389307
0.7460937500000000	0.5000000000000000	0.0000000062732505
0.7476562500000000	0.5000000000000000	0.0000000058366111
0.7492187500000000	0.5000000000000000	0.0000000054274468
0.2507812500000000	0.5000000000000000	-0.0000000054318927
0.2523437500000000	0.5000000000000000	-0.0000000058413689
0.2539062500000000	0.5000000000000000	-0.0000000062783394
0.2554687500000000	0.5000000000000000	-0.0000000067443708
0.6738281250000000	0.5000000000000000	0.0000000241727858
0.6746093750000000	0.5000000000000000	0.0000000236188849
0.5066406250000000	0.5000000000000000	0.0000000182087407
0.5074218750000000	0.5000000000000000	0.0000000205283251
0.3253906250000000	0.5000000000000000	-0.0000000237887455
0.3261718750000001	0.5000000000000000	-0.0000000243472850
0.6753906250000000	0.5000000000000000	0.0000000230743449
0.6761718750000001	0.5000000000000000	0.0000000225391095
0.6769531250000000	0.5000000000000000	0.0000000220131194
0.6777343750000001	0.5000000000000000	0.0000000214963121
0.6785156250000000	0.5000000000000000	0.0000000209886226
0.6792968750000000	0.5000000000000000	0.0000000204899831
0.6800781250000001	0.5000000000000000	0.0000000200003235
0.6808593749999999	0.5000000000000000	0.0000000195195709
0.6816406250000000	0.5000000000000000	0.0000000190476504
0.6824218750000000	0.5000000000000000	0.0000000185844847
0.6832031250000000	0.5000000000000000	0.0000000181299945
0.6839843750000001	0.5000000000000000	0.0000000176840985
0.3160156250000000	0.5000000000000000	-0.0000000178058806
0.3167968750000001	0.5000000000000000	-0.0000000182552841
0.3175781250000000	0.5000000000000000	-0.0000000187133672
0.3183593750000001	0.5000000000000000	-0.0000000191802128
0.3191406250000001	0.5000000000000000	-0.0000000196559018
0.3199218750000001	0.5000000000000000	-0.0000000201405130
0.3207031250000001	0.5000000000000000	-0.0000000206341231
0.3214843750000000	0.5000000000000000	-0.0000000211368063
0.3222656250000001	0.5000000000000000	-0.0000000216486345
0.3230468750000001	0.5000000000000000	-0.0000000221696773
0.3238281250000000	0.5000000000000000	-0.0000000227000012
0.3246093750000001	0.5000000000000000	-0.0000000232396702
0.4917968750000000	0.5000000000000000	-0.0000000262383322
0.4925781250000000	0.5000000000000000	-0.0000000239308921
0.4933593750000000	0.5000000000000000	-0.0000000216150055
0.5035156250000000	0.5000000000000000	0.0000000088671572
0.5042968750000000	0.5000000000000000	0.0000000112103140
0.5050781249999999	0.5000000000000000	0.0000000135488740
0.5058593750000000	0.5000000000000000	0.0000000158819706
0.6847656249999999	0.5000000000000000	0.0000000172467135
0.6855468750000000	0.5000000000000000	0.0000000168177546
0.6863281250000000	0.5000000000000000	0.0000000163971352
0.6871093750000000	0.5000000000000000	0.0000000159847670
0.3128906250000001	0.5000000000000000	-0.0000000160933424
0.3136718750000000	0.5000000000000000	-0.0000000165088918
0.3144531250000000	0.5000000000000000	-0.0000000169327718
0.3152343750000001	0.5000000000000000	-0.0000000173650720
0.6878906250000001	0.5000000000000000	0.0000000155805603
0.6886718749999999	0.5000000000000000	0.0000000151844242
0.6894531250000000	0.5000000000000000	0.0000000147962664
0.6902343750000000	0.5000000000000000	0.0000000144159933
0.6910156250000000	0.5000000000000000	0.0000000140435104
0.6917968750000001	0.5000000000000000	0.0000000136787221
0.6925781250000000	0.5000000000000000	0.0000000133215318
0.6933593750000001	0.5000000000000000	0.0000000129718424
0.6941406250000000	0.5000000000000000	0.0000000126295557
0.6949218750000001	0.5000000000000000	0.0000000122945730
0.6957031250000001	0.5000000000000000	0.0000000119667951
0.6964843750000003	0.5000000000000000	0.0000000116461221
0.6972656250000001	0.5000000000000000	0.0000000113324538
0.6980468750000000	0.5000000000000000	0.0000000110256897
0.6988281250000000	0.5000000000000000	0.0000000107257290
0.6996093750000001	0.5000000000000000	0.0000000104324706
0.3003906250000000	0.5000000000000000	-0.0000000104997544
0.3011718750000001	0.5000000000000000	-0.0000000107951185
0.3019531250000000	0.5000000000000000	-0.0000000110972422
0.3027343750000000	0.5000000000000000	-0.0000000114062277
0.3035156250000001	0.5000000000000000	-0.0000000117221771
0.3042968750000000	0.5000000000000000	-0.0000000120451923
0.3050781250000000	0.5000000000000000	-0.0000000123753748
0.3058593750000000	0.5000000000000000	-0.0000000127128257
0.3066406250000000	0.5000000000000000	-0.0000000130576457
0.3074218750000001	0.5000000000000000	-0.0000000134099347
0.3082031250000000	0.5000000000000000	-0.0000000137697923
0.3089843750000001	0.5000000000000000	-0.0000000141373170
0.3097656250000000	0.5000000000000000	-0.0000000145126069
0.3105468750000001	0.5000000000000000	-0.0000000148957590
0.3113281250000001	0.5000000000000000	-0.0000000152868691
0.3121093750000000	0.5000000000000000	-0.0000000156860323
0.7003906250000000	0.5000000000000000	0.0000000101458133
0.7011718750000001	0.5000000000000000	0.0000000098656559
0.7019531250000000	0.5000000000000000	0.0000000095918972
0.7027343750000000	0.5000000000000000	0.0000000093244358
0.7035156250000001	0.5000000000000000	0.0000000090631708
0.7042968749999999	0.5000000000000000	0.0000000088080012
0.7050781250000000	0.5000000000000000	0.0000000085588264
0.7058593750000000	0.5000000000000000	0.0000000083155459
0.7066406250000000	0.5000000000000000	0.0000000080780597
0.7074218750000001	0.5000000000000000	0.0000000078462681
0.7082031250000000	0.5000000000000000	0.0000000076200718
0.7089843750000001	0.5000000000000000	0.0000000073993722
0.2941406250000000	0.5000000000000000	-0.0000000083679000
0.2949218750000001	0.5000000000000000	-0.0000000086128713
0.2957031250000001	0.5000000000000000	-0.0000000088637848
0.2964843750000000	0.5000000000000000	-0.0000000091207420
0.2972656250000001	0.5000000000000000	-0.0000000093838447
0.2980468750000000	0.5000000000000000	-0.0000000096531950
0.2988281250000000	0.5000000000000000	-0.0000000099288951
0.2996093750000001	0.5000000000000000	-0.0000000102110474
0.4941406250000000	0.5000000000000000	-0.0000000192915258
0.4949218750000001	0.5000000000000000	-0.0000000169613109
0.4957031250000000	0.5000000000000000	-0.0000000146252229
0.4964843750000000	0.5000000000000000	-0.0000000122841274
0.5019531250000000	0.5000000000000000	0.0000000041705330
0.5027343750000001	0.5000000000000000	0.0000000065202729
0.7097656250000000	0.5000000000000000	0.0000000071840709
0.7105468750000001	0.5000000000000000	0.0000000069740702
0.7113281250000001	0.5000000000000000	0.0000000067692733
0.7121093750000003	0.5000000000000000	0.0000000065695835
0.2878906250000001	0.5000000000000000	-0.0000000066100061
0.2886718750000000	0.5000000000000000	-0.0000000068110418
0.2894531250000000	0.5000000000000000	-0.0000000070172243
0.2902343750000000	0.5000000000000000	-0.0000000072286510
0.2910156250000000	0.5000000000000000	-0.0000000074454199
0.2917968750000001	0.5000000000000000	-0.0000000076676298
0.2925781250000000	0.5000000000000000	-0.0000000078953798
0.2933593750000001	0.5000000000000000	-0.0000000081287698
0.7128906250000001	0.5000000000000000	0.0000000063749052
0.7136718750000002	0.5000000000000000	0.0000000061851435
0.7144531250000001	0.5000000000000000	0.0000000060002040
0.7152343750000002	0.5000000000000000	0.0000000058199933
0.4972656250000000	0.5000000000000000	-0.0000000099388931
0.4980468750000000	0.5000000000000000	-0.0000000075903912
0.5361328125000000	0.5000000000000000	0.0000000228819050
0.5365234375000001	0.5000000000000000	0.0000000230727794
0.5369140625000002	0.5000000000000000	0.0000000232616420
0.6095703125000000	0.5000000000000000	0.0000000240235315
0.6103515625000000	0.5000000000000000	0.0000000237780696
0.6107421875000001	0.5000000000000000	0.0000000236547233
0.6111328125000000	0.5000000000000000	0.0000000235309860
0.6115234375000000	0.5000000000000000	0.0000000234068729
0.6119140625000001	0.5000000000000000	0.0000000232823988
0.6123046875000000	0.5000000000000000	0.0000000231575785
0.3912109375000000	0.5000000000000000	-0.0000000249284257
0.4626953125000000	0.5000000000000000	-0.0000000253212561
0.4630859375000000	0.5000000000000000	-0.0000000251398419
0.4634765625000000	0.5000000000000000	-0.0000000249563628
0.4638671875000001	0.5000000000000000	-0.0000000247708299
0.5314453125000000	0.5000000000000000	0.0000000204391065
0.5318359374999999	0.5000000000000000	0.0000000206531141
0.5322265625000000	0.5000000000000000	0.0000000208652710
0.5326171875000001	0.5000000000000000	0.0000000210755624
0.5330078125000000	0.5000000000000000	0.0000000212839736
0.5333984375000000	0.5000000000000000	0.0000000214904902
0.5337890625000001	0.5000000000000000	0.0000000216950980
0.5341796875000000	0.5000000000000000	0.0000000218977832
0.5345703125000001	0.5000000000000000	0.0000000220985322
0.5349609375000000	0.5000000000000000	0.0000000222973318
0.5353515625000000	0.5000000000000000	0.0000000224941689
0.5357421875000001	0.5000000000000000	0.0000000226890308
0.6189453125000002	0.5000000000000000	0.0000000209965589
0.6193359375000000	0.5000000000000000	0.0000000208679308
0.6197265625000001	0.5000000000000000	0.0000000207392195
0.6201171875000002	0.5000000000000000	0.0000000206104377
0.6205078125000001	0.5000000000000000	0.0000000204815980
0.6208984375000002	0.5000000000000000	0.0000000203527131
0.6212890625000003	0.5000000000000000	0.0000000202237953
0.6216796875000001	0.5000000000000000	0.0000000200948570
0.6220703125000002	0.5000000000000000	0.0000000199659104
0.6224609375000001	0.5000000000000000	0.0000000198369677
0.6228515625000002	0.5000000000000000	0.0000000197080407
0.6232421875000000	0.5000000000000000	0.0000000195791413
0.6236328125000001	0.5000000000000000	0.0000000194502814
0.6240234375000000	0.5000000000000000	0.0000000193214724
0.6244140625000001	0.5000000000000000	0.0000000191927259
0.6248046875000002	0.5000000000000000	0.0000000190640533
0.3876953125000000	0.5000000000000000	-0.0000000237694212
0.3880859375000000	0.5000000000000000	-0.0000000238996120
0.3884765625000000	0.5000000000000000	-0.0000000240294848
0.3888671875000000	0.5000000000000000	-0.0000000241590248
0.3892578125000000	0.5000000000000000	-0.0000000242882168
0.3896484375000000	0.5000000000000000	-0.0000000244170458
0.3900390625000000	0.5000000000000000	-0.0000000245454968
0.3904296875000000	0.5000000000000000	-0.0000000246735543
0.5251953125000000	0.5000000000000000	0.0000000167765107
0.5255859375000000	0.5000000000000000	0.0000000170178830
0.5259765625000001	0.5000000000000000	0.0000000172576790
0.5263671875000000	0.5000000000000000	0.0000000174958797
0.5267578125000001	0.5000000000000000	0.0000000177324662
0.5271484375000000	0.5000000000000000	0.0000000179674200
0.5275390625000000	0.5000000000000000	0.0000000182007229
0.5279296874999999	0.5000000000000000	0.0000000184323569
0.5283203125000000	0.5000000000000000	0.0000000186623041
0.5287109374999999	0.5000000000000000	0.0000000188905469
0.5291015625000000	0.5000000000000000	0.0000000191170682
0.5294921875000000	0.5000000000000000	0.0000000193418509
0.5298828124999999	0.5000000000000000	0.0000000195648781
0.5302734375000000	0.5000000000000000	0.0000000197861335
0.5306640625000001	0.5000000000000000	0.0000000200056006
0.5310546875000000	0.5000000000000000	0.0000000202232635
0.6126953125000001	0.5000000000000000	0.0000000230324266
0.6130859375000000	0.5000000000000000	0.0000000229069580
0.6134765625000000	0.5000000000000000	0.0000000227811870
0.6138671875000001	0.5000000000000000	0.0000000226551281
0.6142578125000000	0.5000000000000000	0.0000000225287956
0.6146484375000001	0.5000000000000000	0.0000000224022039
0.6150390625000002	0.5000000000000000	0.0000000222753671
0.6154296875000000	0.5000000000000000	0.0000000221482992
0.6158203125000001	0.5000000000000000	0.0000000220210142
0.6162109375000000	0.5000000000000000	0.0000000218935259
0.6166015625000001	0.5000000000000000	0.0000000217658481
0.6169921875000002	0.5000000000000000	0.0000000216379945
0.6173828125000000	0.5000000000000000	0.0000000215099785
0.6177734375000001	0.5000000000000000	0.0000000213818137
0.6181640625000002	0.5000000000000000	0.0000000212535134
0.6185546875000001	0.5000000000000000	0.0000000211250907
0.3751953125000000	0.5000000000000000	-0.0000000195192534
0.3755859375000000	0.5000000000000000	-0.0000000196523693
0.3759765625000000	0.5000000000000000	-0.0000000197855883
0.3763671875000000	0.5000000000000000	-0.0000000199188990
0.3767578125000000	0.5000000000000000	-0.0000000200522900
0.3771484375000000	0.5000000000000000	-0.0000000201857497
0.3775390625000000	0.5000000000000000	-0.0000000203192662
0.3779296875000000	0.5000000000000000	-0.0000000204528278
0.3783203125000000	0.5000000000000000	-0.0000000205864225
0.3787109375000000	0.5000000000000000	-0.0000000207200381
0.3791015625000000	0.5000000000000000	-0.0000000208536625
0.3794921875000000	0.5000000000000000	-0.0000000209872833
0.3798828124999999	0.5000000000000000	-0.0000000211208880
0.3802734375000000	0.5000000000000000	-0.0000000212544641
0.3806640625000000	0.5000000000000000	-0.0000000213879989
0.3810546875000000	0.5000000000000000	-0.0000000215214796
0.3814453125000000	0.5000000000000000	-0.0000000216548932
0.3818359375000000	0.5000000000000000	-0.0000000217882267
0.3822265625000000	0.5000000000000000	-0.0000000219214671
0.3826171875000000	0.5000000000000000	-0.0000000220546009
0.3830078125000000	0.5000000000000000	-0.0000000221876149
0.3833984375000000	0.5000000000000000	-0.0000000223204955
0.3837890625000000	0.5000000000000000	-0.0000000224532293
0.3841796875000000	0.5000000000000000	-0.0000000225858024
0.3845703125000000	0.5000000000000000	-0.0000000227182011
0.3849609375000000	0.5000000000000000	-0.0000000228504115
0.3853515625000000	0.5000000000000000	-0.0000000229824195
0.3857421875000001	0.5000000000000000	-0.0000000231142111
0.3861328125000000	0.5000000000000000	-0.0000000232457720
0.3865234375000000	0.5000000000000000	-0.0000000233770879
0.3869140625000000	0.5000000000000000	-0.0000000235081445
0.3873046875000000	0.5000000000000000	-0.0000000236389271
0.4642578125000000	0.5000000000000000	-0.0000000245832546
0.4646484375000000	0.5000000000000000	-0.0000000243936486
0.4650390625000000	0.5000000000000000	-0.0000000242020240
0.4654296875000000	0.5000000000000000	-0.0000000240083931
0.4658203125000000	0.5000000000000000	-0.0000000238127684
0.4662109375000000	0.5000000000000000	-0.0000000236151629
0.4666015625000000	0.5000000000000000	-0.0000000234155896
0.4669921875000000	0.5000000000000000	-0.0000000232140620
0.4673828125000000	0.5000000000000000	-0.0000000230105937
0.4677734375000000	0.5000000000000000	-0.0000000228051989
0.4681640625000000	0.5000000000000000	-0.0000000225978916
0.4685546875000000	0.5000000000000000	-0.0000000223886865
0.4689453125000000	0.5000000000000000	-0.0000000221775984
0.4693359375000000	0.5000000000000000	-0.0000000219646422
0.4697265625000000	0.5000000000000000	-0.0000000217498334
0.4701171875000000	0.5000000000000000	-0.0000000215331875
0.4705078125000000	0.5000000000000000	-0.0000000213147205
0.4708984375000000	0.5000000000000000	-0.0000000210944484
0.4712890625000000	0.5000000000000000	-0.0000000208723876
0.4716796875000000	0.5000000000000000	-0.0000000206485548
0.4720703125000000	0.5000000000000000	-0.0000000204229669
0.4724609375000000	0.5000000000000000	-0.0000000201956411
0.4728515625000000	0.5000000000000000	-0.0000000199665947
0.4732421875000000	0.5000000000000000	-0.0000000197358455
0.4736328124999999	0.5000000000000000	-0.0000000195034114
0.4740234375000000	0.5000000000000000	-0.0000000192693105
0.4744140625000000	0.5000000000000000	-0.0000000190335612
0.4748046875000000	0.5000000000000000	-0.0000000187961822
0.6251953125000000	0.5000000000000000	0.0000000189354659
0.6255859375000001	0.5000000000000000	0.0000000188069747
0.6259765625000002	0.5000000000000000	0.0000000186785908
0.6263671875000001	0.5000000000000000	0.0000000185503251
0.6267578125000002	0.5000000000000000	0.0000000184221883
0.6271484375000000	0.5000000000000000	0.0000000182941911
0.6275390625000001	0.5000000000000000	0.0000000181663440
0.6279296875000000	0.5000000000000000	0.0000000180386575
0.6283203125000001	0.5000000000000000	0.0000000179111416
0.6287109375000000	0.5000000000000000	0.0000000177838067
0.6291015625000000	0.5000000000000000	0.0000000176566628
0.6294921875000001	0.5000000000000000	0.0000000175297196
0.3705078125000000	0.5000000000000000	-0.0000000179338733
0.3708984375000000	0.5000000000000000	-0.0000000180649106
0.3712890625000000	0.5000000000000000	-0.0000000181961777
0.3716796875000000	0.5000000000000000	-0.0000000183276647
0.3720703125000000	0.5000000000000000	-0.0000000184593615
0.3724609375000000	0.5000000000000000	-0.0000000185912582
0.3728515625000000	0.5000000000000000	-0.0000000187233444
0.3732421875000000	0.5000000000000000	-0.0000000188556099
0.3736328125000000	0.5000000000000000	-0.0000000189880440
0.3740234375000000	0.5000000000000000	-0.0000000191206362
0.3744140625000000	0.5000000000000000	-0.0000000192533758
0.3748046875000000	0.5000000000000000	-0.0000000193862518
0.6298828125000000	0.5000000000000000	0.0000000174029871
0.6302734375000001	0.5000000000000000	0.0000000172764747
0.6306640625000002	0.5000000000000000	0.0000000171501922
0.6310546875000000	0.5000000000000000	0.0000000170241487
0.6314453125000001	0.5000000000000000	0.0000000168983536
0.6318359375000000	0.5000000000000000	0.0000000167728161
0.6322265625000001	0.5000000000000000	0.0000000166475451
0.6326171875000002	0.5000000000000000	0.0000000165225495
0.6330078125000000	0.5000000000000000	0.0000000163978380
0.6333984375000001	0.5000000000000000	0.0000000162734193
0.6337890625000002	0.5000000000000000	0.0000000161493019
0.6341796875000001	0.5000000000000000	0.0000000160254942
0.6345703125000002	0.5000000000000000	0.0000000159020043
0.6349609375000000	0.5000000000000000	0.0000000157788405
0.6353515625000001	0.5000000000000000	0.0000000156560106
0.6357421875000002	0.5000000000000000	0.0000000155335226
0.6361328125000001	0.5000000000000000	0.0000000154113842
0.6365234375000002	0.5000000000000000	0.0000000152896030
0.6369140625000003	0.5000000000000000	0.0000000151681864
0.6373046875000001	0.5000000000000000	0.0000000150471419
0.5220703125000001	0.5000000000000000	0.0000000147911399
0.5224609375000000	0.5000000000000000	0.0000000150444113
0.5228515625000001	0.5000000000000000	0.0000000152962666
0.5232421875000000	0.5000000000000000	0.0000000155466850
0.5236328125000000	0.5000000000000000	0.0000000157956460
0.5240234374999999	0.5000000000000000	0.0000000160431291
0.5244140625000000	0.5000000000000000	0.0000000162891141
0.5248046875000001	0.5000000000000000	0.0000000165335812
0.3626953125000000	0.5000000000000000	-0.0000000153754042
0.3630859375000001	0.5000000000000000	-0.0000000154999762
0.3634765625000000	0.5000000000000000	-0.0000000156249478
0.3638671875000001	0.5000000000000000	-0.0000000157503119
0.3642578125000001	0.5000000000000000	-0.0000000158760611
0.3646484375000000	0.5000000000000000	-0.0000000160021877
0.3650390625000000	0.5000000000000000	-0.0000000161286843
0.3654296875000000	0.5000000000000000	-0.0000000162555428
0.3658203125000000	0.5000000000000000	-0.0000000163827556
0.3662109375000001	0.5000000000000000	-0.0000000165103144
0.3666015625000000	0.5000000000000000	-0.0000000166382111
0.3669921875000000	0.5000000000000000	-0.0000000167664375
0.3673828125000000	0.5000000000000000	-0.0000000168949851
0.3677734375000000	0.5000000000000000	-0.0000000170238452
0.3681640625000000	0.5000000000000000	-0.0000000171530093
0.3685546875000000	0.5000000000000000	-0.0000000172824685
0.3689453125000000	0.5000000000000000	-0.0000000174122139
0.3693359375000000	0.5000000000000000	-0.0000000175422363
0.3697265625000000	0.5000000000000000	-0.0000000176725266
0.3701171875000001	0.5000000000000000	-0.0000000178030754
0.4751953125000000	0.5000000000000000	-0.0000000185571924
0.4755859375000000	0.5000000000000000	-0.0000000183166109
0.4759765625000000	0.5000000000000000	-0.0000000180744571
0.4763671875000000	0.5000000000000000	-0.0000000178307504
0.4767578125000000	0.5000000000000000	-0.0000000175855109
0.4771484375000000	0.5000000000000000	-0.0000000173387585
0.4775390624999999	0.5000000000000000	-0.0000000170905135
0.4779296875000000	0.5000000000000000	-0.0000000168407964
0.6376953125000002	0.5000000000000000	0.0000000149264767
0.6380859375000001	0.5000000000000000	0.0000000148061979
0.6384765625000002	0.5000000000000000	0.0000000146863124
0.6388671875000003	0.5000000000000000	0.0000000145668271
0.6392578125000001	0.5000000000000000	0.0000000144477487
0.6396484375000002	0.5000000000000000	0.0000000143290839
0.6400390625000003	0.5000000000000000	0.0000000142108391
0.6404296875000002	0.5000000000000000	0.0000000140930207
0.6408203125000003	0.5000000000000000	0.0000000139756348
0.6412109375000001	0.5000000000000000	0.0000000138586878
0.6416015625000002	0.5000000000000000	0.0000000137421854
0.6419921875000001	0.5000000000000000	0.0000000136261336
0.6423828125000002	0.5000000000000000	0.0000000135105381
0.6427734375000000	0.5000000000000000	0.0000000133954046
0.6431640625000001	0.5000000000000000	0.0000000132807385
0.6435546875000002	0.5000000000000000	0.0000000131665453
0.6439453125000001	0.5000000000000000	0.0000000130528301
0.6443359375000002	0.5000000000000000	0.0000000129395982
0.6447265625000003	0.5000000000000000	0.0000000128268545
0.6451171875000001	0.5000000000000000	0.0000000127146040
0.6455078125000002	0.5000000000000000	0.0000000126028515
0.6458984375000001	0.5000000000000000	0.0000000124916016
0.6462890625000002	0.5000000000000000	0.0000000123808590
0.6466796875000000	0.5000000000000000	0.0000000122706279
0.6470703125000001	0.5000000000000000	0.0000000121609128
0.6474609375000000	0.5000000000000000	0.0000000120517179
0.6478515625000001	0.5000000000000000	0.0000000119430472
0.6482421875000002	0.5000000000000000	0.0000000118349048
0.6486328125000000	0.5000000000000000	0.0000000117272946
0.6490234375000001	0.5000000000000000	0.0000000116202202
0.6494140625000002	0.5000000000000000	0.0000000115136854
0.6498046875000001	0.5000000000000000	0.0000000114076937
0.5189453125000001	0.5000000000000000	0.0000000127165563
0.5193359375000000	0.5000000000000000	0.0000000129803821
0.5197265625000000	0.5000000000000000	0.0000000132429658
0.5201171875000001	0.5000000000000000	0.0000000135042848
0.5205078125000000	0.5000000000000000	0.0000000137643171
0.5208984375000001	0.5000000000000000	0.0000000140230405
0.5212890625000002	0.5000000000000000	0.0000000142804331
0.5216796875000000	0.5000000000000000	0.0000000145364734
0.3501953125000000	0.5000000000000000	-0.0000000116371476
0.3505859375000001	0.5000000000000000	-0.0000000117458311
0.3509765625000000	0.5000000000000000	-0.0000000118550821
0.3513671875000000	0.5000000000000000	-0.0000000119648972
0.3517578125000000	0.5000000000000000	-0.0000000120752729
0.3521484375000000	0.5000000000000000	-0.0000000121862055
0.3525390625000000	0.5000000000000000	-0.0000000122976913
0.3529296875000000	0.5000000000000000	-0.0000000124097263
0.3533203125000000	0.5000000000000000	-0.0000000125223067
0.3537109375000000	0.5000000000000000	-0.0000000126354282
0.3541015625000000	0.5000000000000000	-0.0000000127490867
0.3544921875000001	0.5000000000000000	-0.0000000128632779
0.3548828125000000	0.5000000000000000	-0.0000000129779973
0.3552734375000001	0.5000000000000000	-0.0000000130932404
0.3556640625000000	0.5000000000000000	-0.0000000132090024
0.3560546875000001	0.5000000000000000	-0.0000000133252786
0.4783203125000000	0.5000000000000000	-0.0000000165896279
0.4787109375000000	0.5000000000000000	-0.0000000163370289
0.4791015625000000	0.5000000000000000	-0.0000000160830205
0.4794921874999999	0.5000000000000000	-0.0000000158276242
0.4798828124999999	0.5000000000000000	-0.0000000155708615
0.4802734375000000	0.5000000000000000	-0.0000000153127541
0.4806640624999999	0.5000000000000000	-0.0000000150533240
0.4810546875000000	0.5000000000000000	-0.0000000147925934
0.5126953125000000	0.5000000000000000	0.0000000083454221
0.5130859374999999	0.5000000000000000	0.0000000086259255
0.5134765625000000	0.5000000000000000	0.0000000089055694
0.5138671875000000	0.5000000000000000	0.0000000091843285
0.5142578124999999	0.5000000000000000	0.0000000094621782
0.5146484375000000	0.5000000000000000	0.0000000097390934
0.5150390625000001	0.5000000000000000	0.0000000100150497
0.5154296875000000	0.5000000000000000	0.0000000102900224
0.5158203125000000	0.5000000000000000	0.0000000105639874
0.5162109374999999	0.5000000000000000	0.0000000108369203
0.5166015625000000	0.5000000000000000	0.0000000111087971
0.5169921875000001	0.5000000000000000	0.0000000113795940
0.5173828125000000	0.5000000000000000	0.0000000116492873
0.5177734375000000	0.5000000000000000	0.0000000119178535
0.5181640625000001	0.5000000000000000	0.0000000121852691
0.5185546875000000	0.5000000000000000	0.0000000124515111
0.6501953125000002	0.5000000000000000	0.0000000113022486
0.6505859375000000	0.5000000000000000	0.0000000111973532
0.6509765625000001	0.5000000000000000	0.0000000110930110
0.6513671875000002	0.5000000000000000	0.0000000109892249
0.6517578125000001	0.5000000000000000	0.0000000108859980
0.6521484375000002	0.5000000000000000	0.0000000107833332
0.6525390625000003	0.5000000000000000	0.0000000106812333
0.6529296875000001	0.5000000000000000	0.0000000105797010
0.6533203125000002	0.5000000000000000	0.0000000104787388
0.6537109375000001	0.5000000000000000	0.0000000103783492
0.6541015625000002	0.5000000000000000	0.0000000102785347
0.6544921875000000	0.5000000000000000	0.0000000101792975
0.6548828125000001	0.5000000000000000	0.0000000100806398
0.6552734375000000	0.5000000000000000	0.0000000099825637
0.6556640625000001	0.5000000000000000	0.0000000098850712
0.6560546875000002	0.5000000000000000	0.0000000097881641
0.6564453125000000	0.5000000000000000	0.0000000096918444
0.6568359375000001	0.5000000000000000	0.0000000095961136
0.6572265625000002	0.5000000000000000	0.0000000095009733
0.6576171875000001	0.5000000000000000	0.0000000094064252
0.6580078125000002	0.5000000000000000	0.0000000093124706
0.6583984375000000	0.5000000000000000	0.0000000092191108
0.6587890625000001	0.5000000000000000	0.0000000091263472
0.6591796875000000	0.5000000000000000	0.0000000090341807
0.3564453125000001	0.5000000000000000	-0.0000000134420641
0.3568359375000001	0.5000000000000000	-0.0000000135593537
0.3572265625000001	0.5000000000000000	-0.0000000136771424
0.3576171875000001	0.5000000000000000	-0.0000000137954249
0.3580078125000001	0.5000000000000000	-0.0000000139141957
0.3583984375000001	0.5000000000000000	-0.0000000140334494
0.3587890625000000	0.5000000000000000	-0.0000000141531802
0.3591796875000001	0.5000000000000000	-0.0000000142733825
0.3595703125000000	0.5000000000000000	-0.0000000143940504
0.3599609375000001	0.5000000000000000	-0.0000000145151777
0.3603515625000001	0.5000000000000000	-0.0000000146367585
0.3607421875000000	0.5000000000000000	-0.0000000147587863
0.3611328125000000	0.5000000000000000	-0.0000000148812549
0.3615234375000000	0.5000000000000000	-0.0000000150041577
0.3619140625000000	0.5000000000000000	-0.0000000151274880
0.3623046875000001	0.5000000000000000	-0.0000000152512392
0.4814453124999999	0.5000000000000000	-0.0000000145305846
0.4818359375000000	0.5000000000000000	-0.0000000142673201
0.4822265625000000	0.5000000000000000	-0.0000000140028227
0.4826171875000000	0.5000000000000000	-0.0000000137371154
0.4830078125000000	0.5000000000000000	-0.0000000134702211
0.4833984375000000	0.5000000000000000	-0.0000000132021633
0.4837890625000000	0.5000000000000000	-0.0000000129329653
0.4841796875000000	0.5000000000000000	-0.0000000126626507
0.4845703125000000	0.5000000000000000	-0.0000000123912435
0.4849609375000000	0.5000000000000000	-0.0000000121187674
0.4853515625000000	0.5000000000000000	-0.0000000118452467
0.4857421875000000	0.5000000000000000	-0.0000000115707056
0.3439453125000000	0.5000000000000000	-0.0000000099777706
0.3443359375000000	0.5000000000000000	-0.0000000100769955
0.3447265625000000	0.5000000000000000	-0.0000000101768283
0.3451171875000000	0.5000000000000000	-0.0000000102772672
0.3455078125000000	0.5000000000000000	-0.0000000103783104
0.3458984375000000	0.5000000000000000	-0.0000000104799559
0.3462890625000000	0.5000000000000000	-0.0000000105822016
0.3466796875000001	0.5000000000000000	-0.0000000106850454
0.3470703125000000	0.5000000000000000	-0.0000000107884851
0.3474609375000001	0.5000000000000000	-0.0000000108925183
0.3478515625000000	0.5000000000000000	-0.0000000109971424
0.3482421875000001	0.5000000000000000	-0.0000000111023550
0.3486328125000001	0.5000000000000000	-0.0000000112081534
0.3490234375000000	0.5000000000000000	-0.0000000113145348
0.3494140625000000	0.5000000000000000	-0.0000000114214963
0.3498046875000000	0.5000000000000000	-0.0000000115290349
0.6595703125000001	0.5000000000000000	0.0000000089426126
0.6599609375000000	0.5000000000000000	0.0000000088516438
0.6603515625000000	0.5000000000000000	0.0000000087612752
0.6607421875000001	0.5000000000000000	0.0000000086715075
0.6611328125000000	0.5000000000000000	0.0000000085823415
0.6615234375000001	0.5000000000000000	0.0000000084937779
0.6619140625000002	0.5000000000000000	0.0000000084058171
0.6623046875000000	0.5000000000000000	0.0000000083184597
0.6626953125000001	0.5000000000000000	0.0000000082317061
0.6630859375000000	0.5000000000000000	0.0000000081455565
0.6634765625000001	0.5000000000000000	0.0000000080600112
0.6638671875000002	0.5000000000000000	0.0000000079750704
0.6650390625000002	0.5000000000000000	0.0000000077238750
0.6654296875000001	0.5000000000000000	0.0000000076413519
0.4861328125000000	0.5000000000000000	-0.0000000112951685
0.4865234375000000	0.5000000000000000	-0.0000000110186601
0.4869140625000000	0.5000000000000000	-0.0000000107412050
0.4873046875000000	0.5000000000000000	-0.0000000104628281
0.5103515624999999	0.5000000000000000	0.0000000066457709
0.5107421875000000	0.5000000000000000	0.0000000069308981
0.5111328124999999	0.5000000000000000	0.0000000072153188
0.5115234375000000	0.5000000000000000	0.0000000074990072
0.5119140625000000	0.5000000000000000	0.0000000077819375
0.5123046874999999	0.5000000000000000	0.0000000080640844
0.3376953125000000	0.5000000000000000	-0.0000000084739219
0.3380859375000000	0.5000000000000000	-0.0000000085632564
0.3384765625000000	0.5000000000000000	-0.0000000086532146
0.3388671875000001	0.5000000000000000	-0.0000000087437961
0.3392578125000000	0.5000000000000000	-0.0000000088350005
0.3396484375000000	0.5000000000000000	-0.0000000089268273
0.3400390625000000	0.5000000000000000	-0.0000000090192759
0.3404296875000000	0.5000000000000000	-0.0000000091123457
0.3408203125000000	0.5000000000000000	-0.0000000092060358
0.3412109375000000	0.5000000000000000	-0.0000000093003454
0.3416015625000000	0.5000000000000000	-0.0000000093952737
0.3419921875000000	0.5000000000000000	-0.0000000094908195
0.3423828125000000	0.5000000000000000	-0.0000000095869819
0.3427734375000000	0.5000000000000000	-0.0000000096837595
0.3431640625000000	0.5000000000000000	-0.0000000097811511
0.3435546875000000	0.5000000000000000	-0.0000000098791553
0.3361328125000000	0.5000000000000000	-0.0000000081228241
0.3365234375000000	0.5000000000000000	-0.0000000082096623
0.3369140625000000	0.5000000000000000	-0.0000000082971247
0.3373046875000000	0.5000000000000000	-0.0000000083852113
0.4876953125000000	0.5000000000000000	-0.0000000101835545
0.4880859375000000	0.5000000000000000	-0.0000000099034092
0.4884765625000000	0.5000000000000000	-0.0000000096224176
0.4888671875000000	0.5000000000000000	-0.0000000093406051
0.6642578125000000	0.5000000000000000	0.0000000078907341
0.6646484375000001	0.5000000000000000	0.0000000078070023
0.6658203125000002	0.5000000000000000	0.0000000075594330
0.6662109375000000	0.5000000000000000	0.0000000074781179
0.6666015625000001	0.5000000000000000	0.0000000073974062
0.6669921875000000	0.5000000000000000	0.0000000073172975
0.6673828125000000	0.5000000000000000	0.0000000072377913
0.6677734375000000	0.5000000000000000	0.0000000071588870
0.6681640625000000	0.5000000000000000	0.0000000070805840
0.6685546875000001	0.5000000000000000	0.0000000070028816
0.5095703125000000	0.5000000000000000	0.0000000060735009
0.5099609374999998	0.5000000000000000	0.0000000063599631
0.3314453125000000	0.5000000000000000	-0.0000000071293581
0.3318359375000001	0.5000000000000000	-0.0000000072087315
0.3322265625000000	0.5000000000000000	-0.0000000072887235
0.3326171875000001	0.5000000000000000	-0.0000000073693351
0.3330078125000001	0.5000000000000000	-0.0000000074505671
0.3333984375000000	0.5000000000000000	-0.0000000075324200
0.3337890625000000	0.5000000000000000	-0.0000000076148946
0.3341796875000000	0.5000000000000000	-0.0000000076979915
0.3345703125000000	0.5000000000000000	-0.0000000077817111
0.3349609375000001	0.5000000000000000	-0.0000000078660538
0.3353515625000000	0.5000000000000000	-0.0000000079510200
0.3357421875000000	0.5000000000000000	-0.0000000080366101
0.4892578124999999	0.5000000000000000	-0.0000000090579971
0.4896484375000000	0.5000000000000000	-0.0000000087746194
0.4900390625000000	0.5000000000000000	-0.0000000084904976
0.4904296875000000	0.5000000000000000	-0.0000000082056578
0.6689453125000000	0.5000000000000000	0.0000000069257791
0.6693359375000001	0.5000000000000000	0.0000000068492755
0.6697265625000002	0.5000000000000000	0.0000000067733700
0.6701171875000000	0.5000000000000000	0.0000000066980617
0.6705078125000001	0.5000000000000000	0.0000000066233495
0.6708984375000000	0.5000000000000000	0.0000000065492323
0.6712890625000000	0.5000000000000000	0.0000000064757090
0.6716796875000000	0.5000000000000000	0.0000000064027785
0.6720703125000000	0.5000000000000000	0.0000000063304394
0.6724609374999999	0.5000000000000000	0.0000000062586905
0.6728515625000000	0.5000000000000000	0.0000000061875303
0.6732421875000000	0.5000000000000000	0.0000000061169576
0.5080078125000000	0.5000000000000000	0.0000000049216305
0.5083984374999999	0.5000000000000000	0.0000000052104486
0.5087890625000000	0.5000000000000000	0.0000000054987173
0.5091796874999999	0.5000000000000000	0.0000000057864102
0.3267578125000001	0.5000000000000000	-0.0000000062247470
0.3271484375000001	0.5000000000000000	-0.0000000062967838
0.3275390625000000	0.5000000000000000	-0.0000000063694245
0.3279296875000001	0.5000000000000000	-0.0000000064426705
0.3283203125000000	0.5000000000000000	-0.0000000065165235
0.3287109375000001	0.5000000000000000	-0.0000000065909849
0.3291015625000001	0.5000000000000000	-0.0000000066660561
0.3294921875000000	0.5000000000000000	-0.0000000067417383
0.3298828125000000	0.5000000000000000	-0.0000000068180329
0.3302734375000000	0.5000000000000000	-0.0000000068949410
0.3306640625000000	0.5000000000000000	-0.0000000069724639
0.3310546875000001	0.5000000000000000	-0.0000000070506026
0.4908203125000000	0.5000000000000000	-0.0000000079201258
0.4912109375000000	0.5000000000000000	-0.0000000076339278
0.5629882812500000	0.5000000000000000	0.0000000075418266
0.5631835937499999	0.5000000000000000	0.0000000075474459
0.5633789062500000	0.5000000000000000	0.0000000075529313
0.5635742187500000	0.5000000000000000	0.0000000075582829
0.5637695312500001	0.5000000000000000	0.0000000075635011
0.5639648437500000	0.5000000000000000	0.0000000075685859
0.5641601562500000	0.5000000000000000	0.0000000075735377
0.5643554687500000	0.5000000000000000	0.0000000075783566
0.5645507812500000	0.5000000000000000	0.0000000075830430
0.5647460937500001	0.5000000000000000	0.0000000075875970
0.5649414062500001	0.5000000000000000	0.0000000075920188
0.5651367187500000	0.5000000000000000	0.0000000075963088
0.5653320312500001	0.5000000000000000	0.0000000076004672
0.5655273437500000	0.5000000000000000	0.0000000076044941
0.5657226562500001	0.5000000000000000	0.0000000076083900
0.5659179687500000	0.5000000000000000	0.0000000076121550
0.5661132812500000	0.5000000000000000	0.0000000076157893
0.5663085937500000	0.5000000000000000	0.0000000076192934
0.5665039062500000	0.5000000000000000	0.0000000076226673
0.5666992187500001	0.5000000000000000	0.0000000076259115
0.5668945312500001	0.5000000000000000	0.0000000076290262
0.5670898437500000	0.5000000000000000	0.0000000076320116
0.5672851562500001	0.5000000000000000	0.0000000076348680
0.5674804687500000	0.5000000000000000	0.0000000076375957
0.5676757812500001	0.5000000000000000	0.0000000076401951
0.5678710937500001	0.5000000000000000	0.0000000076426664
0.5680664062500002	0.5000000000000000	0.0000000076450098
0.5682617187500001	0.5000000000000000	0.0000000076472258
0.5684570312500001	0.5000000000000000	0.0000000076493145
0.5686523437500001	0.5000000000000000	0.0000000076512763
0.5688476562500001	0.5000000000000000	0.0000000076531116
0.5690429687500000	0.5000000000000000	0.0000000076548205
0.5692382812500001	0.5000000000000000	0.0000000076564035
0.5694335937500000	0.5000000000000000	0.0000000076578608
0.5696289062500001	0.5000000000000000	0.0000000076591928
0.5698242187500001	0.5000000000000000	0.0000000076603998
0.5700195312500002	0.5000000000000000	0.0000000076614820
0.5702148437500001	0.5000000000000000	0.0000000076624399
0.5704101562500001	0.5000000000000000	0.0000000076632738
0.5706054687500001	0.5000000000000000	0.0000000076639840
0.5708007812500001	0.5000000000000000	0.0000000076645708
0.5709960937500002	0.5000000000000000	0.0000000076650346
0.5711914062500002	0.5000000000000000	0.0000000076653757
0.5713867187500001	0.5000000000000000	0.0000000076655945
0.5715820312500002	0.5000000000000000	0.0000000076656913
0.5717773437500001	0.5000000000000000	0.0000000076656664
0.5719726562500002	0.5000000000000000	0.0000000076655203
0.5721679687500001	0.5000000000000000	0.0000000076652533
0.5723632812500001	0.5000000000000000	0.0000000076648656
0.5725585937500001	0.5000000000000000	0.0000000076643578
0.5727539062500001	0.5000000000000000	0.0000000076637302
0.5729492187500000	0.5000000000000000	0.0000000076629830
0.5731445312500001	0.5000000000000000	0.0000000076621168
0.5733398437500000	0.5000000000000000	0.0000000076611318
0.5735351562500001	0.5000000000000000	0.0000000076600285
0.5737304687500000	0.5000000000000000	0.0000000076588072
0.5739257812500000	0.5000000000000000	0.0000000076574683
0.5741210937500000	0.5000000000000000	0.0000000076560122
0.5743164062500000	0.5000000000000000	0.0000000076544393
0.5745117187500001	0.5000000000000000	0.0000000076527499
0.5747070312500001	0.5000000000000000	0.0000000076509445
0.5749023437500000	0.5000000000000000	0.0000000076490235
0.5750976562500001	0.5000000000000000	0.0000000076469871
0.5752929687500000	0.5000000000000000	0.0000000076448359
0.5754882812500001	0.5000000000000000	0.0000000076425703
0.5756835937500001	0.5000000000000000	0.0000000076401905
0.5758789062500002	0.5000000000000000	0.0000000076376971
0.5760742187500001	0.5000000000000000	0.0000000076350905
0.5762695312500001	0.5000000000000000	0.0000000076323710
0.5764648437500001	0.5000000000000000	0.0000000076295391
0.5766601562500001	0.5000000000000000	0.0000000076265952
0.5768554687500000	0.5000000000000000	0.0000000076235397
0.5770507812500001	0.5000000000000000	0.0000000076203730
0.5772460937500000	0.5000000000000000	0.0000000076170955
0.5778320312500000	0.5000000000000000	0.0000000076066028
0.5780273437500000	0.5000000000000000	0.0000000076028865
0.5614257812500000	0.5000000000000000	0.0000000074920249
0.5616210937500000	0.5000000000000000	0.0000000074987232
0.5622070312500000	0.5000000000000000	0.0000000075180055
0.5624023437500000	0.5000000000000000	0.0000000075241627
0.4282226562500000	0.5000000000000000	-0.0000000083414250
0.4284179687500000	0.5000000000000000	-0.0000000083433436
0.4286132812500001	0.5000000000000000	-0.0000000083451407
0.4288085937500000	0.5000000000000000	-0.0000000083468159
0.4290039062500001	0.5000000000000000	-0.0000000083483689
0.4291992187500000	0.5000000000000000	-0.0000000083497992
0.4293945312500000	0.5000000000000000	-0.0000000083511065
0.4295898437500000	0.5000000000000000	-0.0000000083522904
0.4313476562500000	0.5000000000000000	-0.0000000083573340
0.4315429687500000	0.5000000000000000	-0.0000000083572645
0.4317382812500000	0.5000000000000000	-0.0000000083570677
0.4319335937500001	0.5000000000000000	-0.0000000083567433
0.4321289062500000	0.5000000000000000	-0.0000000083562910
0.4323242187500000	0.5000000000000000	-0.0000000083557105
0.4325195312500001	0.5000000000000000	-0.0000000083550014
0.4327148437500000	0.5000000000000000	-0.0000000083541635
0.5786132812500000	0.5000000000000000	0.0000000075910876
0.5788085937499999	0.5000000000000000	0.0000000075869394
0.4235351562500000	0.5000000000000000	-0.0000000082599578
0.4237304687500000	0.5000000000000000	-0.0000000082646721
0.4243164062500000	0.5000000000000000	-0.0000000082781435
0.4245117187500000	0.5000000000000000	-0.0000000082824086
0.4250976562500001	0.5000000000000000	-0.0000000082945219
0.4252929687500000	0.5000000000000000	-0.0000000082983309
0.4258789062500000	0.5000000000000000	-0.0000000083090658
0.4260742187500001	0.5000000000000000	-0.0000000083124119
0.4262695312500001	0.5000000000000000	-0.0000000083156413
0.4264648437500000	0.5000000000000000	-0.0000000083187536
0.4266601562500001	0.5000000000000000	-0.0000000083217482
0.4268554687500000	0.5000000000000000	-0.0000000083246249
0.4270507812500001	0.5000000000000000	-0.0000000083273833
0.4272460937500000	0.5000000000000000	-0.0000000083300228
0.4274414062500000	0.5000000000000000	-0.0000000083325432
0.4276367187500000	0.5000000000000000	-0.0000000083349440
0.4278320312500000	0.5000000000000000	-0.0000000083372248
0.4280273437500001	0.5000000000000000	-0.0000000083393853
0.4297851562500000	0.5000000000000000	-0.0000000083533505
0.4299804687500000	0.5000000000000000	-0.0000000083542866
0.4301757812500000	0.5000000000000000	-0.0000000083550982
0.4303710937500000	0.5000000000000000	-0.0000000083557849
0.4305664062500000	0.5000000000000000	-0.0000000083563465
0.4307617187500000	0.5000000000000000	-0.0000000083567825
0.4309570312500001	0.5000000000000000	-0.0000000083570927
0.4311523437500000	0.5000000000000000	-0.0000000083572766
0.4329101562500001	0.5000000000000000	-0.0000000083531963
0.4331054687500000	0.5000000000000000	-0.0000000083520996
0.4333007812500000	0.5000000000000000	-0.0000000083508731
0.4334960937500000	0.5000000000000000	-0.0000000083495165
0.4336914062500000	0.5000000000000000	-0.0000000083480294
0.4338867187500000	0.5000000000000000	-0.0000000083464116
0.4340820312500000	0.5000000000000000	-0.0000000083446627
0.4342773437500000	0.5000000000000000	-0.0000000083427825
0.4344726562500000	0.5000000000000000	-0.0000000083407707
0.4346679687500000	0.5000000000000000	-0.0000000083386269
0.4352539062500000	0.5000000000000000	-0.0000000083314013
0.4354492187500000	0.5000000000000000	-0.0000000083287270
0.4360351562500000	0.5000000000000000	-0.0000000083199033
0.4362304687499999	0.5000000000000000	-0.0000000083166942
0.5625976562500000	0.5000000000000000	0.0000000075301852
0.5627929687500000	0.5000000000000000	0.0000000075360731
0.5774414062500001	0.5000000000000000	0.0000000076137077
0.5776367187500000	0.5000000000000000	0.0000000076102100
0.5797851562500000	0.5000000000000000	0.0000000075646040
0.5799804687500000	0.5000000000000000	0.0000000075598211
0.5801757812500000	0.5000000000000000	0.0000000075549341
0.5803710937500001	0.5000000000000000	0.0000000075499432
0.5805664062500001	0.5000000000000000	0.0000000075448491
0.5807617187500000	0.5000000000000000	0.0000000075396521
0.5809570312500001	0.5000000000000000	0.0000000075343527
0.5811523437500000	0.5000000000000000	0.0000000075289513
0.5829101562500001	0.5000000000000000	0.0000000074758285
0.5831054687500000	0.5000000000000000	0.0000000074694333
0.5833007812500001	0.5000000000000000	0.0000000074629414
0.5834960937500001	0.5000000000000000	0.0000000074563531
0.5836914062500002	0.5000000000000000	0.0000000074496690
0.5838867187500001	0.5000000000000000	0.0000000074428896
0.5840820312500001	0.5000000000000000	0.0000000074360153
0.5842773437500001	0.5000000000000000	0.0000000074290466
0.5610351562500000	0.5000000000000000	0.0000000074782209
0.5612304687499999	0.5000000000000000	0.0000000074851909
0.5618164062500001	0.5000000000000000	0.0000000075052859
0.5620117187500000	0.5000000000000000	0.0000000075117133
0.5782226562500000	0.5000000000000000	0.0000000075990616
0.5784179687500000	0.5000000000000000	0.0000000075951285
0.5790039062500000	0.5000000000000000	0.0000000075826843
0.5791992187500000	0.5000000000000000	0.0000000075783228
0.5793945312500001	0.5000000000000000	0.0000000075738553
0.5795898437500000	0.5000000000000000	0.0000000075692822
0.5813476562500001	0.5000000000000000	0.0000000075234485
0.5815429687500000	0.5000000000000000	0.0000000075178447
0.5817382812500000	0.5000000000000000	0.0000000075121403
0.5819335937500000	0.5000000000000000	0.0000000075063358
0.5821289062500000	0.5000000000000000	0.0000000075004317
0.5823242187500001	0.5000000000000000	0.0000000074944284
0.5825195312500001	0.5000000000000000	0.0000000074883265
0.5827148437500000	0.5000000000000000	0.0000000074821263
0.5844726562500001	0.5000000000000000	0.0000000074219840
0.5846679687500000	0.5000000000000000	0.0000000074148280
0.5848632812500001	0.5000000000000000	0.0000000074075791
0.5850585937500000	0.5000000000000000	0.0000000074002377
0.5852539062500001	0.5000000000000000	0.0000000073928043
0.5854492187500001	0.5000000000000000	0.0000000073852795
0.5856445312500002	0.5000000000000000	0.0000000073776638
0.5858398437500001	0.5000000000000000	0.0000000073699575
0.5860351562500001	0.5000000000000000	0.0000000073621612
0.5862304687500001	0.5000000000000000	0.0000000073542755
0.5864257812500001	0.5000000000000000	0.0000000073463008
0.5866210937500002	0.5000000000000000	0.0000000073382375
0.5868164062500002	0.5000000000000000	0.0000000073300863
0.5870117187500001	0.5000000000000000	0.0000000073218475
0.5872070312500002	0.5000000000000000	0.0000000073135218
0.5874023437500001	0.5000000000000000	0.0000000073051096
0.5563476562500000	0.5000000000000000	0.0000000072697713
0.5565429687500000	0.5000000000000000	0.0000000072800467
0.5567382812500000	0.5000000000000000	0.0000000072901832
0.5569335937500001	0.5000000000000000	0.0000000073001806
0.5571289062500001	0.5000000000000000	0.0000000073100392
0.5573242187500000	0.5000000000000000	0.0000000073197590
0.5575195312500001	0.5000000000000000	0.0000000073293402
0.5577148437500000	0.5000000000000000	0.0000000073387827
0.5579101562500001	0.5000000000000000	0.0000000073480868
0.5581054687500000	0.5000000000000000	0.0000000073572526
0.5583007812500000	0.5000000000000000	0.0000000073662800
0.5584960937500000	0.5000000000000000	0.0000000073751694
0.5586914062500000	0.5000000000000000	0.0000000073839207
0.5588867187500000	0.5000000000000000	0.0000000073925341
0.5590820312500000	0.5000000000000000	0.0000000074010098
0.5592773437499999	0.5000000000000000	0.0000000074093479
0.5594726562500000	0.5000000000000000	0.0000000074175484
0.5596679687499999	0.5000000000000000	0.0000000074256117
0.5598632812500000	0.5000000000000000	0.0000000074335377
0.5600585937499999	0.5000000000000000	0.0000000074413266
0.5602539062499999	0.5000000000000000	0.0000000074489786
0.5604492187500000	0.5000000000000000	0.0000000074564939
0.5606445312500000	0.5000000000000000	0.0000000074638726
0.5608398437500000	0.5000000000000000	0.0000000074711149
0.5875976562500002	0.5000000000000000	0.0000000072966113
0.5877929687500001	0.5000000000000000	0.0000000072880276
0.5879882812500001	0.5000000000000000	0.0000000072793588
0.5881835937500001	0.5000000000000000	0.0000000072706056
0.5883789062500001	0.5000000000000000	0.0000000072617684
0.5885742187500002	0.5000000000000000	0.0000000072528477
0.5887695312500002	0.5000000000000000	0.0000000072438440
0.5889648437500001	0.5000000000000000	0.0000000072347579
0.5891601562500002	0.5000000000000000	0.0000000072255898
0.5893554687500001	0.5000000000000000	0.0000000072163403
0.5895507812500002	0.5000000000000000	0.0000000072070099
0.5897460937500002	0.5000000000000000	0.0000000071975990
0.5899414062500002	0.5000000000000000	0.0000000071881082
0.5901367187500002	0.5000000000000000	0.0000000071785380
0.5903320312500002	0.5000000000000000	0.0000000071688889
0.5905273437500002	0.5000000000000000	0.0000000071591614
0.5907226562500002	0.5000000000000000	0.0000000071493561
0.5909179687500001	0.5000000000000000	0.0000000071394735
0.5911132812500002	0.5000000000000000	0.0000000071295140
0.5913085937500001	0.5000000000000000	0.0000000071194781
0.5915039062500002	0.5000000000000000	0.0000000071093665
0.5916992187500001	0.5000000000000000	0.0000000070991796
0.5918945312500001	0.5000000000000000	0.0000000070889179
0.5920898437500001	0.5000000000000000	0.0000000070785820
0.5922851562500001	0.5000000000000000	0.0000000070681723
0.5924804687500000	0.5000000000000000	0.0000000070576895
0.5926757812500001	0.5000000000000000	0.0000000070471339
0.5928710937500000	0.5000000000000000	0.0000000070365062
0.5930664062500001	0.5000000000000000	0.0000000070258067
0.5932617187500001	0.5000000000000000	0.0000000070150362
0.5934570312500002	0.5000000000000000	0.0000000070041950
0.5936523437500001	0.5000000000000000	0.0000000069932838
0.5938476562500001	0.5000000000000000	0.0000000069823029
0.5940429687500001	0.5000000000000000	0.0000000069712530
0.5942382812500001	0.5000000000000000	0.0000000069601345
0.5944335937500002	0.5000000000000000	0.0000000069489481
0.5946289062500002	0.5000000000000000	0.0000000069376941
0.5948242187500001	0.5000000000000000	0.0000000069263732
0.5950195312500002	0.5000000000000000	0.0000000069149858
0.5952148437500001	0.5000000000000000	0.0000000069035324
0.5954101562500002	0.5000000000000000	0.0000000068920137
0.5956054687500001	0.5000000000000000	0.0000000068804300
0.5958007812500001	0.5000000000000000	0.0000000068687820
0.5959960937500001	0.5000000000000000	0.0000000068570702
0.5961914062500001	0.5000000000000000	0.0000000068452950
0.5963867187500000	0.5000000000000000	0.0000000068334570
0.5965820312500001	0.5000000000000000	0.0000000068215567
0.5967773437500000	0.5000000000000000	0.0000000068095946
0.4063476562500000	0.5000000000000000	-0.0000000074639502
0.4065429687500000	0.5000000000000000	-0.0000000074765838
0.4067382812500000	0.5000000000000000	-0.0000000074891499
0.4069335937500000	0.5000000000000000	-0.0000000075016481
0.4071289062500000	0.5000000000000000	-0.0000000075140778
0.4073242187500000	0.5000000000000000	-0.0000000075264385
0.4075195312500001	0.5000000000000000	-0.0000000075387296
0.4077148437500000	0.5000000000000000	-0.0000000075509506
0.4079101562500000	0.5000000000000000	-0.0000000075631010
0.4081054687500000	0.5000000000000000	-0.0000000075751802
0.4083007812500000	0.5000000000000000	-0.0000000075871878
0.4084960937500001	0.5000000000000000	-0.0000000075991231
0.4086914062500000	0.5000000000000000	-0.0000000076109856
0.4088867187500000	0.5000000000000000	-0.0000000076227748
0.4090820312500001	0.5000000000000000	-0.0000000076344902
0.4092773437500000	0.5000000000000000	-0.0000000076461312
0.4125976562500000	0.5000000000000000	-0.0000000078321352
0.4127929687500000	0.5000000000000000	-0.0000000078423469
0.4129882812500001	0.5000000000000000	-0.0000000078524742
0.4131835937500000	0.5000000000000000	-0.0000000078625166
0.4133789062500001	0.5000000000000000	-0.0000000078724735
0.4135742187500000	0.5000000000000000	-0.0000000078823444
0.4137695312500000	0.5000000000000000	-0.0000000078921289
0.4139648437500000	0.5000000000000000	-0.0000000079018264
0.4141601562500000	0.5000000000000000	-0.0000000079114363
0.4143554687500000	0.5000000000000000	-0.0000000079209583
0.4145507812500000	0.5000000000000000	-0.0000000079303916
0.4147460937500000	0.5000000000000000	-0.0000000079397359
0.4149414062500000	0.5000000000000000	-0.0000000079489907
0.4151367187500000	0.5000000000000000	-0.0000000079581553
0.4153320312500001	0.5000000000000000	-0.0000000079672294
0.4155273437500000	0.5000000000000000	-0.0000000079762123
0.4157226562500000	0.5000000000000000	-0.0000000079851036
0.4159179687500000	0.5000000000000000	-0.0000000079939028
0.4161132812500000	0.5000000000000000	-0.0000000080026094
0.4163085937500001	0.5000000000000000	-0.0000000080112228
0.4165039062500000	0.5000000000000000	-0.0000000080197426
0.4166992187500000	0.5000000000000000	-0.0000000080281682
0.4168945312500001	0.5000000000000000	-0.0000000080364993
0.4170898437500000	0.5000000000000000	-0.0000000080447351
0.4172851562500001	0.5000000000000000	-0.0000000080528753
0.4174804687500000	0.5000000000000000	-0.0000000080609194
0.4176757812500000	0.5000000000000000	-0.0000000080688669
0.4178710937500001	0.5000000000000000	-0.0000000080767172
0.4180664062500000	0.5000000000000000	-0.0000000080844699
0.4182617187500001	0.5000000000000000	-0.0000000080921245
0.4184570312500001	0.5000000000000000	-0.0000000080996805
0.4186523437500000	0.5000000000000000	-0.0000000081071374
0.4188476562500001	0.5000000000000000	-0.0000000081144947
0.4190429687500000	0.5000000000000000	-0.0000000081217519
0.4192382812500001	0.5000000000000000	-0.0000000081289086
0.4194335937500001	0.5000000000000000	-0.0000000081359643
0.4196289062500000	0.5000000000000000	-0.0000000081429184
0.4198242187500001	0.5000000000000000	-0.0000000081497706
0.4200195312500001	0.5000000000000000	-0.0000000081565203
0.4202148437500001	0.5000000000000000	-0.0000000081631670
0.4204101562500001	0.5000000000000000	-0.0000000081697103
0.4206054687500000	0.5000000000000000	-0.0000000081761497
0.4208007812500001	0.5000000000000000	-0.0000000081824848
0.4209960937500000	0.5000000000000000	-0.0000000081887150
0.4211914062500001	0.5000000000000000	-0.0000000081948399
0.4213867187500000	0.5000000000000000	-0.0000000082008591
0.4215820312500000	0.5000000000000000	-0.0000000082067720
0.4217773437500001	0.5000000000000000	-0.0000000082125782
0.4219726562500000	0.5000000000000000	-0.0000000082182773
0.4221679687500001	0.5000000000000000	-0.0000000082238688
0.4223632812500001	0.5000000000000000	-0.0000000082293522
0.4225585937500000	0.5000000000000000	-0.0000000082347270
0.4227539062500001	0.5000000000000000	-0.0000000082399929
0.4229492187500000	0.5000000000000000	-0.0000000082451494
0.4231445312500001	0.5000000000000000	-0.0000000082501960
0.4233398437500000	0.5000000000000000	-0.0000000082551323
0.4239257812500000	0.5000000000000000	-0.0000000082692748
0.4241210937500001	0.5000000000000000	-0.0000000082737654
0.4247070312500001	0.5000000000000000	-0.0000000082865603
0.4249023437500000	0.5000000000000000	-0.0000000082905982
0.4254882812500000	0.5000000000000000	-0.0000000083020248
0.4256835937500001	0.5000000000000000	-0.0000000083056033
0.4348632812500001	0.5000000000000000	-0.0000000083363510
0.4350585937500000	0.5000000000000000	-0.0000000083339425
0.4356445312500000	0.5000000000000000	-0.0000000083259195
0.4358398437500000	0.5000000000000000	-0.0000000083229783
0.4364257812500000	0.5000000000000000	-0.0000000083133508
0.4366210937500000	0.5000000000000000	-0.0000000083098727
0.4368164062500000	0.5000000000000000	-0.0000000083062597
0.4370117187500000	0.5000000000000000	-0.0000000083025116
0.4372070312500000	0.5000000000000000	-0.0000000082986282
0.4374023437500000	0.5000000000000000	-0.0000000082946091
0.4375976562500000	0.5000000000000000	-0.0000000082904542
0.4377929687500000	0.5000000000000000	-0.0000000082861632
0.4379882812500000	0.5000000000000000	-0.0000000082817360
0.4381835937500000	0.5000000000000000	-0.0000000082771722
0.4383789062500000	0.5000000000000000	-0.0000000082724716
0.4385742187500000	0.5000000000000000	-0.0000000082676341
0.4387695312500001	0.5000000000000000	-0.0000000082626594
0.4389648437500000	0.5000000000000000	-0.0000000082575473
0.4391601562500000	0.5000000000000000	-0.0000000082522975
0.4393554687500000	0.5000000000000000	-0.0000000082469100
0.4395507812500000	0.5000000000000000	-0.0000000082413845
0.4397460937500000	0.5000000000000000	-0.0000000082357208
0.4399414062500000	0.5000000000000000	-0.0000000082299186
0.4401367187499999	0.5000000000000000	-0.0000000082239779
0.4403320312500000	0.5000000000000000	-0.0000000082178985
0.4405273437500000	0.5000000000000000	-0.0000000082116800
0.4407226562500000	0.5000000000000000	-0.0000000082053225
0.4409179687500000	0.5000000000000000	-0.0000000081988256
0.4411132812500000	0.5000000000000000	-0.0000000081921893
0.4413085937500000	0.5000000000000000	-0.0000000081854134
0.4415039062500000	0.5000000000000000	-0.0000000081784977
0.4416992187500000	0.5000000000000000	-0.0000000081714420
0.4418945312500000	0.5000000000000000	-0.0000000081642462
0.4420898437499999	0.5000000000000000	-0.0000000081569102
0.4422851562500000	0.5000000000000000	-0.0000000081494337
0.4424804687499999	0.5000000000000000	-0.0000000081418167
0.4426757812500000	0.5000000000000000	-0.0000000081340591
0.4428710937500000	0.5000000000000000	-0.0000000081261606
0.4430664062499999	0.5000000000000000	-0.0000000081181212
0.4432617187500000	0.5000000000000000	-0.0000000081099408
0.4434570312500000	0.5000000000000000	-0.0000000081016192
0.4436523437500000	0.5000000000000000	-0.0000000080931562
0.4438476562500000	0.5000000000000000	-0.0000000080845519
0.4440429687499999	0.5000000000000000	-0.0000000080758060
0.4442382812500000	0.5000000000000000	-0.0000000080669185
0.4444335937500000	0.5000000000000000	-0.0000000080578893
0.4446289062500000	0.5000000000000000	-0.0000000080487183
0.4448242187500000	0.5000000000000000	-0.0000000080394053
0.4450195312500000	0.5000000000000000	-0.0000000080299504
0.4452148437500000	0.5000000000000000	-0.0000000080203533
0.4454101562500000	0.5000000000000000	-0.0000000080106141
0.4456054687500000	0.5000000000000000	-0.0000000080007327
0.4458007812500000	0.5000000000000000	-0.0000000079907090
0.4459960937500000	0.5000000000000000	-0.0000000079805428
0.4461914062500000	0.5000000000000000	-0.0000000079702343
0.4463867187500000	0.5000000000000000	-0.0000000079597833
0.4465820312500001	0.5000000000000000	-0.0000000079491897
0.4467773437500000	0.5000000000000000	-0.0000000079384535
0.5469726562500000	0.5000000000000000	0.0000000066124544
0.5471679687500000	0.5000000000000000	0.0000000066294189
0.5473632812500000	0.5000000000000000	0.0000000066462454
0.5475585937499999	0.5000000000000000	0.0000000066629337
0.5477539062500000	0.5000000000000000	0.0000000066794838
0.5479492187500000	0.5000000000000000	0.0000000066958955
0.5481445312500001	0.5000000000000000	0.0000000067121687
0.5483398437500000	0.5000000000000000	0.0000000067283033
0.5485351562500000	0.5000000000000000	0.0000000067442992
0.5487304687500000	0.5000000000000000	0.0000000067601563
0.5489257812500000	0.5000000000000000	0.0000000067758745
0.5491210937500001	0.5000000000000000	0.0000000067914538
0.5493164062500001	0.5000000000000000	0.0000000068068939
0.5495117187500000	0.5000000000000000	0.0000000068221950
0.5497070312500001	0.5000000000000000	0.0000000068373568
0.5499023437500000	0.5000000000000000	0.0000000068523793
0.5500976562500001	0.5000000000000000	0.0000000068672625
0.5502929687500000	0.5000000000000000	0.0000000068820062
0.5504882812500000	0.5000000000000000	0.0000000068966105
0.5506835937500000	0.5000000000000000	0.0000000069110752
0.5508789062500000	0.5000000000000000	0.0000000069254003
0.5510742187500001	0.5000000000000000	0.0000000069395858
0.5512695312500001	0.5000000000000000	0.0000000069536317
0.5514648437500000	0.5000000000000000	0.0000000069675378
0.5516601562500001	0.5000000000000000	0.0000000069813042
0.5518554687500000	0.5000000000000000	0.0000000069949308
0.5520507812500001	0.5000000000000000	0.0000000070084177
0.5522460937500001	0.5000000000000000	0.0000000070217647
0.5524414062500002	0.5000000000000000	0.0000000070349720
0.5526367187500001	0.5000000000000000	0.0000000070480394
0.5528320312500001	0.5000000000000000	0.0000000070609669
0.5530273437500001	0.5000000000000000	0.0000000070737546
0.5532226562500001	0.5000000000000000	0.0000000070864025
0.5534179687500000	0.5000000000000000	0.0000000070989106
0.5536132812500001	0.5000000000000000	0.0000000071112789
0.5538085937500000	0.5000000000000000	0.0000000071235073
0.5540039062500001	0.5000000000000000	0.0000000071355960
0.5541992187500000	0.5000000000000000	0.0000000071475450
0.5543945312500000	0.5000000000000000	0.0000000071593542
0.5545898437500000	0.5000000000000000	0.0000000071710237
0.5547851562500000	0.5000000000000000	0.0000000071825536
0.5549804687500000	0.5000000000000000	0.0000000071939439
0.5551757812500000	0.5000000000000000	0.0000000072051946
0.5553710937499999	0.5000000000000000	0.0000000072163058
0.5555664062500000	0.5000000000000000	0.0000000072272776
0.5557617187500000	0.5000000000000000	0.0000000072381099
0.5559570312500001	0.5000000000000000	0.0000000072488030
0.5561523437500000	0.5000000000000000	0.0000000072593567
0.4047851562500000	0.5000000000000000	-0.0000000073605193
0.4049804687499999	0.5000000000000000	-0.0000000073736729
0.4051757812500000	0.5000000000000000	-0.0000000073867633
0.4053710937500000	0.5000000000000000	-0.0000000073997901
0.4094726562500001	0.5000000000000000	-0.0000000076576973
0.4096679687500000	0.5000000000000000	-0.0000000076691880
0.4098632812500000	0.5000000000000000	-0.0000000076806027
0.4100585937500001	0.5000000000000000	-0.0000000076919409
0.4102539062500000	0.5000000000000000	-0.0000000077032021
0.4104492187500001	0.5000000000000000	-0.0000000077143857
0.4106445312500001	0.5000000000000000	-0.0000000077254912
0.4108398437500000	0.5000000000000000	-0.0000000077365181
0.4110351562500001	0.5000000000000000	-0.0000000077474659
0.4112304687500000	0.5000000000000000	-0.0000000077583339
0.4114257812500001	0.5000000000000000	-0.0000000077691218
0.4116210937500000	0.5000000000000000	-0.0000000077798289
0.4118164062500000	0.5000000000000000	-0.0000000077904548
0.4120117187500000	0.5000000000000000	-0.0000000078009989
0.4122070312500000	0.5000000000000000	-0.0000000078114607
0.4124023437500001	0.5000000000000000	-0.0000000078218396
0.4469726562500000	0.5000000000000000	-0.0000000079275746
0.4471679687500000	0.5000000000000000	-0.0000000079165531
0.4473632812500000	0.5000000000000000	-0.0000000079053889
0.4475585937500001	0.5000000000000000	-0.0000000078940819
0.4477539062500000	0.5000000000000000	-0.0000000078826321
0.4479492187500000	0.5000000000000000	-0.0000000078710396
0.4481445312500001	0.5000000000000000	-0.0000000078593042
0.4483398437500000	0.5000000000000000	-0.0000000078474260
0.4485351562500001	0.5000000000000000	-0.0000000078354049
0.4487304687500000	0.5000000000000000	-0.0000000078232410
0.4489257812500000	0.5000000000000000	-0.0000000078109342
0.4491210937500000	0.5000000000000000	-0.0000000077984846
0.4493164062500000	0.5000000000000000	-0.0000000077858922
0.4495117187500000	0.5000000000000000	-0.0000000077731569
0.4497070312500000	0.5000000000000000	-0.0000000077602788
0.4499023437500000	0.5000000000000000	-0.0000000077472579
0.4500976562500000	0.5000000000000000	-0.0000000077340942
0.4502929687500000	0.5000000000000000	-0.0000000077207878
0.4504882812500001	0.5000000000000000	-0.0000000077073387
0.4506835937500000	0.5000000000000000	-0.0000000076937470
0.4508789062500000	0.5000000000000000	-0.0000000076800126
0.4510742187500000	0.5000000000000000	-0.0000000076661357
0.4512695312500000	0.5000000000000000	-0.0000000076521162
0.4514648437500000	0.5000000000000000	-0.0000000076379542
0.4516601562500000	0.5000000000000000	-0.0000000076236499
0.4518554687499999	0.5000000000000000	-0.0000000076092032
0.4520507812500000	0.5000000000000000	-0.0000000075946143
0.4522460937500000	0.5000000000000000	-0.0000000075798832
0.5461914062500001	0.5000000000000000	0.0000000065432191
0.5463867187500000	0.5000000000000000	0.0000000065607343
0.5465820312500000	0.5000000000000000	0.0000000065781120
0.5467773437500000	0.5000000000000000	0.0000000065953521
0.5969726562500001	0.5000000000000000	0.0000000067975713
0.5971679687500000	0.5000000000000000	0.0000000067854873
0.5973632812500000	0.5000000000000000	0.0000000067733431
0.5975585937500000	0.5000000000000000	0.0000000067611392
0.5977539062500000	0.5000000000000000	0.0000000067488761
0.5979492187500001	0.5000000000000000	0.0000000067365544
0.5981445312500001	0.5000000000000000	0.0000000067241746
0.5983398437500000	0.5000000000000000	0.0000000067117372
0.5985351562500001	0.5000000000000000	0.0000000066992426
0.5987304687500000	0.5000000000000000	0.0000000066866916
0.5989257812500001	0.5000000000000000	0.0000000066740845
0.5991210937500001	0.5000000000000000	0.0000000066614218
0.5993164062500002	0.5000000000000000	0.0000000066487042
0.5995117187500001	0.5000000000000000	0.0000000066359320
0.5997070312500001	0.5000000000000000	0.0000000066231059
0.5999023437500001	0.5000000000000000	0.0000000066102264
0.4000976562500000	0.5000000000000000	-0.0000000070272912
0.4002929687500000	0.5000000000000000	-0.0000000070417991
0.4004882812500000	0.5000000000000000	-0.0000000070562566
0.4006835937500001	0.5000000000000000	-0.0000000070706633
0.4008789062500000	0.5000000000000000	-0.0000000070850187
0.4010742187500000	0.5000000000000000	-0.0000000070993222
0.4012695312500001	0.5000000000000000	-0.0000000071135732
0.4014648437500000	0.5000000000000000	-0.0000000071277713
0.4016601562500001	0.5000000000000000	-0.0000000071419159
0.4018554687500000	0.5000000000000000	-0.0000000071560065
0.4020507812500000	0.5000000000000000	-0.0000000071700425
0.4022460937500000	0.5000000000000000	-0.0000000071840234
0.4024414062500000	0.5000000000000000	-0.0000000071979487
0.4026367187500000	0.5000000000000000	-0.0000000072118179
0.4028320312500000	0.5000000000000000	-0.0000000072256304
0.4030273437500000	0.5000000000000000	-0.0000000072393856
0.4032226562500000	0.5000000000000000	-0.0000000072530831
0.4034179687500000	0.5000000000000000	-0.0000000072667223
0.4036132812500001	0.5000000000000000	-0.0000000072803026
0.4038085937500000	0.5000000000000000	-0.0000000072938236
0.4040039062500000	0.5000000000000000	-0.0000000073072847
0.4041992187500000	0.5000000000000000	-0.0000000073206854
0.4043945312500000	0.5000000000000000	-0.0000000073340250
0.4045898437500000	0.5000000000000000	-0.0000000073473032
0.4055664062500000	0.5000000000000000	-0.0000000074127526
0.4057617187500000	0.5000000000000000	-0.0000000074256505
0.4059570312500000	0.5000000000000000	-0.0000000074384830
0.4061523437500000	0.5000000000000000	-0.0000000074512498
0.4524414062500000	0.5000000000000000	-0.0000000075650099
0.4526367187500000	0.5000000000000000	-0.0000000075499947
0.4528320312500000	0.5000000000000000	-0.0000000075348375
0.4530273437500000	0.5000000000000000	-0.0000000075195384
0.4532226562500000	0.5000000000000000	-0.0000000075040976
0.4534179687500000	0.5000000000000000	-0.0000000074885152
0.4536132812500000	0.5000000000000000	-0.0000000074727912
0.4538085937500000	0.5000000000000000	-0.0000000074569258
0.4540039062500000	0.5000000000000000	-0.0000000074409190
0.4541992187500000	0.5000000000000000	-0.0000000074247711
0.4543945312500001	0.5000000000000000	-0.0000000074084822
0.4545898437500000	0.5000000000000000	-0.0000000073920522
0.4547851562500000	0.5000000000000000	-0.0000000073754815
0.4549804687500000	0.5000000000000000	-0.0000000073587701
0.4551757812500000	0.5000000000000000	-0.0000000073419183
0.4553710937500001	0.5000000000000000	-0.0000000073249260
0.4555664062500000	0.5000000000000000	-0.0000000073077935
0.4557617187500000	0.5000000000000000	-0.0000000072905210
0.4559570312500001	0.5000000000000000	-0.0000000072731085
0.4561523437500000	0.5000000000000000	-0.0000000072555563
0.4563476562500001	0.5000000000000000	-0.0000000072378646
0.4565429687500000	0.5000000000000000	-0.0000000072200335
0.4567382812500000	0.5000000000000000	-0.0000000072020632
0.4569335937500001	0.5000000000000000	-0.0000000071839538
0.4571289062500000	0.5000000000000000	-0.0000000071657057
0.4573242187500001	0.5000000000000000	-0.0000000071473188
0.4575195312500001	0.5000000000000000	-0.0000000071287936
0.4577148437500000	0.5000000000000000	-0.0000000071101301
0.4579101562500001	0.5000000000000000	-0.0000000070913286
0.4581054687500000	0.5000000000000000	-0.0000000070723893
0.4583007812500001	0.5000000000000000	-0.0000000070533124
0.4584960937500000	0.5000000000000000	-0.0000000070340981
0.4586914062500000	0.5000000000000000	-0.0000000070147467
0.4588867187500000	0.5000000000000000	-0.0000000069952584
0.4590820312500000	0.5000000000000000	-0.0000000069756333
0.4592773437500001	0.5000000000000000	-0.0000000069558719
0.4594726562500000	0.5000000000000000	-0.0000000069359742
0.4596679687500000	0.5000000000000000	-0.0000000069159406
0.4598632812500001	0.5000000000000000	-0.0000000068957713
0.4600585937500000	0.5000000000000000	-0.0000000068754666
0.4602539062500001	0.5000000000000000	-0.0000000068550267
0.4604492187500000	0.5000000000000000	-0.0000000068344520
0.4606445312500000	0.5000000000000000	-0.0000000068137425
0.4608398437500000	0.5000000000000000	-0.0000000067928988
0.4610351562500000	0.5000000000000000	-0.0000000067719210
0.4612304687500000	0.5000000000000000	-0.0000000067508093
0.4614257812500000	0.5000000000000000	-0.0000000067295642
0.4616210937500000	0.5000000000000000	-0.0000000067081859
0.4618164062500000	0.5000000000000000	-0.0000000066866748
0.4620117187500000	0.5000000000000000	-0.0000000066650310
0.4622070312500001	0.5000000000000000	-0.0000000066432549
0.4624023437500000	0.5000000000000000	-0.0000000066213469
0.5372070312500001	0.5000000000000000	0.0000000055923763
0.5374023437500001	0.5000000000000000	0.0000000056159805
0.5375976562500001	0.5000000000000000	0.0000000056394587
0.5377929687500000	0.5000000000000000	0.0000000056628107
0.5379882812500001	0.5000000000000000	0.0000000056860361
0.5381835937500000	0.5000000000000000	0.0000000057091345
0.5383789062500001	0.5000000000000000	0.0000000057321056
0.5385742187500001	0.5000000000000000	0.0000000057549490
0.5387695312500002	0.5000000000000000	0.0000000057776645
0.5389648437500001	0.5000000000000000	0.0000000058002517
0.5391601562500001	0.5000000000000000	0.0000000058227103
0.5393554687500001	0.5000000000000000	0.0000000058450399
0.5395507812500001	0.5000000000000000	0.0000000058672402
0.5397460937500002	0.5000000000000000	0.0000000058893111
0.5399414062500002	0.5000000000000000	0.0000000059112520
0.5401367187500001	0.5000000000000000	0.0000000059330628
0.5403320312500002	0.5000000000000000	0.0000000059547431
0.5405273437500001	0.5000000000000000	0.0000000059762927
0.5407226562500002	0.5000000000000000	0.0000000059977113
0.5409179687500001	0.5000000000000000	0.0000000060189986
0.5411132812500001	0.5000000000000000	0.0000000060401542
0.5413085937500001	0.5000000000000000	0.0000000060611780
0.5415039062500001	0.5000000000000000	0.0000000060820697
0.5416992187500000	0.5000000000000000	0.0000000061028290
0.5418945312500001	0.5000000000000000	0.0000000061234557
0.5420898437500000	0.5000000000000000	0.0000000061439495
0.5422851562500001	0.5000000000000000	0.0000000061643101
0.5424804687500000	0.5000000000000000	0.0000000061845373
0.5426757812500000	0.5000000000000000	0.0000000062046309
0.5428710937500000	0.5000000000000000	0.0000000062245906
0.5430664062500000	0.5000000000000000	0.0000000062444163
0.5432617187500001	0.5000000000000000	0.0000000062641076
0.5434570312500001	0.5000000000000000	0.0000000062836644
0.5436523437500000	0.5000000000000000	0.0000000063030864
0.5438476562500001	0.5000000000000000	0.0000000063223734
0.5440429687500000	0.5000000000000000	0.0000000063415253
0.5442382812500001	0.5000000000000000	0.0000000063605418
0.5444335937500001	0.5000000000000000	0.0000000063794227
0.5446289062500002	0.5000000000000000	0.0000000063981678
0.5448242187500001	0.5000000000000000	0.0000000064167769
0.5450195312500001	0.5000000000000000	0.0000000064352500
0.5452148437500001	0.5000000000000000	0.0000000064535866
0.5454101562500001	0.5000000000000000	0.0000000064717868
0.5456054687500000	0.5000000000000000	0.0000000064898503
0.5458007812500001	0.5000000000000000	0.0000000065077770
0.5459960937500000	0.5000000000000000	0.0000000065255666
0.6000976562500001	0.5000000000000000	0.0000000065972939
0.6002929687500000	0.5000000000000000	0.0000000065843089
0.6004882812500001	0.5000000000000000	0.0000000065712721
0.6006835937500000	0.5000000000000000	0.0000000065581839
0.6008789062500001	0.5000000000000000	0.0000000065450448
0.6010742187500001	0.5000000000000000	0.0000000065318554
0.6012695312500002	0.5000000000000000	0.0000000065186161
0.6014648437500001	0.5000000000000000	0.0000000065053275
0.6016601562500001	0.5000000000000000	0.0000000064919900
0.6018554687500001	0.5000000000000000	0.0000000064786043
0.6020507812500001	0.5000000000000000	0.0000000064651708
0.6022460937500002	0.5000000000000000	0.0000000064516899
0.6024414062500002	0.5000000000000000	0.0000000064381623
0.6026367187500001	0.5000000000000000	0.0000000064245885
0.6028320312500002	0.5000000000000000	0.0000000064109689
0.6030273437500001	0.5000000000000000	0.0000000063973040
0.6032226562500002	0.5000000000000000	0.0000000063835944
0.6034179687500001	0.5000000000000000	0.0000000063698406
0.6036132812500001	0.5000000000000000	0.0000000063560431
0.6038085937500001	0.5000000000000000	0.0000000063422023
0.6040039062500001	0.5000000000000000	0.0000000063283189
0.6041992187500000	0.5000000000000000	0.0000000063143932
0.6043945312500001	0.5000000000000000	0.0000000063004258
0.6045898437500000	0.5000000000000000	0.0000000062864172
0.6047851562500001	0.5000000000000000	0.0000000062723679
0.6049804687500000	0.5000000000000000	0.0000000062582785
0.6051757812500000	0.5000000000000000	0.0000000062441493
0.6053710937500000	0.5000000000000000	0.0000000062299809
0.6055664062500000	0.5000000000000000	0.0000000062157738
0.6057617187500001	0.5000000000000000	0.0000000062015286
0.6059570312500001	0.5000000000000000	0.0000000061872456
0.6061523437500000	0.5000000000000000	0.0000000061729254
0.6063476562500001	0.5000000000000000	0.0000000061585685
0.6065429687500000	0.5000000000000000	0.0000000061441754
0.6067382812500001	0.5000000000000000	0.0000000061297465
0.6069335937500001	0.5000000000000000	0.0000000061152824
0.6071289062500002	0.5000000000000000	0.0000000061007836
0.6073242187500001	0.5000000000000000	0.0000000060862505
0.6075195312500001	0.5000000000000000	0.0000000060716836
0.6077148437500001	0.5000000000000000	0.0000000060570835
0.6079101562500001	0.5000000000000000	0.0000000060424506
0.6081054687500000	0.5000000000000000	0.0000000060277853
0.6083007812500001	0.5000000000000000	0.0000000060130883
0.6084960937500000	0.5000000000000000	0.0000000059983599
0.6086914062500001	0.5000000000000000	0.0000000059836006
0.6088867187500000	0.5000000000000000	0.0000000059688110
0.6090820312500000	0.5000000000000000	0.0000000059539915
0.6092773437500000	0.5000000000000000	0.0000000059391425
0.6098632812500000	0.5000000000000000	0.0000000058944251
0.6100585937499999	0.5000000000000000	0.0000000058794633
0.3907226562500000	0.5000000000000000	-0.0000000062819728
0.3909179687500000	0.5000000000000000	-0.0000000062982862
0.3915039062500000	0.5000000000000000	-0.0000000063470708
0.3916992187500000	0.5000000000000000	-0.0000000063632781
0.3918945312500001	0.5000000000000000	-0.0000000063794577
0.3920898437500000	0.5000000000000000	-0.0000000063956090
0.3922851562500000	0.5000000000000000	-0.0000000064117316
0.3924804687500000	0.5000000000000000	-0.0000000064278249
0.3926757812500000	0.5000000000000000	-0.0000000064438886
0.3928710937500001	0.5000000000000000	-0.0000000064599220
0.3930664062500000	0.5000000000000000	-0.0000000064759247
0.3932617187500000	0.5000000000000000	-0.0000000064918962
0.3934570312500001	0.5000000000000000	-0.0000000065078360
0.3936523437500000	0.5000000000000000	-0.0000000065237436
0.3938476562500001	0.5000000000000000	-0.0000000065396185
0.3940429687500000	0.5000000000000000	-0.0000000065554601
0.3942382812500000	0.5000000000000000	-0.0000000065712681
0.3944335937500001	0.5000000000000000	-0.0000000065870418
0.3946289062500000	0.5000000000000000	-0.0000000066027808
0.3948242187500001	0.5000000000000000	-0.0000000066184846
0.3950195312500001	0.5000000000000000	-0.0000000066341526
0.3952148437500000	0.5000000000000000	-0.0000000066497844
0.3954101562500001	0.5000000000000000	-0.0000000066653794
0.3956054687500000	0.5000000000000000	-0.0000000066809371
0.3958007812500001	0.5000000000000000	-0.0000000066964571
0.3959960937500000	0.5000000000000000	-0.0000000067119388
0.3961914062500000	0.5000000000000000	-0.0000000067273816
0.3963867187500000	0.5000000000000000	-0.0000000067427852
0.3965820312500000	0.5000000000000000	-0.0000000067581489
0.3967773437500001	0.5000000000000000	-0.0000000067734722
0.3969726562500000	0.5000000000000000	-0.0000000067887547
0.3971679687500000	0.5000000000000000	-0.0000000068039958
0.3973632812500001	0.5000000000000000	-0.0000000068191950
0.3975585937500000	0.5000000000000000	-0.0000000068343517
0.3977539062500001	0.5000000000000000	-0.0000000068494655
0.3979492187500000	0.5000000000000000	-0.0000000068645359
0.3981445312500000	0.5000000000000000	-0.0000000068795623
0.3983398437500000	0.5000000000000000	-0.0000000068945441
0.3985351562500000	0.5000000000000000	-0.0000000069094809
0.3987304687500000	0.5000000000000000	-0.0000000069243722
0.3989257812500000	0.5000000000000000	-0.0000000069392174
0.3991210937500000	0.5000000000000000	-0.0000000069540159
0.3993164062500000	0.5000000000000000	-0.0000000069687673
0.3995117187500000	0.5000000000000000	-0.0000000069834711
0.3997070312500001	0.5000000000000000	-0.0000000069981267
0.3999023437500000	0.5000000000000000	-0.0000000070127336
