0.0125000000000000	0.0125000000000000	0.0000143748746928
0.0375000000000000	0.0125000000000000	0.0000280875019307
0.0125000000000000	0.0375000000000000	0.0000280875019307
0.0375000000000000	0.0375000000000000	0.0000394926812877
0.0625000000000000	0.0125000000000000	0.0000402963644723
0.0875000000000000	0.0125000000000000	0.0000518113012002
0.0625000000000000	0.0375000000000000	0.0000468464658346
0.0875000000000000	0.0375000000000000	0.0000536779014729
0.1125000000000000	0.0125000000000000	0.0000604344504619
0.1375000000000000	0.0125000000000000	0.0000687080902226
0.1125000000000000	0.0375000000000000	0.0000546528464868
0.1375000000000000	0.0375000000000000	0.0000563789661992
0.1625000000000000	0.0125000000000000	0.0000725866938062
0.1875000000000000	0.0125000000000000	0.0000769341903820
0.1625000000000000	0.0375000000000000	0.0000505837439835
0.1875000000000000	0.0375000000000000	0.0000471896479157
0.2125000000000000	0.0125000000000000	0.0000755400203093
0.2375000000000000	0.0125000000000000	0.0000757980150496
0.2125000000000000	0.0375000000000000	0.0000350123535629
0.2375000000000000	0.0375000000000000	0.0000270884167887
0.2625000000000000	0.0125000000000000	0.0000693282531219
0.2875000000000000	0.0125000000000000	0.0000658697243107
0.2625000000000000	0.0375000000000000	0.0000097317036620
0.2875000000000000	0.0375000000000000	0.0000015580520160
0.3125000000000001	0.0125000000000000	0.0000551988028989
0.3375000000000000	0.0125000000000000	0.0000488567133925
0.3125000000000001	0.0375000000000000	0.0000222042998518
0.3375000000000000	0.0375000000000000	0.0000352668780363
0.3625000000000000	0.0125000000000000	0.0000353809404135
0.3875000000000000	0.0125000000000000	0.0000273050033153
0.3625000000000000	0.0375000000000000	0.0000568757335067
0.3875000000000000	0.0375000000000000	0.0000699061010600
0.4125000000000000	0.0125000000000000	0.0000127152146531
0.4375000000000000	0.0125000000000000	0.0000041904493806
0.4125000000000000	0.0375000000000000	0.0000900338022502
0.4375000000000000	0.0375000000000000	0.0001012626159572
0.4625000000000000	0.0125000000000000	0.0000097835497372
0.4875000000000000	0.0125000000000000	0.0000175242618125
0.4625000000000000	0.0375000000000000	0.0001176819341809
0.4875000000000000	0.0375000000000000	0.0001256131382192
0.5125000000000000	0.0125000000000000	0.0000293543029278
0.5375000000000001	0.0125000000000000	0.0000352949604011
0.5125000000000000	0.0375000000000000	0.0001366066412067
0.5375000000000001	0.0375000000000000	0.0001402100039237
0.5625000000000000	0.0125000000000000	0.0000438468217694
0.5875000000000001	0.0125000000000000	0.0000473100949028
0.5625000000000000	0.0375000000000000	0.0001447829983539
0.5875000000000001	0.0375000000000000	0.0001436178902683
0.6125000000000000	0.0125000000000000	0.0000519678127865
0.6375000000000000	0.0125000000000000	0.0000526831139852
0.6125000000000000	0.0375000000000000	0.0001416087627686
0.6375000000000000	0.0375000000000000	0.0001358682352484
0.6625000000000001	0.0125000000000000	0.0000533978255525
0.6875000000000000	0.0125000000000000	0.0000515127123210
0.6625000000000001	0.0375000000000000	0.0001279507119513
0.6875000000000000	0.0375000000000000	0.0001184258872623
0.7125000000000001	0.0125000000000000	0.0000487772922505
0.7375000000000000	0.0125000000000000	0.0000448150111716
0.7125000000000001	0.0375000000000000	0.0001060102162420
0.7375000000000000	0.0375000000000000	0.0000939831332890
0.7625000000000000	0.0125000000000000	0.0000395719407276
0.7875000000000001	0.0125000000000000	0.0000343425634287
0.7625000000000000	0.0375000000000000	0.0000790318028045
0.7875000000000001	0.0375000000000000	0.0000661109806800
0.8125000000000000	0.0125000000000000	0.0000278378837061
0.8375000000000001	0.0125000000000000	0.0000223148047957
0.8125000000000000	0.0375000000000000	0.0000508912680586
0.8375000000000001	0.0375000000000000	0.0000388092932643
0.8625000000000000	0.0125000000000000	0.0000159162894367
0.8875000000000000	0.0125000000000000	0.0000110936714506
0.8625000000000000	0.0375000000000000	0.0000256106806947
0.8875000000000000	0.0375000000000000	0.0000160070652604
0.9125000000000001	0.0125000000000000	0.0000060956766442
0.9375000000000000	0.0125000000000000	0.0000028448995143
0.9125000000000001	0.0375000000000000	0.0000068556638961
0.9375000000000000	0.0375000000000000	0.0000010702302689
0.9625000000000001	0.0125000000000000	0.0000002844098470
0.9875000000000000	0.0125000000000000	0.0000007720438557
0.9625000000000001	0.0375000000000000	0.0000025265626663
0.9875000000000000	0.0375000000000000	0.0000036252423132
0.0125000000000000	0.0625000000000000	0.0000402963644723
0.0375000000000000	0.0625000000000000	0.0000468464658346
0.0125000000000000	0.0875000000000000	0.0000518113012002
0.0375000000000000	0.0875000000000000	0.0000536779014729
0.0625000000000000	0.0625000000000000	0.0000447760735556
0.0875000000000000	0.0625000000000000	0.0000433640708635
0.0625000000000000	0.0875000000000000	0.0000433640708635
0.0875000000000000	0.0875000000000000	0.0000355302880545
0.1125000000000000	0.0625000000000000	0.0000309301628202
0.1375000000000000	0.0625000000000000	0.0000217882545046
0.1125000000000000	0.0875000000000000	0.0000129036011797
0.1375000000000000	0.0875000000000000	0.0000038181314158
0.1625000000000000	0.0625000000000000	0.0000001762006694
0.1875000000000000	0.0625000000000000	0.0000159668256027
0.1625000000000000	0.0875000000000000	0.0000370351647284
0.1875000000000000	0.0875000000000000	0.0000607875501226
0.2125000000000000	0.0625000000000000	0.0000455720634482
0.2375000000000000	0.0625000000000000	0.0000661944281679
0.2125000000000000	0.0875000000000000	0.0001016582519537
0.2375000000000000	0.0875000000000000	0.0001297950363026
0.2625000000000000	0.0625000000000000	0.0001006333402975
0.2875000000000000	0.0625000000000000	0.0001236775455126
0.2625000000000000	0.0875000000000000	0.0001744688991888
0.2875000000000000	0.0875000000000000	0.0002038066629014
0.3125000000000001	0.0625000000000000	0.0001594881385500
0.3375000000000000	0.0625000000000000	0.0001821999283566
0.3125000000000001	0.0875000000000000	0.0002478901511688
0.3375000000000000	0.0875000000000000	0.0002750267741819
0.3625000000000000	0.0625000000000000	0.0002156547048746
0.3875000000000000	0.0625000000000000	0.0002352592733296
0.3625000000000000	0.0875000000000000	0.0003140545523043
0.3875000000000000	0.0875000000000000	0.0003357487664767
0.4125000000000000	0.0625000000000000	0.0002628211291863
0.4375000000000000	0.0625000000000000	0.0002768677267888
0.4125000000000000	0.0875000000000000	0.0003657071452441
0.4375000000000000	0.0875000000000000	0.0003792669246160
0.4625000000000000	0.0625000000000000	0.0002956374800945
0.4875000000000000	0.0625000000000000	0.0003023097617029
0.4625000000000000	0.0875000000000000	0.0003970898175987
0.4875000000000000	0.0875000000000000	0.0004007083781620
0.5125000000000000	0.0625000000000000	0.0003103951107073
0.5375000000000001	0.0625000000000000	0.0003087413894081
0.5125000000000000	0.0875000000000000	0.0004046673025808
0.5375000000000001	0.0875000000000000	0.0003976553375916
0.5625000000000000	0.0625000000000000	0.0003054950151496
0.5875000000000001	0.0625000000000000	0.0002955486648354
0.5625000000000000	0.0875000000000000	0.0003875854972477
0.5875000000000001	0.0875000000000000	0.0003704676492055
0.6125000000000000	0.0625000000000000	0.0002816484895727
0.6375000000000000	0.0625000000000000	0.0002644272723125
0.6125000000000000	0.0875000000000000	0.0003478022557605
0.6375000000000000	0.0875000000000000	0.0003222682495110
0.6625000000000000	0.0625000000000000	0.0002417967298075
0.6875000000000000	0.0625000000000000	0.0002191862140459
0.6625000000000001	0.0875000000000000	0.0002898833778613
0.6875000000000000	0.0875000000000000	0.0002586041427974
0.7125000000000001	0.0625000000000000	0.0001907714269257
0.7375000000000000	0.0625000000000000	0.0001653097738957
0.7125000000000001	0.0875000000000000	0.0002204996962541
0.7375000000000000	0.0875000000000000	0.0001868332963289
0.7625000000000000	0.0625000000000000	0.0001347431276321
0.7875000000000001	0.0625000000000000	0.0001093328874706
0.7625000000000000	0.0875000000000000	0.0001476904966501
0.7875000000000001	0.0875000000000000	0.0001153120223940
0.8125000000000000	0.0625000000000000	0.0000805209193737
0.8375000000000001	0.0625000000000000	0.0000580994273453
0.8125000000000001	0.0875000000000000	0.0000799765951575
0.8375000000000001	0.0875000000000000	0.0000524719493666
0.8625000000000000	0.0625000000000000	0.0000347790443783
0.8875000000000000	0.0625000000000000	0.0000179829194905
0.8625000000000000	0.0875000000000000	0.0000254173843771
0.8875000000000000	0.0875000000000000	0.0000058839186397
0.9125000000000001	0.0625000000000000	0.0000032934480513
0.9375000000000000	0.0625000000000000	0.0000058461838491
0.9125000000000001	0.0875000000000000	0.0000092888461783
0.9375000000000000	0.0875000000000000	0.0000185921335579
0.9625000000000001	0.0625000000000000	0.0000097282298773
0.9875000000000000	0.0625000000000000	0.0000100257443765
0.9625000000000001	0.0875000000000000	0.0000195648929383
0.9875000000000000	0.0875000000000000	0.0000174792760716
0.0125000000000000	0.1125000000000000	0.0000604344504619
0.0375000000000000	0.1125000000000000	0.0000546528464868
0.0125000000000000	0.1375000000000000	0.0000687080902226
0.0375000000000000	0.1375000000000000	0.0000563789661992
0.0625000000000000	0.1125000000000000	0.0000309301628202
0.0875000000000000	0.1125000000000000	0.0000129036011797
0.0625000000000000	0.1375000000000000	0.0000217882545046
0.0875000000000000	0.1375000000000000	0.0000038181314158
0.1125000000000000	0.1125000000000000	0.0000258740710176
0.1375000000000000	0.1125000000000000	0.0000543517645454
0.1125000000000000	0.1375000000000000	0.0000543517645454
0.1375000000000000	0.1375000000000000	0.0000906575521315
0.1625000000000000	0.1125000000000000	0.0001050762727101
0.1875000000000000	0.1125000000000000	0.0001409860529553
0.1625000000000000	0.1375000000000000	0.0001530103095110
0.1875000000000000	0.1375000000000000	0.0001962062686348
0.2125000000000000	0.1125000000000000	0.0001991581639919
0.2375000000000000	0.1125000000000000	0.0002386155930082
0.2125000000000000	0.1375000000000000	0.0002648610772946
0.2375000000000000	0.1375000000000000	0.0003102935566384
0.2625000000000000	0.1125000000000000	0.0002988224990759
0.2875000000000000	0.1125000000000000	0.0003374809027050
0.2625000000000000	0.1375000000000000	0.0003789051455845
0.2875000000000000	0.1375000000000000	0.0004215713595840
0.3125000000000001	0.1125000000000000	0.0003939349099737
0.3375000000000000	0.1125000000000000	0.0004274210910939
0.3125000000000001	0.1375000000000000	0.0004836163140290
0.3375000000000000	0.1375000000000000	0.0005186797704497
0.3625000000000000	0.1125000000000000	0.0004745604894880
0.3875000000000000	0.1125000000000000	0.0004989416901040
0.3625000000000000	0.1375000000000000	0.0005681366314677
0.3875000000000000	0.1375000000000000	0.0005914403209997
0.4125000000000000	0.1125000000000000	0.0005320548264041
0.4375000000000000	0.1125000000000000	0.0005442917504788
0.4125000000000000	0.1375000000000000	0.0006234565615264
0.4375000000000000	0.1375000000000000	0.0006319948765707
0.4625000000000000	0.1125000000000000	0.0005600842715480
0.4875000000000000	0.1125000000000000	0.0005584051012841
0.4625000000000000	0.1375000000000000	0.0006434671106774
0.4875000000000000	0.1375000000000000	0.0006357561817132
0.5125000000000000	0.1125000000000000	0.0005554226243880
0.5375000000000001	0.1125000000000000	0.0005395592135959
0.5125000000000000	0.1375000000000000	0.0006257375293877
0.5375000000000001	0.1375000000000000	0.0006020255447387
0.5625000000000000	0.1125000000000000	0.0005183978814627
0.5875000000000001	0.1125000000000000	0.0004896474341868
0.5625000000000000	0.1375000000000000	0.0005718915583892
0.5875000000000001	0.1375000000000000	0.0005341724670432
0.6125000000000000	0.1125000000000000	0.0004529209739331
0.6375000000000000	0.1125000000000000	0.0004140247639725
0.6125000000000000	0.1375000000000000	0.0004875151482269
0.6375000000000000	0.1375000000000000	0.0004393400961221
0.6625000000000000	0.1125000000000000	0.0003660955585672
0.6875000000000000	0.1125000000000000	0.0003209522731293
0.6625000000000001	0.1375000000000000	0.0003816030716115
0.6875000000000000	0.1375000000000000	0.0003277134230968
0.7125000000000001	0.1125000000000000	0.0002674649419237
0.7375000000000000	0.1125000000000000	0.0002207150589303
0.7125000000000001	0.1375000000000000	0.0002656169186797
0.7375000000000000	0.1375000000000000	0.0002114440319606
0.7625000000000000	0.1125000000000000	0.0001679900979779
0.7875000000000001	0.1125000000000000	0.0001245187897063
0.7625000000000000	0.1375000000000000	0.0001522697311184
0.7875000000000001	0.1375000000000000	0.0001033584019075
0.8125000000000000	0.1125000000000000	0.0000788731665266
0.8375000000000001	0.1125000000000000	0.0000432846700872
0.8125000000000001	0.1375000000000000	0.0000541732668040
0.8375000000000001	0.1375000000000000	0.0000155902096025
0.8625000000000000	0.1125000000000000	0.0000103498806393
0.8875000000000000	0.1125000000000000	0.0000135321595739
0.8625000000000000	0.1375000000000000	0.0000175102714455
0.8875000000000000	0.1375000000000000	0.0000417218880521
0.9125000000000001	0.1125000000000000	0.0000294245555015
0.9375000000000000	0.1125000000000000	0.0000389785846853
0.9125000000000001	0.1375000000000000	0.0000542739524266
0.9375000000000000	0.1375000000000000	0.0000615374607423
0.9625000000000001	0.1125000000000000	0.0000352795693584
0.9875000000000000	0.1125000000000000	0.0000293843193471
0.9625000000000001	0.1375000000000000	0.0000512043719318
0.9875000000000000	0.1375000000000000	0.0000407030187058
0.0125000000000000	0.1625000000000000	0.0000725866938062
0.0375000000000000	0.1625000000000000	0.0000505837439835
0.0125000000000000	0.1875000000000000	0.0000769341903820
0.0375000000000000	0.1875000000000000	0.0000471896479157
0.0625000000000000	0.1625000000000000	0.0000001762006694
0.0875000000000000	0.1625000000000000	0.0000370351647284
0.0625000000000000	0.1875000000000000	0.0000159668256027
0.0875000000000000	0.1875000000000000	0.0000607875501226
0.1125000000000000	0.1625000000000000	0.0001050762727101
0.1375000000000000	0.1625000000000000	0.0001530103095110
0.1125000000000000	0.1875000000000000	0.0001409860529553
0.1375000000000000	0.1875000000000000	0.0001962062686348
0.1625000000000000	0.1625000000000000	0.0002326627142033
0.1875000000000000	0.1625000000000000	0.0002866806183607
0.1625000000000000	0.1875000000000000	0.0002866806183607
0.1875000000000000	0.1875000000000000	0.0003465251548239
0.2125000000000000	0.1625000000000000	0.0003709357408139
0.2375000000000000	0.1625000000000000	0.0004252725750830
0.2125000000000000	0.1875000000000000	0.0004393419958981
0.2375000000000000	0.1875000000000000	0.0004974130636205
0.2625000000000000	0.1625000000000000	0.0005064423647070
0.2875000000000000	0.1625000000000000	0.0005551473302282
0.2625000000000000	0.1875000000000000	0.0005841777023757
0.2875000000000000	0.1875000000000000	0.0006340802705666
0.3125000000000001	0.1625000000000000	0.0006256402418869
0.3375000000000000	0.1625000000000000	0.0006631918846161
0.3125000000000001	0.1875000000000000	0.0007067684931003
0.3375000000000000	0.1875000000000000	0.0007427719879714
0.3625000000000000	0.1625000000000000	0.0007162996284999
0.3875000000000000	0.1625000000000000	0.0007381885866243
0.3625000000000000	0.1875000000000000	0.0007945641540585
0.3875000000000000	0.1875000000000000	0.0008122129979029
0.4125000000000000	0.1625000000000000	0.0007688186493600
0.4375000000000000	0.1625000000000000	0.0007720531516289
0.4125000000000000	0.1875000000000000	0.0008382417659098
0.4375000000000000	0.1875000000000000	0.0008348580495150
0.4625000000000000	0.1625000000000000	0.0007773342621045
0.4875000000000000	0.1625000000000000	0.0007608117026773
0.4625000000000000	0.1875000000000000	0.0008327936182341
0.4875000000000000	0.1875000000000000	0.0008078184905971
0.5125000000000000	0.1625000000000000	0.0007404879568080
0.5375000000000001	0.1625000000000000	0.0007051750866129
0.5125000000000000	0.1875000000000000	0.0007782130627764
0.5375000000000001	0.1875000000000000	0.0007333355237874
0.5625000000000000	0.1625000000000000	0.0006617179109017
0.5875000000000001	0.1625000000000000	0.0006106023858963
0.5625000000000000	0.1875000000000000	0.0006796617677186
0.5875000000000001	0.1875000000000000	0.0006187023326339
0.6125000000000000	0.1625000000000000	0.0005490085603123
0.6375000000000000	0.1625000000000000	0.0004868184363593
0.6125000000000000	0.1875000000000000	0.0005470584963066
0.6375000000000000	0.1875000000000000	0.0004756090008920
0.6625000000000000	0.1625000000000000	0.0004141125385823
0.6875000000000000	0.1625000000000000	0.0003468353053850
0.6625000000000001	0.1875000000000000	0.0003941153039699
0.6875000000000000	0.1875000000000000	0.0003189730565649
0.7125000000000001	0.1625000000000000	0.0002713386995777
0.7375000000000000	0.1625000000000000	0.0002055975009777
0.7125000000000001	0.1875000000000000	0.0002369314441689
0.7375000000000000	0.1875000000000000	0.0001653941209411
0.7625000000000000	0.1625000000000000	0.0001360525827503
0.7875000000000001	0.1625000000000000	0.0000784107532115
0.7625000000000000	0.1875000000000000	0.0000923126412029
0.7875000000000001	0.1875000000000000	0.0000314143534112
0.8125000000000000	0.1625000000000000	0.0000230583294925
0.8375000000000001	0.1625000000000000	0.0000206734598073
0.8125000000000001	0.1875000000000000	0.0000239939019476
0.8375000000000001	0.1875000000000000	0.0000682232948864
0.8625000000000000	0.1625000000000000	0.0000549677922715
0.8875000000000000	0.1625000000000000	0.0000803507415636
0.8625000000000000	0.1875000000000000	0.0000989619966133
0.8875000000000000	0.1875000000000000	0.0001221383178281
0.9125000000000001	0.1625000000000000	0.0000888332290988
0.9375000000000000	0.1625000000000000	0.0000932827544111
0.9125000000000001	0.1875000000000000	0.0001236778688765
0.9375000000000000	0.1875000000000000	0.0001235396476667
0.9625000000000001	0.1625000000000000	0.0000738360358711
0.9875000000000000	0.1625000000000000	0.0000569167335710
0.9625000000000001	0.1875000000000000	0.0000943195140682
0.9875000000000000	0.1875000000000000	0.0000709909231015
0.0125000000000000	0.2125000000000000	0.0000755400203093
0.0375000000000000	0.2125000000000000	0.0000350123535628
0.0125000000000000	0.2375000000000000	0.0000757980150496
0.0375000000000000	0.2375000000000000	0.0000270884167887
0.0625000000000000	0.2125000000000000	0.0000455720634482
0.0875000000000000	0.2125000000000000	0.0001016582519537
0.0625000000000000	0.2375000000000000	0.0000661944281679
0.0875000000000000	0.2375000000000000	0.0001297950363027
0.1125000000000000	0.2125000000000000	0.0001991581639919
0.1375000000000000	0.2125000000000000	0.0002648610772946
0.1125000000000000	0.2375000000000000	0.0002386155930082
0.1375000000000000	0.2375000000000000	0.0003102935566384
0.1625000000000000	0.2125000000000000	0.0003709357408139
0.1875000000000000	0.2125000000000000	0.0004393419958981
0.1625000000000000	0.2375000000000000	0.0004252725750830
0.1875000000000000	0.2375000000000000	0.0004974130636205
0.2125000000000000	0.2125000000000000	0.0005447160426313
0.2375000000000000	0.2125000000000000	0.0006085117915520
0.2125000000000000	0.2375000000000000	0.0006085117915520
0.2375000000000000	0.2375000000000000	0.0006733457277984
0.2625000000000000	0.2125000000000000	0.0007037722231708
0.2875000000000000	0.2125000000000000	0.0007559203075367
0.2625000000000000	0.2375000000000000	0.0007707258900244
0.2875000000000000	0.2375000000000000	0.0008210302220910
0.3125000000000001	0.2125000000000000	0.0008324099892035
0.3375000000000000	0.2125000000000000	0.0008668566068956
0.3125000000000001	0.2375000000000000	0.0008959625904263
0.3375000000000000	0.2375000000000000	0.0009257693357579
0.3625000000000000	0.2125000000000000	0.0009175541616241
0.3875000000000000	0.2125000000000000	0.0009298683574012
0.3625000000000000	0.2375000000000000	0.0009715070728647
0.3875000000000000	0.2375000000000000	0.0009767321773316
0.4125000000000000	0.2125000000000000	0.0009501510592065
0.4375000000000000	0.2125000000000000	0.0009380264606452
0.4125000000000000	0.2375000000000000	0.0009892450043017
0.4375000000000000	0.2375000000000000	0.0009681590999972
0.4625000000000000	0.2125000000000000	0.0009262334273698
0.4875000000000000	0.2125000000000000	0.0008897974327318
0.4625000000000000	0.2375000000000000	0.0009466409152055
0.4875000000000000	0.2375000000000000	0.0009001251390853
0.5125000000000000	0.2125000000000000	0.0008475183038015
0.5375000000000001	0.2125000000000000	0.0007894018268437
0.5125000000000000	0.2375000000000000	0.0008472037069075
0.5375000000000001	0.2375000000000000	0.0007787489582562
0.5625000000000000	0.2125000000000000	0.0007214297199252
0.5875000000000001	0.2125000000000000	0.0006465688191706
0.5625000000000000	0.2375000000000000	0.0007003442873330
0.5875000000000001	0.2375000000000000	0.0006157724759330
0.6125000000000000	0.2125000000000000	0.0005604922393464
0.6375000000000000	0.2125000000000000	0.0004756667434451
0.6125000000000000	0.2375000000000000	0.0005205858411295
0.6375000000000000	0.2375000000000000	0.0004275047970095
0.6625000000000000	0.2125000000000000	0.0003811295550073
0.6875000000000000	0.2125000000000000	0.0002942840107991
0.6625000000000001	0.2375000000000000	0.0003261741914066
0.6875000000000000	0.2375000000000000	0.0002332182107617
0.7125000000000001	0.2125000000000000	0.0002019969525911
0.7375000000000000	0.2125000000000000	0.0001214218847300
0.7125000000000001	0.2375000000000000	0.0001372321536745
0.7375000000000000	0.2375000000000000	0.0000531739431590
0.7625000000000000	0.2125000000000000	0.0000420445448806
0.7875000000000001	0.2125000000000000	0.0000244877888475
0.7625000000000000	0.2375000000000000	0.0000263265820478
0.7875000000000001	0.2375000000000000	0.0000934902031999
0.8125000000000000	0.2125000000000000	0.0000814659546427
0.8375000000000001	0.2125000000000000	0.0001275171163607
0.8125000000000001	0.2375000000000000	0.0001468822912274
0.8375000000000001	0.2375000000000000	0.0001907702486843
0.8625000000000000	0.2125000000000000	0.0001547778360410
0.8875000000000000	0.2125000000000000	0.0001759260653413
0.8625000000000000	0.2375000000000000	0.0002109659789861
0.8875000000000000	0.2375000000000000	0.0002274912884765
0.9125000000000001	0.2125000000000000	0.0001691051336154
0.9375000000000000	0.2125000000000000	0.0001634268150049
0.9125000000000001	0.2375000000000000	0.0002106988925918
0.9375000000000000	0.2375000000000000	0.0001985174530981
0.9625000000000001	0.2125000000000000	0.0001216010171724
0.9875000000000000	0.2125000000000000	0.0000899012761863
0.9625000000000001	0.2375000000000000	0.0001446718627316
0.9875000000000000	0.2375000000000000	0.0001053558867909
0.0125000000000000	0.2625000000000000	0.0000693282531219
0.0375000000000000	0.2625000000000000	0.0000097317036620
0.0125000000000000	0.2875000000000000	0.0000658697243107
0.0375000000000000	0.2875000000000000	0.0000015580520160
0.0625000000000000	0.2625000000000000	0.0001006333402975
0.0875000000000000	0.2625000000000000	0.0001744688991888
0.0625000000000000	0.2875000000000000	0.0001236775455126
0.0875000000000000	0.2875000000000000	0.0002038066629014
0.1125000000000000	0.2625000000000000	0.0002988224990759
0.1375000000000000	0.2625000000000000	0.0003789051455845
0.1125000000000000	0.2875000000000000	0.0003374809027050
0.1375000000000000	0.2875000000000000	0.0004215713595840
0.1625000000000000	0.2625000000000000	0.0005064423647070
0.1875000000000000	0.2625000000000000	0.0005841777023757
0.1625000000000000	0.2875000000000000	0.0005551473302282
0.1875000000000000	0.2875000000000000	0.0006340802705666
0.2125000000000000	0.2625000000000000	0.0007037722231708
0.2375000000000000	0.2625000000000000	0.0007707258900244
0.2125000000000000	0.2875000000000000	0.0007559203075367
0.2375000000000000	0.2875000000000000	0.0008210302220910
0.2625000000000000	0.2625000000000000	0.0008718994330733
0.2875000000000000	0.2625000000000000	0.0009205462957816
0.2625000000000000	0.2875000000000000	0.0009205462957816
0.2875000000000000	0.2875000000000000	0.0009643926857142
0.3125000000000001	0.2625000000000000	0.0009944084364509
0.3375000000000000	0.2625000000000000	0.0010188430538835
0.3125000000000001	0.2875000000000000	0.0010329864408572
0.3375000000000000	0.2875000000000000	0.0010500414557794
0.3625000000000000	0.2625000000000000	0.0010589466869315
0.3875000000000000	0.2625000000000000	0.0010554875582321
0.3625000000000000	0.2875000000000000	0.0010819111951396
0.3875000000000000	0.2875000000000000	0.0010691145290415
0.4125000000000000	0.2625000000000000	0.0010585132318958
0.4375000000000000	0.2625000000000000	0.0010261277621558
0.4125000000000000	0.2875000000000000	0.0010618625461110
0.4375000000000000	0.2875000000000000	0.0010189811640880
0.4625000000000000	0.2625000000000000	0.0009923152843860
0.4875000000000000	0.2625000000000000	0.0009328097502152
0.4625000000000000	0.2875000000000000	0.0009739502985229
0.4875000000000000	0.2875000000000000	0.0009036913162299
0.5125000000000000	0.2625000000000000	0.0008660720725947
0.5375000000000001	0.2625000000000000	0.0007840093450553
0.5125000000000000	0.2875000000000000	0.0008259731228396
0.5375000000000001	0.2875000000000000	0.0007338174861832
0.5625000000000000	0.2625000000000000	0.0006916824496250
0.5875000000000001	0.2625000000000000	0.0005940112319634
0.5625000000000000	0.2875000000000000	0.0006318942800946
0.5875000000000001	0.2875000000000000	0.0005256416945281
0.6125000000000000	0.2625000000000000	0.0004862259156811
0.6375000000000000	0.2625000000000000	0.0003816372637033
0.6125000000000000	0.2875000000000000	0.0004106561573908
0.6375000000000000	0.2875000000000000	0.0002997033806432
0.6625000000000000	0.2625000000000000	0.0002703509202603
0.6875000000000000	0.2625000000000000	0.0001684191139868
0.6625000000000001	0.2875000000000000	0.0001843994125568
0.6875000000000000	0.2875000000000000	0.0000788144678414
0.7125000000000001	0.2625000000000000	0.0000662058740324
0.7375000000000000	0.2625000000000000	0.0000235918086316
0.7125000000000001	0.2875000000000000	0.0000237471048812
0.7375000000000000	0.2875000000000000	0.0001142545300281
0.7625000000000000	0.2625000000000000	0.0001048492923678
0.7875000000000001	0.2625000000000000	0.0001741197499914
0.7625000000000000	0.2875000000000000	0.0001920548849143
0.7875000000000001	0.2875000000000000	0.0002591465679667
0.8125000000000000	0.2625000000000000	0.0002244806285562
0.8375000000000001	0.2625000000000000	0.0002667975889592
0.8125000000000001	0.2875000000000000	0.0003024779229496
0.8375000000000001	0.2875000000000000	0.0003400675112574
0.8625000000000000	0.2625000000000000	0.0002793161442413
0.8875000000000000	0.2625000000000000	0.0002909052443344
0.8625000000000000	0.2875000000000000	0.0003425676857032
0.8875000000000000	0.2875000000000000	0.0003474741519580
0.9125000000000001	0.2625000000000000	0.0002623803564903
0.9375000000000000	0.2625000000000000	0.0002425382993327
0.9125000000000001	0.2875000000000000	0.0003068202996344
0.9375000000000000	0.2875000000000000	0.0002791292297341
0.9625000000000001	0.2625000000000000	0.0001738868625207
0.9875000000000000	0.2625000000000000	0.0001250927547597
0.9625000000000001	0.2875000000000000	0.0001973248466057
0.9875000000000000	0.2875000000000000	0.0001404220227879
0.0125000000000000	0.3125000000000001	0.0000551988028989
0.0375000000000000	0.3125000000000001	0.0000222042998518
0.0125000000000000	0.3375000000000001	0.0000488567133925
0.0375000000000000	0.3375000000000001	0.0000352668780363
0.0625000000000000	0.3125000000000001	0.0001594881385500
0.0875000000000000	0.3125000000000001	0.0002478901511688
0.0625000000000000	0.3375000000000001	0.0001821999283566
0.0875000000000000	0.3375000000000001	0.0002750267741819
0.1125000000000000	0.3125000000000001	0.0003939349099737
0.1375000000000000	0.3125000000000001	0.0004836163140290
0.1125000000000000	0.3375000000000001	0.0004274210910939
0.1375000000000000	0.3375000000000001	0.0005186797704497
0.1625000000000000	0.3125000000000001	0.0006256402418869
0.1875000000000000	0.3125000000000001	0.0007067684931003
0.1625000000000000	0.3375000000000001	0.0006631918846161
0.1875000000000000	0.3375000000000001	0.0007427719879714
0.2125000000000000	0.3125000000000001	0.0008324099892035
0.2375000000000000	0.3125000000000001	0.0008959625904263
0.2125000000000000	0.3375000000000001	0.0008668566068956
0.2375000000000000	0.3375000000000001	0.0009257693357579
0.2625000000000000	0.3125000000000001	0.0009944084364509
0.2875000000000000	0.3125000000000001	0.0010329864408572
0.2625000000000000	0.3375000000000001	0.0010188430538836
0.2875000000000000	0.3375000000000001	0.0010500414557794
0.3125000000000001	0.3125000000000001	0.0010959286787682
0.3375000000000000	0.3125000000000001	0.0011044241014710
0.3125000000000001	0.3375000000000001	0.0011044241014709
0.3375000000000000	0.3375000000000001	0.0011034333488434
0.3625000000000000	0.3125000000000001	0.0011268097068749
0.3875000000000000	0.3125000000000001	0.0011028947870411
0.3625000000000000	0.3375000000000001	0.0011150261131789
0.3875000000000000	0.3375000000000001	0.0010803591570809
0.4125000000000000	0.3125000000000001	0.0010834274031228
0.4375000000000000	0.3125000000000001	0.0010278243028264
0.4125000000000000	0.3375000000000001	0.0010490355852086
0.4375000000000000	0.3375000000000001	0.0009823696540647
0.4625000000000000	0.3125000000000001	0.0009691715960687
0.4875000000000000	0.3125000000000001	0.0008856652484852
0.4625000000000000	0.3375000000000001	0.0009120546695992
0.4875000000000000	0.3375000000000001	0.0008181455933444
0.5125000000000000	0.3125000000000001	0.0007943329873517
0.5375000000000001	0.3125000000000001	0.0006895045902247
0.5125000000000000	0.3375000000000001	0.0007165611695190
0.5375000000000001	0.3375000000000001	0.0006028830639843
0.5625000000000000	0.3125000000000001	0.0005753532245790
0.5875000000000001	0.3125000000000001	0.0004580314827616
0.5625000000000000	0.3375000000000001	0.0004809495708639
0.5875000000000001	0.3375000000000001	0.0003570644554584
0.6125000000000000	0.3125000000000001	0.0003334352259232
0.6375000000000000	0.3125000000000001	0.0002138903419313
0.6125000000000000	0.3375000000000001	0.0002279665795910
0.6375000000000000	0.3375000000000001	0.0001046539332544
0.6625000000000000	0.3125000000000001	0.0000925817559026
0.6875000000000000	0.3125000000000001	0.0000184742595241
0.6625000000000001	0.3375000000000001	0.0000173821190386
0.6875000000000000	0.3375000000000001	0.0001291696295409
0.7125000000000001	0.3125000000000001	0.0001227720050555
0.7375000000000000	0.3125000000000001	0.0002152750589019
0.7125000000000001	0.3375000000000001	0.0002302851081895
0.7375000000000000	0.3375000000000001	0.0003205341134434
0.7625000000000000	0.3125000000000001	0.0002902725656162
0.7875000000000001	0.3125000000000001	0.0003558582706156
0.7625000000000000	0.3375000000000001	0.0003886760193690
0.7875000000000001	0.3375000000000001	0.0004493623747800
0.8125000000000000	0.3125000000000001	0.0003920040982541
0.8375000000000001	0.3125000000000001	0.0004248965170749
0.8125000000000001	0.3375000000000001	0.0004755703415796
0.8375000000000001	0.3375000000000001	0.0005015187011928
0.8625000000000000	0.3125000000000001	0.0004164047324914
0.8875000000000000	0.3125000000000001	0.0004140432484311
0.8625000000000000	0.3375000000000001	0.0004809004728875
0.8875000000000000	0.3375000000000001	0.0004703549422985
0.9125000000000001	0.3125000000000001	0.0003595346189246
0.9375000000000000	0.3125000000000001	0.0003228759031272
0.9125000000000001	0.3375000000000001	0.0004026425484196
0.9375000000000000	0.3375000000000001	0.0003574903467754
0.9625000000000001	0.3125000000000001	0.0002255732177750
0.9875000000000000	0.3125000000000001	0.0001590400167484
0.9625000000000001	0.3375000000000001	0.0002471261612491
0.9875000000000000	0.3375000000000001	0.0001727546199487
0.0125000000000000	0.3625000000000000	0.0000353809404135
0.0375000000000000	0.3625000000000000	0.0000568757335067
0.0125000000000000	0.3875000000000000	0.0000273050033153
0.0375000000000000	0.3875000000000000	0.0000699061010600
0.0625000000000000	0.3625000000000000	0.0002156547048746
0.0875000000000000	0.3625000000000000	0.0003140545523043
0.0625000000000000	0.3875000000000000	0.0002352592733296
0.0875000000000000	0.3875000000000000	0.0003357487664767
0.1125000000000000	0.3625000000000000	0.0004745604894880
0.1375000000000000	0.3625000000000000	0.0005681366314677
0.1125000000000000	0.3875000000000000	0.0004989416901040
0.1375000000000000	0.3875000000000000	0.0005914403209997
0.1625000000000000	0.3625000000000000	0.0007162996284999
0.1875000000000000	0.3625000000000000	0.0007945641540585
0.1625000000000000	0.3875000000000000	0.0007381885866243
0.1875000000000000	0.3875000000000000	0.0008122129979029
0.2125000000000000	0.3625000000000000	0.0009175541616241
0.2375000000000000	0.3625000000000000	0.0009715070728647
0.2125000000000000	0.3875000000000000	0.0009298683574012
0.2375000000000000	0.3875000000000000	0.0009767321773316
0.2625000000000000	0.3625000000000000	0.0010589466869315
0.2875000000000000	0.3625000000000000	0.0010819111951396
0.2625000000000000	0.3875000000000000	0.0010554875582322
0.2875000000000000	0.3875000000000000	0.0010691145290415
0.3125000000000001	0.3625000000000000	0.0011268097068749
0.3375000000000000	0.3625000000000000	0.0011150261131789
0.3125000000000001	0.3875000000000000	0.0011028947870410
0.3375000000000000	0.3875000000000000	0.0010803591570809
0.3625000000000000	0.3625000000000000	0.0011143794863291
0.3875000000000000	0.3625000000000000	0.0010673338120532
0.3625000000000000	0.3875000000000000	0.0010673338120532
0.3875000000000000	0.3875000000000000	0.0010091031503721
0.4125000000000000	0.3625000000000000	0.0010223794515923
0.4375000000000000	0.3625000000000000	0.0009428615597664
0.4125000000000000	0.3875000000000000	0.0009518156347442
0.4375000000000000	0.3875000000000000	0.0008617022609435
0.4625000000000000	0.3625000000000000	0.0008589922996595
0.4875000000000000	0.3625000000000000	0.0007528842376604
0.4625000000000000	0.3875000000000000	0.0007668395720558
0.4875000000000000	0.3875000000000000	0.0006516787696658
0.5125000000000000	0.3625000000000000	0.0006392309367702
0.5375000000000001	0.3625000000000000	0.0005150324669693
0.5125000000000000	0.3875000000000000	0.0005295142039575
0.5375000000000001	0.3875000000000000	0.0003985920729531
0.5625000000000000	0.3625000000000000	0.0003837285034979
0.5875000000000001	0.3625000000000000	0.0002518364621147
0.5625000000000000	0.3875000000000000	0.0002621341086047
0.5875000000000001	0.3875000000000000	0.0001263927517498
0.6125000000000000	0.3625000000000000	0.0001169857809170
0.6375000000000000	0.3625000000000000	0.0000112392712696
0.6125000000000000	0.3875000000000000	0.0000097255895363
0.6375000000000000	0.3875000000000000	0.0001386668581073
0.6625000000000000	0.3625000000000000	0.0001348448903442
0.6875000000000000	0.3625000000000000	0.0002481619640081
0.6625000000000001	0.3875000000000000	0.0002595089084602
0.6875000000000000	0.3875000000000000	0.0003704538297996
0.7125000000000001	0.3625000000000000	0.0003464837164679
0.7375000000000000	0.3625000000000000	0.0004349035425633
0.7125000000000001	0.3875000000000000	0.0004622220944332
0.7375000000000000	0.3875000000000000	0.0005455212674132
0.7625000000000000	0.3625000000000000	0.0004961048985449
0.7875000000000001	0.3625000000000000	0.0005519397030256
0.7625000000000000	0.3875000000000000	0.0005969793247982
0.7875000000000001	0.3875000000000000	0.0006455486694840
0.8125000000000000	0.3625000000000000	0.0005676602635744
0.8375000000000001	0.3625000000000000	0.0005863579125675
0.8125000000000001	0.3875000000000000	0.0006492413142460
0.8375000000000001	0.3875000000000000	0.0006593422395260
0.8625000000000000	0.3625000000000000	0.0005526421775266
0.8875000000000000	0.3625000000000000	0.0005333019709150
0.8625000000000000	0.3875000000000000	0.0006124435134501
0.8875000000000000	0.3875000000000000	0.0005841231296295
0.9125000000000001	0.3625000000000000	0.0004510707641358
0.9375000000000000	0.3625000000000000	0.0003965857626523
0.9125000000000001	0.3875000000000000	0.0004888016387934
0.9375000000000000	0.3875000000000000	0.0004259433686878
0.9625000000000001	0.3625000000000000	0.0002716070354715
0.9875000000000000	0.3625000000000000	0.0001884228592519
0.9625000000000001	0.3875000000000000	0.0002892107081331
0.9875000000000000	0.3875000000000000	0.0001991951928670
0.0125000000000000	0.4125000000000000	0.0000127152146530
0.0375000000000000	0.4125000000000000	0.0000900338022502
0.0125000000000000	0.4375000000000000	0.0000041904493805
0.0375000000000000	0.4375000000000000	0.0001012626159572
0.0625000000000000	0.4125000000000000	0.0002628211291863
0.0875000000000000	0.4125000000000000	0.0003657071452441
0.0625000000000000	0.4375000000000000	0.0002768677267888
0.0875000000000000	0.4375000000000000	0.0003792669246161
0.1125000000000000	0.4125000000000000	0.0005320548264041
0.1375000000000000	0.4125000000000000	0.0006234565615264
0.1125000000000000	0.4375000000000000	0.0005442917504788
0.1375000000000000	0.4375000000000000	0.0006319948765707
0.1625000000000000	0.4125000000000000	0.0007688186493600
0.1875000000000000	0.4125000000000000	0.0008382417659098
0.1625000000000000	0.4375000000000000	0.0007720531516289
0.1875000000000000	0.4375000000000000	0.0008348580495150
0.2125000000000000	0.4125000000000000	0.0009501510592065
0.2375000000000000	0.4125000000000000	0.0009892450043017
0.2125000000000000	0.4375000000000000	0.0009380264606452
0.2375000000000000	0.4375000000000000	0.0009681590999973
0.2625000000000000	0.4125000000000000	0.0010585132318958
0.2875000000000000	0.4125000000000000	0.0010618625461110
0.2625000000000000	0.4375000000000000	0.0010261277621558
0.2875000000000000	0.4375000000000000	0.0010189811640880
0.3125000000000001	0.4125000000000000	0.0010834274031228
0.3375000000000000	0.4125000000000000	0.0010490355852086
0.3125000000000001	0.4375000000000000	0.0010278243028265
0.3375000000000000	0.4375000000000000	0.0009823696540647
0.3625000000000000	0.4125000000000000	0.0010223794515922
0.3875000000000000	0.4125000000000000	0.0009518156347442
0.3625000000000000	0.4375000000000000	0.0009428615597664
0.3875000000000000	0.4375000000000000	0.0008617022609435
0.4125000000000000	0.4125000000000000	0.0008809508367986
0.4375000000000000	0.4125000000000000	0.0007791749100590
0.4125000000000000	0.4375000000000000	0.0007791749100591
0.4375000000000000	0.4375000000000000	0.0006682648059015
0.4625000000000000	0.4125000000000000	0.0006722393591256
0.4875000000000000	0.4125000000000000	0.0005471456326897
0.4625000000000000	0.4375000000000000	0.0005520623889508
0.4875000000000000	0.4375000000000000	0.0004201416548183
0.5125000000000000	0.4125000000000000	0.0004156735748549
0.5375000000000001	0.4125000000000000	0.0002774006964933
0.5125000000000000	0.4375000000000000	0.0002827570395444
0.5375000000000001	0.4375000000000000	0.0001405702235803
0.5625000000000000	0.4125000000000000	0.0001353338711479
0.5875000000000001	0.4125000000000000	0.0000046122008031
0.5625000000000000	0.4375000000000000	0.0000034491758096
0.5875000000000001	0.4375000000000000	0.0001440918646649
0.6125000000000000	0.4125000000000000	0.0001421168167552
0.6375000000000000	0.4125000000000000	0.0002718804086923
0.6125000000000000	0.4375000000000000	0.0002793957588483
0.6375000000000000	0.4375000000000000	0.0004066600959946
0.6625000000000000	0.4125000000000000	0.0003897932372162
0.6875000000000000	0.4125000000000000	0.0004982697535062
0.6625000000000001	0.4375000000000000	0.0005184453539875
0.6875000000000000	0.4375000000000000	0.0006215615436189
0.7125000000000001	0.4125000000000000	0.0005831076160943
0.7375000000000000	0.4125000000000000	0.0006610421643804
0.7125000000000001	0.4375000000000000	0.0006969530324196
0.7375000000000000	0.4375000000000000	0.0007672735479858
0.7625000000000000	0.4125000000000000	0.0007022416685382
0.7875000000000001	0.4125000000000000	0.0007432065176685
0.7625000000000000	0.4375000000000000	0.0007966282009180
0.7875000000000001	0.4375000000000000	0.0008285450481456
0.8125000000000000	0.4125000000000000	0.0007342822065947
0.8375000000000001	0.4125000000000000	0.0007354009828242
0.8125000000000001	0.4375000000000000	0.0008065220950487
0.8375000000000001	0.4375000000000000	0.0007981163801778
0.8625000000000000	0.4125000000000000	0.0006747140384146
0.8875000000000000	0.4125000000000000	0.0006370270222870
0.8625000000000000	0.4375000000000000	0.0007243438748456
0.8875000000000000	0.4375000000000000	0.0006776636837302
0.9125000000000001	0.4125000000000000	0.0005280465811731
0.9375000000000000	0.4125000000000000	0.0004564684827799
0.9125000000000001	0.4375000000000000	0.0005568837915218
0.9375000000000000	0.4375000000000000	0.0004778057538039
0.9625000000000001	0.4125000000000000	0.0003074955710110
0.9875000000000000	0.4125000000000000	0.0002103755819585
0.9625000000000001	0.4375000000000000	0.0003194750623206
0.9875000000000000	0.4375000000000000	0.0002171690464019
0.0125000000000000	0.4625000000000000	0.0000097835497372
0.0375000000000000	0.4625000000000000	0.0001176819341809
0.0125000000000000	0.4875000000000000	0.0000175242618125
0.0375000000000000	0.4875000000000000	0.0001256131382192
0.0625000000000000	0.4625000000000000	0.0002956374800946
0.0875000000000000	0.4625000000000000	0.0003970898175987
0.0625000000000000	0.4875000000000000	0.0003023097617029
0.0875000000000000	0.4875000000000000	0.0004007083781620
0.1125000000000000	0.4625000000000000	0.0005600842715480
0.1375000000000000	0.4625000000000000	0.0006434671106774
0.1125000000000000	0.4875000000000000	0.0005584051012841
0.1375000000000000	0.4875000000000000	0.0006357561817132
0.1625000000000000	0.4625000000000000	0.0007773342621045
0.1875000000000000	0.4625000000000000	0.0008327936182341
0.1625000000000000	0.4875000000000000	0.0007608117026773
0.1875000000000000	0.4875000000000000	0.0008078184905971
0.2125000000000000	0.4625000000000000	0.0009262334273698
0.2375000000000000	0.4625000000000000	0.0009466409152055
0.2125000000000000	0.4875000000000000	0.0008897974327318
0.2375000000000000	0.4875000000000000	0.0009001251390853
0.2625000000000000	0.4625000000000000	0.0009923152843860
0.2875000000000000	0.4625000000000000	0.0009739502985229
0.2625000000000000	0.4875000000000000	0.0009328097502152
0.2875000000000000	0.4875000000000000	0.0009036913162299
0.3125000000000001	0.4625000000000000	0.0009691715960687
0.3375000000000000	0.4625000000000000	0.0009120546695992
0.3125000000000001	0.4875000000000000	0.0008856652484852
0.3375000000000000	0.4875000000000000	0.0008181455933444
0.3625000000000000	0.4625000000000000	0.0008589922996595
0.3875000000000000	0.4625000000000000	0.0007668395720558
0.3625000000000000	0.4875000000000000	0.0007528842376604
0.3875000000000000	0.4875000000000000	0.0006516787696657
0.4125000000000000	0.4625000000000000	0.0006722393591256
0.4375000000000000	0.4625000000000000	0.0005520623889508
0.4125000000000000	0.4875000000000000	0.0005471456326898
0.4375000000000000	0.4875000000000000	0.0004201416548183
0.4625000000000000	0.4625000000000000	0.0004265424886886
0.4875000000000000	0.4625000000000000	0.0002879604518988
0.4625000000000000	0.4875000000000000	0.0002879604518988
0.4875000000000000	0.4875000000000000	0.0001454362836472
0.5125000000000000	0.4625000000000000	0.0001449917109721
0.5375000000000001	0.4625000000000000	0.0000006574122058
0.5125000000000000	0.4875000000000000	0.0000002408749300
0.5375000000000001	0.4875000000000000	0.0001465799196018
0.5625000000000000	0.4625000000000000	0.0001459678900744
0.5875000000000001	0.4625000000000000	0.0002866335232276
0.5625000000000000	0.4875000000000000	0.0002903714229488
0.5875000000000001	0.4875000000000000	0.0004284426620749
0.6125000000000000	0.4625000000000000	0.0004188544870054
0.6375000000000000	0.4625000000000000	0.0005428297400282
0.6125000000000000	0.4875000000000000	0.0005550844687827
0.6375000000000000	0.4875000000000000	0.0006734861035592
0.6625000000000000	0.4625000000000000	0.0006475423591766
0.6875000000000000	0.4625000000000000	0.0007445165909648
0.6625000000000001	0.4875000000000000	0.0007691460998142
0.6875000000000000	0.4875000000000000	0.0008581700110529
0.7125000000000001	0.4625000000000000	0.0008096199044744
0.7375000000000000	0.4625000000000000	0.0008716674899736
0.7125000000000001	0.4875000000000000	0.0009116789087178
0.7375000000000000	0.4875000000000000	0.0009642283158440
0.7625000000000000	0.4625000000000000	0.0008885756987406
0.7875000000000001	0.4625000000000000	0.0009109923254364
0.7625000000000000	0.4875000000000000	0.0009681691121625
0.7875000000000001	0.4875000000000000	0.0009805082756261
0.8125000000000000	0.4625000000000000	0.0008755958224597
0.8375000000000001	0.4625000000000000	0.0008574664078469
0.8125000000000001	0.4875000000000000	0.0009320591699720
0.8375000000000001	0.4875000000000000	0.0009042912140289
0.8625000000000000	0.4625000000000000	0.0007706949786164
0.8875000000000000	0.4625000000000000	0.0007150870327029
0.8625000000000000	0.4875000000000000	0.0008056734248128
0.8875000000000000	0.4875000000000000	0.0007418434407498
0.9125000000000001	0.4625000000000000	0.0005829480108634
0.9375000000000000	0.4625000000000000	0.0004966818308986
0.9125000000000001	0.4875000000000000	0.0006002465856371
0.9375000000000000	0.4875000000000000	0.0005080216923967
0.9625000000000001	0.4625000000000000	0.0003297441866048
0.9875000000000000	0.4625000000000000	0.0002227656655563
0.9625000000000001	0.4875000000000000	0.0003349769320712
0.9875000000000000	0.4875000000000000	0.0002249352801934
0.0125000000000000	0.5125000000000000	0.0000293543029279
0.0375000000000000	0.5125000000000000	0.0001366066412067
0.0125000000000000	0.5375000000000001	0.0000352949604011
0.0375000000000000	0.5375000000000001	0.0001402100039237
0.0625000000000000	0.5125000000000000	0.0003103951107073
0.0875000000000000	0.5125000000000000	0.0004046673025808
0.0625000000000000	0.5375000000000001	0.0003087413894081
0.0875000000000000	0.5375000000000001	0.0003976553375916
0.1125000000000000	0.5125000000000000	0.0005554226243880
0.1375000000000000	0.5125000000000000	0.0006257375293877
0.1125000000000000	0.5375000000000001	0.0005395592135959
0.1375000000000000	0.5375000000000001	0.0006020255447387
0.1625000000000000	0.5125000000000000	0.0007404879568080
0.1875000000000000	0.5125000000000000	0.0007782130627764
0.1625000000000000	0.5375000000000001	0.0007051750866130
0.1875000000000000	0.5375000000000001	0.0007333355237874
0.2125000000000000	0.5125000000000000	0.0008475183038015
0.2375000000000000	0.5125000000000000	0.0008472037069075
0.2125000000000000	0.5375000000000001	0.0007894018268437
0.2375000000000000	0.5375000000000001	0.0007787489582563
0.2625000000000000	0.5125000000000000	0.0008660720725946
0.2875000000000000	0.5125000000000000	0.0008259731228396
0.2625000000000000	0.5375000000000001	0.0007840093450553
0.2875000000000000	0.5375000000000001	0.0007338174861832
0.3125000000000001	0.5125000000000000	0.0007943329873518
0.3375000000000000	0.5125000000000000	0.0007165611695190
0.3125000000000001	0.5375000000000001	0.0006895045902246
0.3375000000000000	0.5375000000000001	0.0006028830639843
0.3625000000000000	0.5125000000000000	0.0006392309367702
0.3875000000000000	0.5125000000000000	0.0005295142039575
0.3625000000000000	0.5375000000000001	0.0005150324669693
0.3875000000000000	0.5375000000000001	0.0003985920729531
0.4125000000000000	0.5125000000000000	0.0004156735748550
0.4375000000000000	0.5125000000000000	0.0002827570395444
0.4125000000000000	0.5375000000000001	0.0002774006964933
0.4375000000000000	0.5375000000000001	0.0001405702235803
0.4625000000000000	0.5125000000000000	0.0001449917109722
0.4875000000000000	0.5125000000000000	0.0000002408749300
0.4625000000000000	0.5375000000000001	0.0000006574122058
0.4875000000000000	0.5375000000000001	0.0001465799196018
0.5125000000000000	0.5125000000000000	0.0001471902532236
0.5375000000000001	0.5125000000000000	0.0002927615024750
0.5125000000000000	0.5375000000000001	0.0002927615024750
0.5375000000000001	0.5375000000000001	0.0004357036871466
0.5625000000000000	0.5125000000000000	0.0004333876968073
0.5875000000000001	0.5125000000000000	0.0005673210232709
0.5625000000000000	0.5375000000000001	0.0005714168564375
0.5875000000000001	0.5375000000000001	0.0006996466370433
0.6125000000000000	0.5125000000000000	0.0006867300101388
0.6375000000000000	0.5125000000000000	0.0007980993865284
0.6125000000000000	0.5375000000000001	0.0008105151159890
0.6375000000000000	0.5375000000000001	0.0009136712176121
0.6625000000000000	0.5125000000000000	0.0008832813434779
0.6875000000000000	0.5125000000000000	0.0009631584890305
0.6625000000000001	0.5375000000000001	0.0009875875725788
0.6875000000000000	0.5375000000000001	0.0010575648104741
0.7125000000000001	0.5125000000000000	0.0010041025934492
0.7375000000000000	0.5125000000000000	0.0010463680973075
0.7125000000000001	0.5375000000000001	0.0010857024716846
0.7375000000000000	0.5375000000000001	0.0011173671896129
0.7625000000000000	0.5125000000000000	0.0010369949833509
0.7875000000000001	0.5125000000000000	0.0010389707735272
0.7625000000000000	0.5375000000000001	0.0010949738630938
0.7875000000000001	0.5375000000000001	0.0010866873085330
0.8125000000000000	0.5125000000000000	0.0009778227604190
0.8375000000000001	0.5125000000000000	0.0009406473681179
0.8125000000000001	0.5375000000000001	0.0010136313930445
0.8375000000000001	0.5375000000000001	0.0009675236535446
0.8625000000000000	0.5125000000000000	0.0008312159984894
0.8875000000000000	0.5125000000000000	0.0007598642412654
0.8625000000000000	0.5375000000000001	0.0008484992917680
0.8875000000000000	0.5375000000000001	0.0007704042198496
0.9125000000000001	0.5125000000000000	0.0006104219176290
0.9375000000000000	0.5125000000000000	0.0005133100072222
0.9125000000000001	0.5375000000000001	0.0006146659355487
0.9375000000000000	0.5375000000000001	0.0005136539245623
0.9625000000000001	0.5125000000000000	0.0003361958258439
0.9875000000000000	0.5125000000000000	0.0002244001656990
0.9625000000000001	0.5375000000000001	0.0003342200658845
0.9875000000000000	0.5375000000000001	0.0002217544636644
0.0125000000000000	0.5625000000000001	0.0000438468217694
0.0375000000000000	0.5625000000000001	0.0001447829983539
0.0125000000000000	0.5875000000000001	0.0000473100949028
0.0375000000000000	0.5875000000000001	0.0001436178902684
0.0625000000000000	0.5625000000000001	0.0003054950151496
0.0875000000000000	0.5625000000000001	0.0003875854972477
0.0625000000000000	0.5875000000000001	0.0002955486648355
0.0875000000000000	0.5875000000000001	0.0003704676492055
0.1125000000000000	0.5625000000000001	0.0005183978814627
0.1375000000000000	0.5625000000000001	0.0005718915583892
0.1125000000000000	0.5875000000000001	0.0004896474341868
0.1375000000000000	0.5875000000000001	0.0005341724670432
0.1625000000000000	0.5625000000000001	0.0006617179109017
0.1875000000000000	0.5625000000000001	0.0006796617677186
0.1625000000000000	0.5875000000000001	0.0006106023858963
0.1875000000000000	0.5875000000000001	0.0006187023326339
0.2125000000000000	0.5625000000000001	0.0007214297199253
0.2375000000000000	0.5625000000000001	0.0007003442873329
0.2125000000000000	0.5875000000000001	0.0006465688191706
0.2375000000000000	0.5875000000000001	0.0006157724759330
0.2625000000000000	0.5625000000000001	0.0006916824496250
0.2875000000000000	0.5625000000000001	0.0006318942800946
0.2625000000000000	0.5875000000000001	0.0005940112319634
0.2875000000000000	0.5875000000000001	0.0005256416945281
0.3125000000000001	0.5625000000000001	0.0005753532245791
0.3375000000000000	0.5625000000000001	0.0004809495708639
0.3125000000000001	0.5875000000000001	0.0004580314827616
0.3375000000000000	0.5875000000000001	0.0003570644554584
0.3625000000000000	0.5625000000000001	0.0003837285034980
0.3875000000000000	0.5625000000000001	0.0002621341086047
0.3625000000000000	0.5875000000000001	0.0002518364621146
0.3875000000000000	0.5875000000000001	0.0001263927517498
0.4125000000000000	0.5625000000000001	0.0001353338711480
0.4375000000000000	0.5625000000000001	0.0000034491758097
0.4125000000000000	0.5875000000000001	0.0000046122008032
0.4375000000000000	0.5875000000000001	0.0001440918646649
0.4625000000000000	0.5625000000000001	0.0001459678900744
0.4875000000000000	0.5625000000000001	0.0002903714229488
0.4625000000000000	0.5875000000000001	0.0002866335232276
0.4875000000000000	0.5875000000000001	0.0004284426620749
0.5125000000000000	0.5625000000000001	0.0004333876968073
0.5375000000000001	0.5625000000000001	0.0005714168564375
0.5125000000000000	0.5875000000000001	0.0005673210232709
0.5375000000000001	0.5875000000000001	0.0006996466370433
0.5625000000000000	0.5625000000000001	0.0006998309537621
0.5875000000000001	0.5625000000000001	0.0008201941213011
0.5625000000000000	0.5875000000000001	0.0008201941213011
0.5875000000000001	0.5875000000000001	0.0009322406442443
0.6125000000000000	0.5625000000000001	0.0009204130908028
0.6375000000000000	0.5625000000000001	0.0010135229391218
0.6125000000000000	0.5875000000000001	0.0010216838583831
0.6375000000000000	0.5875000000000001	0.0011046363770247
0.6625000000000000	0.5625000000000001	0.0010746172211958
0.6875000000000000	0.5625000000000001	0.0011333912768238
0.6625000000000001	0.5875000000000001	0.0011531848340245
0.6875000000000000	0.5875000000000001	0.0012009343068787
0.7125000000000001	0.5625000000000001	0.0011479665978569
0.7375000000000000	0.5625000000000001	0.0011684109790714
0.7125000000000001	0.5875000000000001	0.0012025345490064
0.7375000000000000	0.5875000000000001	0.0012121518282420
0.7625000000000000	0.5625000000000001	0.0011332099657940
0.7875000000000001	0.5625000000000001	0.0011147960663607
0.7625000000000000	0.5875000000000001	0.0011649317373516
0.7875000000000001	0.5875000000000001	0.0011369190471349
0.8125000000000000	0.5625000000000001	0.0010310542010068
0.8375000000000001	0.5625000000000001	0.0009768714909989
0.8125000000000001	0.5875000000000001	0.0010433798216477
0.8375000000000001	0.5875000000000001	0.0009817125433742
0.8625000000000000	0.5625000000000001	0.0008503861871187
0.8875000000000000	0.5625000000000001	0.0007670014767869
0.8625000000000000	0.5875000000000001	0.0008486684786004
0.8875000000000000	0.5875000000000001	0.0007605785855322
0.9125000000000001	0.5625000000000001	0.0006077970560411
0.9375000000000000	0.5625000000000001	0.0005047436812370
0.9125000000000001	0.5875000000000001	0.0005987466711974
0.9375000000000000	0.5875000000000001	0.0004941677076935
0.9625000000000001	0.5625000000000001	0.0003262384579890
0.9875000000000000	0.5625000000000001	0.0002151392162190
0.9625000000000001	0.5875000000000001	0.0003172963461070
0.9875000000000000	0.5875000000000001	0.0002079571465427
0.0125000000000000	0.6125000000000000	0.0000519678127865
0.0375000000000000	0.6125000000000000	0.0001416087627686
0.0125000000000000	0.6375000000000000	0.0000526831139852
0.0375000000000000	0.6375000000000000	0.0001358682352484
0.0625000000000000	0.6125000000000000	0.0002816484895727
0.0875000000000000	0.6125000000000000	0.0003478022557605
0.0625000000000000	0.6375000000000000	0.0002644272723125
0.0875000000000000	0.6375000000000000	0.0003222682495110
0.1125000000000000	0.6125000000000000	0.0004529209739331
0.1375000000000000	0.6125000000000000	0.0004875151482269
0.1125000000000000	0.6375000000000000	0.0004140247639725
0.1375000000000000	0.6375000000000000	0.0004393400961221
0.1625000000000000	0.6125000000000000	0.0005490085603123
0.1875000000000000	0.6125000000000000	0.0005470584963066
0.1625000000000000	0.6375000000000000	0.0004868184363593
0.1875000000000000	0.6375000000000000	0.0004756090008920
0.2125000000000000	0.6125000000000000	0.0005604922393464
0.2375000000000000	0.6125000000000000	0.0005205858411295
0.2125000000000000	0.6375000000000000	0.0004756667434451
0.2375000000000000	0.6375000000000000	0.0004275047970096
0.2625000000000000	0.6125000000000000	0.0004862259156811
0.2875000000000000	0.6125000000000000	0.0004106561573907
0.2625000000000000	0.6375000000000000	0.0003816372637033
0.2875000000000000	0.6375000000000000	0.0002997033806433
0.3125000000000001	0.6125000000000000	0.0003334352259232
0.3375000000000000	0.6125000000000000	0.0002279665795910
0.3125000000000001	0.6375000000000000	0.0002138903419313
0.3375000000000000	0.6375000000000000	0.0001046539332544
0.3625000000000000	0.6125000000000000	0.0001169857809170
0.3875000000000000	0.6125000000000000	0.0000097255895363
0.3625000000000000	0.6375000000000000	0.0000112392712696
0.3875000000000000	0.6375000000000000	0.0001386668581073
0.4125000000000000	0.6125000000000000	0.0001421168167551
0.4375000000000000	0.6125000000000000	0.0002793957588483
0.4125000000000000	0.6375000000000000	0.0002718804086923
0.4375000000000000	0.6375000000000000	0.0004066600959945
0.4625000000000000	0.6125000000000000	0.0004188544870054
0.4875000000000000	0.6125000000000000	0.0005550844687826
0.4625000000000000	0.6375000000000000	0.0005428297400282
0.4875000000000000	0.6375000000000000	0.0006734861035592
0.5125000000000000	0.6125000000000000	0.0006867300101388
0.5375000000000001	0.6125000000000000	0.0008105151159890
0.5125000000000000	0.6375000000000000	0.0007980993865284
0.5375000000000001	0.6375000000000000	0.0009136712176121
0.5625000000000000	0.6125000000000000	0.0009204130908029
0.5875000000000001	0.6125000000000000	0.0010216838583831
0.5625000000000000	0.6375000000000000	0.0010135229391218
0.5875000000000001	0.6375000000000000	0.0011046363770247
0.6125000000000000	0.6125000000000000	0.0010981716441152
0.6375000000000000	0.6125000000000000	0.0011691008304099
0.6125000000000000	0.6375000000000000	0.0011691008304098
0.6375000000000000	0.6375000000000000	0.0012288318496882
0.6625000000000000	0.6125000000000000	0.0012037960171364
0.6875000000000000	0.6125000000000000	0.0012394336051296
0.6625000000000001	0.6375000000000000	0.0012507912164158
0.6875000000000000	0.6375000000000000	0.0012752223179456
0.7125000000000001	0.6125000000000000	0.0012278459770724
0.7375000000000000	0.6125000000000000	0.0012264557111535
0.7125000000000001	0.6375000000000000	0.0012515632205250
0.7375000000000000	0.6375000000000000	0.0012400123527332
0.7625000000000000	0.6125000000000000	0.0011682302978063
0.7875000000000001	0.6125000000000000	0.0011313781403295
0.7625000000000000	0.6375000000000000	0.0011717149911162
0.7875000000000001	0.6375000000000000	0.0011266955871130
0.8125000000000000	0.6125000000000000	0.0010302708368275
0.8375000000000001	0.6125000000000000	0.0009627270629529
0.8125000000000001	0.6375000000000000	0.0010186376198179
0.8375000000000001	0.6375000000000000	0.0009456412630895
0.8625000000000000	0.6125000000000000	0.0008263866515170
0.8875000000000000	0.6125000000000000	0.0007358378089050
0.8625000000000000	0.6375000000000000	0.0008062392710827
0.8875000000000000	0.6375000000000000	0.0007133749189902
0.9125000000000001	0.6125000000000000	0.0005753448029638
0.9375000000000000	0.6125000000000000	0.0004718348461057
0.9125000000000001	0.6375000000000000	0.0005540604811948
0.9375000000000000	0.6375000000000000	0.0004514813481278
0.9625000000000001	0.6125000000000000	0.0003008602038897
0.9875000000000000	0.6125000000000000	0.0001959052912630
0.9625000000000001	0.6375000000000000	0.0002858716987178
0.9875000000000000	0.6375000000000000	0.0001849065692656
0.0125000000000000	0.6625000000000001	0.0000533978255525
0.0375000000000000	0.6625000000000001	0.0001279507119513
0.0125000000000000	0.6875000000000001	0.0000515127123210
0.0375000000000000	0.6875000000000001	0.0001184258872623
0.0625000000000000	0.6625000000000001	0.0002417967298075
0.0875000000000000	0.6625000000000001	0.0002898833778613
0.0625000000000000	0.6875000000000001	0.0002191862140459
0.0875000000000000	0.6875000000000001	0.0002586041427974
0.1125000000000000	0.6625000000000001	0.0003660955585672
0.1375000000000000	0.6625000000000001	0.0003816030716115
0.1125000000000000	0.6875000000000001	0.0003209522731293
0.1375000000000000	0.6875000000000001	0.0003277134230968
0.1625000000000000	0.6625000000000001	0.0004141125385823
0.1875000000000000	0.6625000000000001	0.0003941153039699
0.1625000000000000	0.6875000000000001	0.0003468353053850
0.1875000000000000	0.6875000000000001	0.0003189730565649
0.2125000000000000	0.6625000000000001	0.0003811295550073
0.2375000000000000	0.6625000000000001	0.0003261741914065
0.2125000000000000	0.6875000000000001	0.0002942840107991
0.2375000000000000	0.6875000000000001	0.0002332182107618
0.2625000000000000	0.6625000000000001	0.0002703509202603
0.2875000000000000	0.6625000000000001	0.0001843994125568
0.2625000000000000	0.6875000000000001	0.0001684191139868
0.2875000000000000	0.6875000000000001	0.0000788144678414
0.3125000000000001	0.6625000000000001	0.0000925817559026
0.3375000000000000	0.6625000000000001	0.0000173821190386
0.3125000000000001	0.6875000000000001	0.0000184742595241
0.3375000000000000	0.6875000000000001	0.0001291696295409
0.3625000000000000	0.6625000000000001	0.0001348448903442
0.3875000000000000	0.6625000000000001	0.0002595089084602
0.3625000000000000	0.6875000000000001	0.0002481619640081
0.3875000000000000	0.6875000000000001	0.0003704538297996
0.4125000000000000	0.6625000000000001	0.0003897932372162
0.4375000000000000	0.6625000000000001	0.0005184453539875
0.4125000000000000	0.6875000000000001	0.0004982697535062
0.4375000000000000	0.6875000000000001	0.0006215615436190
0.4625000000000000	0.6625000000000001	0.0006475423591766
0.4875000000000000	0.6625000000000001	0.0007691460998142
0.4625000000000000	0.6875000000000001	0.0007445165909647
0.4875000000000000	0.6875000000000001	0.0008581700110529
0.5125000000000000	0.6625000000000001	0.0008832813434778
0.5375000000000001	0.6625000000000001	0.0009875875725789
0.5125000000000000	0.6875000000000001	0.0009631584890305
0.5375000000000001	0.6875000000000001	0.0010575648104741
0.5625000000000000	0.6625000000000001	0.0010746172211958
0.5875000000000001	0.6625000000000001	0.0011531848340246
0.5625000000000000	0.6875000000000001	0.0011333912768239
0.5875000000000001	0.6875000000000001	0.0012009343068786
0.6125000000000000	0.6625000000000001	0.0012037960171365
0.6375000000000000	0.6625000000000001	0.0012507912164158
0.6125000000000000	0.6875000000000001	0.0012394336051296
0.6375000000000000	0.6875000000000001	0.0012752223179456
0.6625000000000000	0.6625000000000001	0.0012593433735329
0.6875000000000000	0.6625000000000001	0.0012720133848267
0.6625000000000001	0.6875000000000001	0.0012720133848266
0.6875000000000000	0.6875000000000001	0.0012742819744533
0.7125000000000001	0.6625000000000001	0.0012369138728091
0.7375000000000000	0.6625000000000001	0.0012156976386522
0.7125000000000001	0.6875000000000001	0.0012290453428983
0.7375000000000000	0.6875000000000001	0.0011991761695527
0.7625000000000000	0.6625000000000001	0.0011393164169563
0.7875000000000001	0.6625000000000001	0.0010876503686195
0.7625000000000000	0.6875000000000001	0.0011154462059771
0.7875000000000001	0.6875000000000001	0.0010576665147603
0.8125000000000000	0.6625000000000001	0.0009759094721648
0.8375000000000001	0.6625000000000001	0.0008998575924493
0.8125000000000001	0.6875000000000001	0.0009422692090447
0.8375000000000001	0.6875000000000001	0.0008631638780378
0.8625000000000000	0.6625000000000001	0.0007616888758601
0.8875000000000000	0.6625000000000001	0.0006694987917012
0.8625000000000000	0.6875000000000001	0.0007255264664234
0.8875000000000000	0.6875000000000001	0.0006335126725000
0.9125000000000001	0.6625000000000001	0.0005162602357190
0.9375000000000000	0.6625000000000001	0.0004178151259346
0.9125000000000001	0.6875000000000001	0.0004850053215751
0.9375000000000000	0.6875000000000001	0.0003897833684281
0.9625000000000001	0.6625000000000001	0.0002625481641013
0.9875000000000000	0.6625000000000001	0.0001685879752352
0.9625000000000001	0.6875000000000001	0.0002430194637566
0.9875000000000000	0.6875000000000001	0.0001548604977667
0.0125000000000000	0.7125000000000000	0.0000487772922505
0.0375000000000000	0.7125000000000000	0.0001060102162420
0.0125000000000000	0.7375000000000000	0.0000448150111716
0.0375000000000000	0.7375000000000000	0.0000939831332890
0.0625000000000000	0.7125000000000000	0.0001907714269257
0.0875000000000000	0.7125000000000000	0.0002204996962541
0.0625000000000000	0.7375000000000000	0.0001653097738957
0.0875000000000000	0.7375000000000000	0.0001868332963289
0.1125000000000000	0.7125000000000000	0.0002674649419237
0.1375000000000000	0.7125000000000000	0.0002656169186797
0.1125000000000000	0.7375000000000000	0.0002207150589303
0.1375000000000000	0.7375000000000000	0.0002114440319606
0.1625000000000000	0.7125000000000000	0.0002713386995777
0.1875000000000000	0.7125000000000000	0.0002369314441689
0.1625000000000000	0.7375000000000000	0.0002055975009777
0.1875000000000000	0.7375000000000000	0.0001653941209410
0.2125000000000000	0.7125000000000000	0.0002019969525911
0.2375000000000000	0.7125000000000000	0.0001372321536745
0.2125000000000000	0.7375000000000000	0.0001214218847300
0.2375000000000000	0.7375000000000000	0.0000531739431590
0.2625000000000000	0.7125000000000000	0.0000662058740324
0.2875000000000000	0.7125000000000000	0.0000237471048812
0.2625000000000000	0.7375000000000000	0.0000235918086316
0.2875000000000000	0.7375000000000000	0.0001142545300281
0.3125000000000001	0.7125000000000000	0.0001227720050555
0.3375000000000000	0.7125000000000000	0.0002302851081895
0.3125000000000001	0.7375000000000000	0.0002152750589019
0.3375000000000000	0.7375000000000000	0.0003205341134434
0.3625000000000000	0.7125000000000000	0.0003464837164678
0.3875000000000000	0.7125000000000000	0.0004622220944332
0.3625000000000000	0.7375000000000000	0.0004349035425632
0.3875000000000000	0.7375000000000000	0.0005455212674132
0.4125000000000000	0.7125000000000000	0.0005831076160943
0.4375000000000000	0.7125000000000000	0.0006969530324196
0.4125000000000000	0.7375000000000000	0.0006610421643803
0.4375000000000000	0.7375000000000000	0.0007672735479857
0.4625000000000000	0.7125000000000000	0.0008096199044745
0.4875000000000000	0.7125000000000000	0.0009116789087178
0.4625000000000000	0.7375000000000000	0.0008716674899737
0.4875000000000000	0.7375000000000000	0.0009642283158440
0.5125000000000000	0.7125000000000000	0.0010041025934491
0.5375000000000001	0.7125000000000000	0.0010857024716846
0.5125000000000000	0.7375000000000000	0.0010463680973076
0.5375000000000001	0.7375000000000000	0.0011173671896129
0.5625000000000000	0.7125000000000000	0.0011479665978570
0.5875000000000001	0.7125000000000000	0.0012025345490064
0.5625000000000000	0.7375000000000000	0.0011684109790714
0.5875000000000001	0.7375000000000000	0.0012121518282420
0.6125000000000000	0.7125000000000000	0.0012278459770724
0.6375000000000000	0.7125000000000000	0.0012515632205249
0.6125000000000000	0.7375000000000000	0.0012264557111534
0.6375000000000000	0.7375000000000000	0.0012400123527332
0.6625000000000000	0.7125000000000000	0.0012369138728091
0.6875000000000000	0.7125000000000000	0.0012290453428983
0.6625000000000001	0.7375000000000000	0.0012156976386523
0.6875000000000000	0.7375000000000000	0.0011991761695527
0.7125000000000001	0.7125000000000000	0.0011754039777437
0.7375000000000000	0.7125000000000000	0.0011382437743249
0.7125000000000001	0.7375000000000000	0.0011382437743249
0.7375000000000000	0.7375000000000000	0.0010946692228129
0.7625000000000000	0.7125000000000000	0.0010502383284535
0.7875000000000001	0.7125000000000000	0.0009886975384083
0.7625000000000000	0.7375000000000000	0.0010026113246067
0.7875000000000001	0.7375000000000000	0.0009374509530862
0.8125000000000000	0.7125000000000000	0.0008738903971474
0.8375000000000001	0.7125000000000000	0.0007948706030412
0.8125000000000001	0.7375000000000000	0.0008224348170501
0.8375000000000001	0.7375000000000000	0.0007428854008707
0.8625000000000000	0.7125000000000000	0.0006628798567138
0.8875000000000000	0.7125000000000000	0.0005746391259018
0.8625000000000000	0.7375000000000000	0.0006147510515368
0.8875000000000000	0.7375000000000000	0.0005290162009192
0.9125000000000001	0.7125000000000000	0.0004363747874971
0.9375000000000000	0.7125000000000000	0.0003479921787295
0.9125000000000001	0.7375000000000000	0.0003984095221686
0.9375000000000000	0.7375000000000000	0.0003151414247789
0.9625000000000001	0.7125000000000000	0.0002150443460329
0.9875000000000000	0.7125000000000000	0.0001358557030988
0.9625000000000001	0.7375000000000000	0.0001929219272027
0.9875000000000000	0.7375000000000000	0.0001207485126963
0.0125000000000000	0.7625000000000000	0.0000395719407276
0.0375000000000000	0.7625000000000000	0.0000790318028045
0.0125000000000000	0.7875000000000001	0.0000343425634287
0.0375000000000000	0.7875000000000001	0.0000661109806800
0.0625000000000000	0.7625000000000000	0.0001347431276321
0.0875000000000000	0.7625000000000000	0.0001476904966501
0.0625000000000000	0.7874999999999999	0.0001093328874706
0.0875000000000000	0.7874999999999999	0.0001153120223940
0.1125000000000000	0.7625000000000000	0.0001679900979779
0.1375000000000000	0.7625000000000000	0.0001522697311184
0.1125000000000000	0.7874999999999999	0.0001245187897063
0.1375000000000000	0.7874999999999999	0.0001033584019075
0.1625000000000000	0.7625000000000000	0.0001360525827503
0.1875000000000000	0.7625000000000000	0.0000923126412029
0.1625000000000000	0.7874999999999999	0.0000784107532115
0.1875000000000000	0.7874999999999999	0.0000314143534112
0.2125000000000000	0.7625000000000000	0.0000420445448806
0.2375000000000000	0.7625000000000000	0.0000263265820478
0.2125000000000000	0.7874999999999999	0.0000244877888475
0.2375000000000000	0.7874999999999999	0.0000934902031999
0.2625000000000000	0.7625000000000000	0.0001048492923678
0.2875000000000000	0.7625000000000000	0.0001920548849143
0.2625000000000000	0.7874999999999999	0.0001741197499914
0.2875000000000000	0.7874999999999999	0.0002591465679667
0.3125000000000001	0.7625000000000000	0.0002902725656161
0.3375000000000000	0.7625000000000000	0.0003886760193690
0.3125000000000001	0.7874999999999999	0.0003558582706156
0.3375000000000000	0.7874999999999999	0.0004493623747800
0.3625000000000000	0.7625000000000000	0.0004961048985449
0.3875000000000000	0.7625000000000000	0.0005969793247982
0.3625000000000000	0.7874999999999999	0.0005519397030256
0.3875000000000000	0.7874999999999999	0.0006455486694840
0.4125000000000000	0.7625000000000000	0.0007022416685382
0.4375000000000000	0.7625000000000000	0.0007966282009180
0.4125000000000000	0.7874999999999999	0.0007432065176686
0.4375000000000000	0.7874999999999999	0.0008285450481456
0.4625000000000000	0.7625000000000000	0.0008885756987406
0.4875000000000000	0.7625000000000000	0.0009681691121625
0.4625000000000000	0.7874999999999999	0.0009109923254364
0.4875000000000000	0.7874999999999999	0.0009805082756261
0.5125000000000000	0.7625000000000000	0.0010369949833509
0.5375000000000001	0.7625000000000000	0.0010949738630937
0.5125000000000000	0.7874999999999999	0.0010389707735272
0.5375000000000001	0.7874999999999999	0.0010866873085331
0.5625000000000000	0.7625000000000000	0.0011332099657941
0.5875000000000001	0.7625000000000000	0.0011649317373516
0.5625000000000000	0.7874999999999999	0.0011147960663606
0.5875000000000001	0.7874999999999999	0.0011369190471349
0.6125000000000000	0.7625000000000000	0.0011682302978064
0.6375000000000000	0.7625000000000000	0.0011717149911163
0.6125000000000000	0.7874999999999999	0.0011313781403296
0.6375000000000000	0.7874999999999999	0.0011266955871131
0.6625000000000000	0.7625000000000000	0.0011393164169563
0.6875000000000000	0.7625000000000000	0.0011154462059771
0.6625000000000001	0.7874999999999999	0.0010876503686196
0.6875000000000000	0.7874999999999999	0.0010576665147604
0.7125000000000001	0.7625000000000000	0.0010502383284536
0.7375000000000000	0.7625000000000000	0.0010026113246067
0.7125000000000001	0.7874999999999999	0.0009886975384082
0.7375000000000000	0.7874999999999999	0.0009374509530861
0.7625000000000000	0.7625000000000000	0.0009107122157034
0.7875000000000001	0.7625000000000000	0.0008451326387156
0.7625000000000000	0.7874999999999999	0.0008451326387156
0.7875000000000001	0.7874999999999999	0.0007786743568841
0.8125000000000000	0.7625000000000000	0.0007350187494871
0.8375000000000001	0.7625000000000000	0.0006587093993587
0.8125000000000001	0.7874999999999999	0.0006716965555888
0.8375000000000001	0.7874999999999999	0.0005972832134539
0.8625000000000000	0.7625000000000000	0.0005400856401435
0.8875000000000000	0.7625000000000000	0.0004608523782560
0.8625000000000000	0.7874999999999999	0.0004852807101045
0.8875000000000000	0.7874999999999999	0.0004104810415073
0.9125000000000001	0.7625000000000000	0.0003436358782826
0.9375000000000000	0.7625000000000000	0.0002692607847750
0.9125000000000001	0.7874999999999999	0.0003029209321042
0.9375000000000000	0.7874999999999999	0.0002349455005059
0.9625000000000001	0.7625000000000000	0.0001629883689705
0.9875000000000000	0.7625000000000000	0.0001008965772565
0.9625000000000001	0.7875000000000001	0.0001404755301511
0.9875000000000000	0.7875000000000001	0.0000858905204670
0.0125000000000000	0.8125000000000001	0.0000278378837061
0.0375000000000000	0.8125000000000001	0.0000508912680586
0.0125000000000000	0.8375000000000000	0.0000223148047957
0.0375000000000000	0.8375000000000000	0.0000388092932643
0.0625000000000000	0.8125000000000000	0.0000805209193737
0.0875000000000000	0.8125000000000000	0.0000799765951575
0.0625000000000000	0.8375000000000000	0.0000580994273453
0.0875000000000000	0.8375000000000000	0.0000524719493666
0.1125000000000000	0.8125000000000000	0.0000788731665266
0.1375000000000000	0.8125000000000000	0.0000541732668040
0.1125000000000000	0.8375000000000000	0.0000432846700872
0.1375000000000000	0.8375000000000000	0.0000155902096025
0.1625000000000000	0.8125000000000000	0.0000230583294925
0.1875000000000000	0.8125000000000000	0.0000239939019476
0.1625000000000000	0.8375000000000000	0.0000206734598073
0.1875000000000000	0.8375000000000000	0.0000682232948864
0.2125000000000000	0.8125000000000000	0.0000814659546427
0.2375000000000000	0.8125000000000000	0.0001468822912274
0.2125000000000000	0.8375000000000000	0.0001275171163607
0.2375000000000000	0.8375000000000000	0.0001907702486843
0.2625000000000000	0.8125000000000000	0.0002244806285562
0.2875000000000000	0.8125000000000000	0.0003024779229496
0.2625000000000000	0.8375000000000000	0.0002667975889592
0.2875000000000000	0.8375000000000000	0.0003400675112574
0.3125000000000001	0.8125000000000000	0.0003920040982541
0.3375000000000000	0.8125000000000000	0.0004755703415796
0.3125000000000001	0.8375000000000000	0.0004248965170749
0.3375000000000000	0.8375000000000000	0.0005015187011928
0.3625000000000000	0.8125000000000000	0.0005676602635744
0.3875000000000000	0.8125000000000000	0.0006492413142460
0.3625000000000000	0.8375000000000000	0.0005863579125675
0.3875000000000000	0.8375000000000000	0.0006593422395259
0.4125000000000000	0.8125000000000000	0.0007342822065947
0.4375000000000000	0.8125000000000000	0.0008065220950487
0.4125000000000000	0.8375000000000000	0.0007354009828242
0.4375000000000000	0.8375000000000000	0.0007981163801778
0.4625000000000000	0.8125000000000000	0.0008755958224597
0.4875000000000000	0.8125000000000000	0.0009320591699720
0.4625000000000000	0.8375000000000000	0.0008574664078470
0.4875000000000000	0.8375000000000000	0.0009042912140289
0.5125000000000000	0.8125000000000000	0.0009778227604190
0.5375000000000001	0.8125000000000000	0.0010136313930444
0.5125000000000000	0.8375000000000000	0.0009406473681179
0.5375000000000001	0.8375000000000000	0.0009675236535446
0.5625000000000000	0.8125000000000000	0.0010310542010069
0.5875000000000001	0.8125000000000000	0.0010433798216476
0.5625000000000000	0.8375000000000000	0.0009768714909989
0.5875000000000001	0.8375000000000000	0.0009817125433743
0.6125000000000000	0.8125000000000000	0.0010302708368274
0.6375000000000000	0.8125000000000000	0.0010186376198180
0.6125000000000000	0.8375000000000000	0.0009627270629529
0.6375000000000000	0.8375000000000000	0.0009456412630895
0.6625000000000000	0.8125000000000000	0.0009759094721649
0.6875000000000000	0.8125000000000000	0.0009422692090449
0.6625000000000001	0.8375000000000000	0.0008998575924493
0.6875000000000000	0.8375000000000000	0.0008631638780378
0.7125000000000001	0.8125000000000000	0.0008738903971474
0.7375000000000000	0.8125000000000000	0.0008224348170501
0.7125000000000001	0.8375000000000000	0.0007948706030412
0.7375000000000000	0.8375000000000000	0.0007428854008707
0.7625000000000000	0.8125000000000000	0.0007350187494872
0.7875000000000001	0.8125000000000000	0.0006716965555889
0.7625000000000000	0.8375000000000000	0.0006587093993588
0.7875000000000001	0.8375000000000000	0.0005972832134539
0.8125000000000000	0.8125000000000000	0.0005736899506327
0.8375000000000001	0.8125000000000000	0.0005054331590206
0.8125000000000001	0.8375000000000000	0.0005054331590206
0.8375000000000001	0.8375000000000000	0.0004412284590005
0.8625000000000000	0.8125000000000000	0.0004059599779118
0.8875000000000000	0.8125000000000000	0.0003397477100302
0.8625000000000000	0.8375000000000000	0.0003504123213411
0.8875000000000000	0.8375000000000000	0.0002899965734069
0.9125000000000001	0.8125000000000000	0.0002473895760608
0.9375000000000000	0.8125000000000000	0.0001894720436653
0.9125000000000001	0.8375000000000000	0.0002082043429466
0.9375000000000000	0.8375000000000000	0.0001572227558179
0.9625000000000001	0.8125000000000001	0.0001114887990534
0.9875000000000000	0.8125000000000001	0.0000671178545947
0.9625000000000001	0.8375000000000000	0.0000908433373305
0.9875000000000000	0.8375000000000000	0.0000536870332971
0.0125000000000000	0.8625000000000000	0.0000159162894367
0.0375000000000000	0.8625000000000000	0.0000256106806947
0.0125000000000000	0.8875000000000000	0.0000110936714506
0.0375000000000000	0.8875000000000000	0.0000160070652604
0.0625000000000000	0.8625000000000000	0.0000347790443783
0.0875000000000000	0.8625000000000000	0.0000254173843771
0.0625000000000000	0.8875000000000000	0.0000179829194905
0.0875000000000000	0.8875000000000000	0.0000058839186397
0.1125000000000000	0.8625000000000000	0.0000103498806393
0.1375000000000000	0.8625000000000000	0.0000175102714455
0.1125000000000000	0.8875000000000000	0.0000135321595739
0.1375000000000000	0.8875000000000000	0.0000417218880521
0.1625000000000000	0.8625000000000000	0.0000549677922715
0.1875000000000000	0.8625000000000000	0.0000989619966132
0.1625000000000000	0.8875000000000000	0.0000803507415636
0.1875000000000000	0.8875000000000000	0.0001221383178281
0.2125000000000000	0.8625000000000000	0.0001547778360410
0.2375000000000000	0.8625000000000000	0.0002109659789861
0.2125000000000000	0.8875000000000000	0.0001759260653413
0.2375000000000000	0.8875000000000000	0.0002274912884765
0.2625000000000000	0.8625000000000000	0.0002793161442413
0.2875000000000000	0.8625000000000000	0.0003425676857032
0.2625000000000000	0.8875000000000000	0.0002909052443344
0.2875000000000000	0.8875000000000000	0.0003474741519580
0.3125000000000001	0.8625000000000000	0.0004164047324914
0.3375000000000000	0.8625000000000000	0.0004809004728875
0.3125000000000001	0.8875000000000000	0.0004140432484311
0.3375000000000000	0.8875000000000000	0.0004703549422985
0.3625000000000000	0.8625000000000000	0.0005526421775266
0.3875000000000000	0.8625000000000000	0.0006124435134501
0.3625000000000000	0.8875000000000000	0.0005333019709150
0.3875000000000000	0.8875000000000000	0.0005841231296296
0.4125000000000000	0.8625000000000000	0.0006747140384146
0.4375000000000000	0.8625000000000000	0.0007243438748456
0.4125000000000000	0.8875000000000000	0.0006370270222870
0.4375000000000000	0.8875000000000000	0.0006776636837301
0.4625000000000000	0.8625000000000000	0.0007706949786164
0.4875000000000000	0.8625000000000000	0.0008056734248128
0.4625000000000000	0.8875000000000000	0.0007150870327029
0.4875000000000000	0.8875000000000000	0.0007418434407497
0.5125000000000000	0.8625000000000000	0.0008312159984894
0.5375000000000001	0.8625000000000000	0.0008484992917681
0.5125000000000000	0.8875000000000000	0.0007598642412654
0.5375000000000001	0.8875000000000000	0.0007704042198497
0.5625000000000000	0.8625000000000000	0.0008503861871186
0.5875000000000001	0.8625000000000000	0.0008486684786005
0.5625000000000000	0.8875000000000000	0.0007670014767869
0.5875000000000001	0.8875000000000000	0.0007605785855323
0.6125000000000000	0.8625000000000000	0.0008263866515170
0.6375000000000000	0.8625000000000000	0.0008062392710826
0.6125000000000000	0.8875000000000000	0.0007358378089050
0.6375000000000000	0.8875000000000000	0.0007133749189902
0.6625000000000000	0.8625000000000000	0.0007616888758601
0.6875000000000000	0.8625000000000000	0.0007255264664235
0.6625000000000001	0.8875000000000000	0.0006694987917012
0.6875000000000000	0.8875000000000000	0.0006335126724999
0.7125000000000001	0.8625000000000000	0.0006628798567138
0.7375000000000000	0.8625000000000000	0.0006147510515368
0.7125000000000001	0.8875000000000000	0.0005746391259018
0.7375000000000000	0.8875000000000000	0.0005290162009192
0.7625000000000000	0.8625000000000000	0.0005400856401435
0.7875000000000001	0.8625000000000000	0.0004852807101045
0.7625000000000000	0.8875000000000000	0.0004608523782560
0.7875000000000001	0.8875000000000000	0.0004104810415073
0.8125000000000000	0.8625000000000000	0.0004059599779118
0.8375000000000001	0.8625000000000000	0.0003504123213411
0.8125000000000001	0.8875000000000000	0.0003397477100303
0.8375000000000001	0.8875000000000000	0.0002899965734070
0.8625000000000000	0.8625000000000000	0.0002741740688224
0.8875000000000000	0.8625000000000000	0.0002236497390421
0.8625000000000000	0.8875000000000000	0.0002236497390421
0.8875000000000000	0.8875000000000000	0.0001796706925576
0.9125000000000001	0.8625000000000000	0.0001574508169416
0.9375000000000000	0.8625000000000000	0.0001166733793561
0.9125000000000001	0.8875000000000000	0.0001238917707136
0.9375000000000000	0.8875000000000000	0.0000898069558740
0.9625000000000001	0.8625000000000000	0.0000656625527568
0.9875000000000000	0.8625000000000000	0.0000378326188175
0.9625000000000001	0.8875000000000000	0.0000489811054232
0.9875000000000000	0.8875000000000000	0.0000273024064077
0.0125000000000000	0.9125000000000001	0.0000060956766442
0.0375000000000000	0.9125000000000001	0.0000068556638961
0.0125000000000000	0.9375000000000001	0.0000028448995143
0.0375000000000000	0.9375000000000001	0.0000010702302689
0.0625000000000000	0.9125000000000001	0.0000032934480513
0.0875000000000000	0.9125000000000001	0.0000092888461783
0.0625000000000000	0.9375000000000001	0.0000058461838491
0.0875000000000000	0.9375000000000001	0.0000185921335579
0.1125000000000000	0.9125000000000001	0.0000294245555015
0.1375000000000000	0.9125000000000001	0.0000542739524266
0.1125000000000000	0.9375000000000001	0.0000389785846853
0.1375000000000000	0.9375000000000001	0.0000615374607423
0.1625000000000000	0.9125000000000001	0.0000888332290987
0.1875000000000000	0.9125000000000001	0.0001236778688765
0.1625000000000000	0.9375000000000001	0.0000932827544111
0.1875000000000000	0.9375000000000001	0.0001235396476667
0.2125000000000000	0.9125000000000001	0.0001691051336154
0.2375000000000000	0.9125000000000001	0.0002106988925918
0.2125000000000000	0.9375000000000001	0.0001634268150049
0.2375000000000000	0.9375000000000001	0.0001985174530981
0.2625000000000000	0.9125000000000001	0.0002623803564903
0.2875000000000000	0.9125000000000001	0.0003068202996344
0.2625000000000000	0.9375000000000001	0.0002425382993327
0.2875000000000000	0.9375000000000001	0.0002791292297342
0.3125000000000001	0.9125000000000001	0.0003595346189246
0.3375000000000000	0.9125000000000001	0.0004026425484196
0.3125000000000001	0.9375000000000001	0.0003228759031272
0.3375000000000000	0.9375000000000001	0.0003574903467753
0.3625000000000000	0.9125000000000001	0.0004510707641357
0.3875000000000000	0.9125000000000001	0.0004888016387934
0.3625000000000000	0.9375000000000001	0.0003965857626524
0.3875000000000000	0.9375000000000001	0.0004259433686878
0.4125000000000000	0.9125000000000001	0.0005280465811731
0.4375000000000000	0.9125000000000001	0.0005568837915218
0.4125000000000000	0.9375000000000001	0.0004564684827799
0.4375000000000000	0.9375000000000001	0.0004778057538039
0.4625000000000000	0.9125000000000001	0.0005829480108634
0.4875000000000000	0.9125000000000001	0.0006002465856372
0.4625000000000000	0.9375000000000001	0.0004966818308986
0.4875000000000000	0.9375000000000001	0.0005080216923967
0.5125000000000000	0.9125000000000001	0.0006104219176290
0.5375000000000001	0.9125000000000001	0.0006146659355487
0.5125000000000000	0.9375000000000001	0.0005133100072222
0.5375000000000001	0.9375000000000001	0.0005136539245623
0.5625000000000000	0.9125000000000001	0.0006077970560411
0.5875000000000001	0.9125000000000001	0.0005987466711974
0.5625000000000000	0.9375000000000001	0.0005047436812370
0.5875000000000001	0.9375000000000001	0.0004941677076935
0.6125000000000000	0.9125000000000001	0.0005753448029638
0.6375000000000000	0.9125000000000001	0.0005540604811947
0.6125000000000000	0.9375000000000001	0.0004718348461058
0.6375000000000000	0.9375000000000001	0.0004514813481277
0.6625000000000000	0.9125000000000001	0.0005162602357189
0.6875000000000000	0.9125000000000001	0.0004850053215751
0.6625000000000001	0.9375000000000001	0.0004178151259346
0.6875000000000000	0.9375000000000001	0.0003897833684281
0.7125000000000001	0.9125000000000001	0.0004363747874971
0.7375000000000000	0.9125000000000001	0.0003984095221687
0.7125000000000001	0.9375000000000001	0.0003479921787295
0.7375000000000000	0.9375000000000001	0.0003151414247789
0.7625000000000000	0.9125000000000001	0.0003436358782826
0.7875000000000001	0.9125000000000001	0.0003029209321042
0.7625000000000000	0.9375000000000001	0.0002692607847750
0.7875000000000001	0.9375000000000001	0.0002349455005060
0.8125000000000000	0.9125000000000001	0.0002473895760608
0.8375000000000001	0.9125000000000001	0.0002082043429466
0.8125000000000001	0.9375000000000001	0.0001894720436653
0.8375000000000001	0.9375000000000001	0.0001572227558179
0.8625000000000000	0.9125000000000001	0.0001574508169416
0.8875000000000000	0.9125000000000001	0.0001238917707136
0.8625000000000000	0.9375000000000001	0.0001166733793562
0.8875000000000000	0.9375000000000001	0.0000898069558740
0.9125000000000001	0.9125000000000001	0.0000828416155699
0.9375000000000000	0.9125000000000001	0.0000581409431335
0.9125000000000001	0.9375000000000001	0.0000581409431335
0.9375000000000000	0.9375000000000001	0.0000392372658980
0.9625000000000001	0.9125000000000001	0.0000301233464465
0.9875000000000000	0.9125000000000001	0.0000159298076879
0.9625000000000001	0.9375000000000001	0.0000190561878679
0.9875000000000000	0.9375000000000001	0.0000093003016133
0.0125000000000000	0.9625000000000000	0.0000002844098470
0.0375000000000000	0.9625000000000000	0.0000025265626663
0.0125000000000000	0.9875000000000000	0.0000007720438557
0.0375000000000000	0.9875000000000000	0.0000036252423132
0.0625000000000000	0.9625000000000000	0.0000097282298773
0.0875000000000000	0.9625000000000000	0.0000195648929383
0.0625000000000000	0.9875000000000000	0.0000100257443765
0.0875000000000000	0.9875000000000000	0.0000174792760716
0.1125000000000000	0.9625000000000000	0.0000352795693584
0.1375000000000000	0.9625000000000000	0.0000512043719318
0.1125000000000000	0.9875000000000000	0.0000293843193471
0.1375000000000000	0.9875000000000000	0.0000407030187058
0.1625000000000000	0.9625000000000000	0.0000738360358711
0.1875000000000000	0.9625000000000000	0.0000943195140682
0.1625000000000000	0.9875000000000000	0.0000569167335710
0.1875000000000000	0.9875000000000000	0.0000709909231015
0.2125000000000000	0.9625000000000000	0.0001216010171724
0.2375000000000000	0.9625000000000000	0.0001446718627316
0.2125000000000000	0.9875000000000000	0.0000899012761863
0.2375000000000000	0.9875000000000000	0.0001053558867909
0.2625000000000000	0.9625000000000000	0.0001738868625207
0.2875000000000000	0.9625000000000000	0.0001973248466057
0.2625000000000000	0.9875000000000000	0.0001250927547597
0.2875000000000000	0.9875000000000000	0.0001404220227879
0.3125000000000001	0.9625000000000000	0.0002255732177750
0.3375000000000000	0.9625000000000000	0.0002471261612491
0.3125000000000001	0.9875000000000000	0.0001590400167484
0.3375000000000000	0.9875000000000000	0.0001727546199487
0.3625000000000000	0.9625000000000000	0.0002716070354715
0.3875000000000000	0.9625000000000000	0.0002892107081331
0.3625000000000000	0.9875000000000000	0.0001884228592519
0.3875000000000000	0.9875000000000000	0.0001991951928670
0.4125000000000000	0.9625000000000000	0.0003074955710110
0.4375000000000000	0.9625000000000000	0.0003194750623206
0.4125000000000000	0.9875000000000000	0.0002103755819585
0.4375000000000000	0.9875000000000000	0.0002171690464019
0.4625000000000000	0.9625000000000000	0.0003297441866048
0.4875000000000000	0.9625000000000000	0.0003349769320712
0.4625000000000000	0.9875000000000000	0.0002227656655563
0.4875000000000000	0.9875000000000000	0.0002249352801934
0.5125000000000000	0.9625000000000000	0.0003361958258439
0.5375000000000001	0.9625000000000000	0.0003342200658846
0.5125000000000000	0.9875000000000000	0.0002244001656990
0.5375000000000001	0.9875000000000000	0.0002217544636645
0.5625000000000000	0.9625000000000000	0.0003262384579890
0.5875000000000001	0.9625000000000000	0.0003172963461071
0.5625000000000000	0.9875000000000000	0.0002151392162190
0.5875000000000001	0.9875000000000000	0.0002079571465428
0.6125000000000000	0.9625000000000000	0.0003008602038897
0.6375000000000000	0.9625000000000000	0.0002858716987177
0.6125000000000000	0.9875000000000000	0.0001959052912630
0.6375000000000000	0.9875000000000000	0.0001849065692656
0.6625000000000001	0.9625000000000000	0.0002625481641013
0.6875000000000000	0.9625000000000000	0.0002430194637567
0.6625000000000001	0.9875000000000000	0.0001685879752352
0.6875000000000000	0.9875000000000000	0.0001548604977667
0.7125000000000001	0.9625000000000000	0.0002150443460329
0.7375000000000000	0.9625000000000000	0.0001929219272027
0.7125000000000001	0.9875000000000000	0.0001358557030988
0.7375000000000000	0.9875000000000000	0.0001207485126963
0.7625000000000000	0.9625000000000000	0.0001629883689705
0.7875000000000001	0.9625000000000000	0.0001404755301511
0.7625000000000000	0.9875000000000000	0.0001008965772565
0.7875000000000001	0.9875000000000000	0.0000858905204670
0.8125000000000000	0.9625000000000000	0.0001114887990534
0.8375000000000001	0.9625000000000000	0.0000908433373305
0.8125000000000000	0.9875000000000000	0.0000671178545946
0.8375000000000001	0.9875000000000000	0.0000536870332971
0.8625000000000000	0.9625000000000000	0.0000656625527568
0.8875000000000000	0.9625000000000000	0.0000489811054232
0.8625000000000000	0.9875000000000000	0.0000378326188175
0.8875000000000000	0.9875000000000000	0.0000273024064077
0.9125000000000001	0.9625000000000000	0.0000301233464465
0.9375000000000000	0.9625000000000000	0.0000190561878679
0.9125000000000001	0.9875000000000000	0.0000159298076879
0.9375000000000000	0.9875000000000000	0.0000093003016133
0.9625000000000001	0.9625000000000000	0.0000081838831624
0.9875000000000000	0.9625000000000000	0.0000033814522620
0.9625000000000001	0.9875000000000000	0.0000033814522620
0.9875000000000000	0.9875000000000000	0.0000009617626545
