0.9250000000000000	0.5000000000000000	0.0000000000552346
0.9750000000000000	0.5000000000000000	0.0000000000006264
0.8625000000000000	0.5000000000000000	0.0000000017675065
0.8875000000000000	0.5000000000000000	0.0000000002796592
0.8062500000000000	0.5000000000000000	0.0000000171279252
0.8187500000000001	0.5000000000000000	0.0000000080468216
0.8312500000000000	0.5000000000000000	0.0000000036562679
0.8437500000000001	0.5000000000000000	0.0000000016069001
0.7906250000000001	0.5000000000000000	0.0000000104618373
0.7968750000000000	0.5000000000000000	0.0000000073543728
0.7781250000000000	0.5000000000000000	0.0000000206418411
0.7843750000000000	0.5000000000000000	0.0000000147574613
0.7453125000000000	0.5000000000000000	0.0000000260638103
0.7484375000000000	0.5000000000000000	0.0000000225611752
0.2515625000000000	0.5000000000000000	-0.0000000224867703
0.2546875000000000	0.5000000000000000	-0.0000000259761516
0.0015625000000000	0.5000000000000000	-0.0000000000000002
0.0046875000000000	0.5000000000000000	-0.0000000000000003
0.0078125000000000	0.5000000000000000	-0.0000000000000005
0.0109375000000000	0.5000000000000000	-0.0000000000000006
0.0140625000000000	0.5000000000000000	-0.0000000000000009
0.0171875000000000	0.5000000000000000	-0.0000000000000012
0.0203125000000000	0.5000000000000000	-0.0000000000000016
0.0234375000000000	0.5000000000000000	-0.0000000000000021
0.0265625000000000	0.5000000000000000	-0.0000000000000028
0.0296875000000000	0.5000000000000000	-0.0000000000000038
0.0328125000000000	0.5000000000000000	-0.0000000000000051
0.0359375000000000	0.5000000000000000	-0.0000000000000068
0.0390625000000000	0.5000000000000000	-0.0000000000000090
0.0421875000000000	0.5000000000000000	-0.0000000000000120
0.0453125000000000	0.5000000000000000	-0.0000000000000159
0.0484375000000000	0.5000000000000000	-0.0000000000000211
0.0515625000000000	0.5000000000000000	-0.0000000000000280
0.0546875000000000	0.5000000000000000	-0.0000000000000369
0.0578125000000000	0.5000000000000000	-0.0000000000000486
0.0609375000000000	0.5000000000000000	-0.0000000000000639
0.0640625000000000	0.5000000000000000	-0.0000000000000838
0.0671875000000000	0.5000000000000000	-0.0000000000001098
0.0703125000000000	0.5000000000000000	-0.0000000000001434
0.0734375000000000	0.5000000000000000	-0.0000000000001870
0.0765625000000000	0.5000000000000000	-0.0000000000002433
0.0796875000000000	0.5000000000000000	-0.0000000000003159
0.0828125000000000	0.5000000000000000	-0.0000000000004093
0.0859375000000000	0.5000000000000000	-0.0000000000005293
0.0890625000000000	0.5000000000000000	-0.0000000000006831
0.0921875000000000	0.5000000000000000	-0.0000000000008797
0.0953125000000000	0.5000000000000000	-0.0000000000011306
0.0984375000000000	0.5000000000000000	-0.0000000000014500
0.1015625000000000	0.5000000000000000	-0.0000000000018559
0.1046875000000000	0.5000000000000000	-0.0000000000023705
0.2265625000000000	0.5000000000000000	-0.0000000065657799
0.2296875000000000	0.5000000000000000	-0.0000000077153491
0.2328125000000000	0.5000000000000000	-0.0000000090469487
0.2359375000000000	0.5000000000000000	-0.0000000105858234
0.2390625000000000	0.5000000000000000	-0.0000000123600937
0.2421875000000000	0.5000000000000000	-0.0000000144009808
0.2453125000000000	0.5000000000000000	-0.0000000167430313
0.2484375000000000	0.5000000000000000	-0.0000000194243409
0.2140625000000000	0.5000000000000000	-0.0000000033713730
0.2171875000000000	0.5000000000000000	-0.0000000039953488
0.2203125000000000	0.5000000000000000	-0.0000000047248136
0.2234375000000000	0.5000000000000000	-0.0000000055756514
0.7515624999999999	0.5000000000000000	0.0000000194873608
0.7546875000000001	0.5000000000000000	0.0000000167962937
0.7578125000000000	0.5000000000000000	0.0000000144458997
0.7609375000000000	0.5000000000000000	0.0000000123978946
0.1078125000000000	0.5000000000000000	-0.0000000000030216
0.1109375000000000	0.5000000000000000	-0.0000000000038436
0.1140625000000000	0.5000000000000000	-0.0000000000048790
0.1171875000000000	0.5000000000000000	-0.0000000000061807
0.1203125000000000	0.5000000000000000	-0.0000000000078135
0.1234375000000000	0.5000000000000000	-0.0000000000098572
0.1265625000000000	0.5000000000000000	-0.0000000000124099
0.1296875000000000	0.5000000000000000	-0.0000000000155914
0.1328125000000000	0.5000000000000000	-0.0000000000195480
0.1359375000000000	0.5000000000000000	-0.0000000000244581
0.1390625000000000	0.5000000000000000	-0.0000000000305382
0.1421875000000000	0.5000000000000000	-0.0000000000380509
0.1453125000000000	0.5000000000000000	-0.0000000000473137
0.1484375000000000	0.5000000000000000	-0.0000000000587095
0.1515625000000000	0.5000000000000000	-0.0000000000726991
0.1546875000000000	0.5000000000000000	-0.0000000000898355
0.1578125000000000	0.5000000000000000	-0.0000000001107811
0.1609375000000000	0.5000000000000000	-0.0000000001363266
0.1640625000000000	0.5000000000000000	-0.0000000001674144
0.1671875000000000	0.5000000000000000	-0.0000000002051640
0.1703125000000000	0.5000000000000000	-0.0000000002509027
0.1734375000000000	0.5000000000000000	-0.0000000003061995
0.1765625000000000	0.5000000000000000	-0.0000000003729049
0.1796875000000000	0.5000000000000000	-0.0000000004531954
0.1828125000000000	0.5000000000000000	-0.0000000005496242
0.1859375000000000	0.5000000000000000	-0.0000000006651790
0.2015625000000000	0.5000000000000000	-0.0000000016736224
0.2046875000000000	0.5000000000000000	-0.0000000020001678
0.2078125000000000	0.5000000000000000	-0.0000000023854023
0.2109375000000000	0.5000000000000000	-0.0000000028388477
0.1890625000000000	0.5000000000000000	-0.0000000008033460
0.1921875000000000	0.5000000000000000	-0.0000000009681829
0.1953125000000000	0.5000000000000000	-0.0000000011643996
0.1984375000000000	0.5000000000000000	-0.0000000013974482
0.7640625000000000	0.5000000000000000	0.0000000106175655
0.7671874999999999	0.5000000000000000	0.0000000090735455
0.7703125000000001	0.5000000000000000	0.0000000077375863
0.7734375000000000	0.5000000000000000	0.0000000065843318
0.5007812500000000	0.5000000000000000	0.0000000094337635
0.5023437500000001	0.5000000000000000	0.0000000282432757
0.7101562500000000	0.5000000000000000	0.0000000283902474
0.7117187500000002	0.5000000000000000	0.0000000267468356
0.2882812500000000	0.5000000000000000	-0.0000000267678104
0.2898437500000000	0.5000000000000000	-0.0000000284124226
0.2914062500000000	0.5000000000000000	-0.0000000301414270
0.2929687500000001	0.5000000000000000	-0.0000000319579655
0.7132812500000002	0.5000000000000000	0.0000000251846605
0.7148437500000002	0.5000000000000000	0.0000000237006683
0.7164062500000001	0.5000000000000000	0.0000000222918555
0.7179687500000000	0.5000000000000000	0.0000000209552721
0.7195312500000002	0.5000000000000000	0.0000000196880257
0.7210937500000001	0.5000000000000000	0.0000000184872842
0.7226562500000000	0.5000000000000000	0.0000000173502789
0.7242187500000001	0.5000000000000000	0.0000000162743066
0.2757812500000000	0.5000000000000000	-0.0000000162874913
0.2773437500000000	0.5000000000000000	-0.0000000173642773
0.2789062500000000	0.5000000000000000	-0.0000000185021387
0.2804687500000000	0.5000000000000000	-0.0000000197037802
0.2820312500000000	0.5000000000000000	-0.0000000209719724
0.2835937500000000	0.5000000000000000	-0.0000000223095489
0.2851562500000001	0.5000000000000000	-0.0000000237194041
0.2867187500000000	0.5000000000000000	-0.0000000252044894
0.4976562500000000	0.5000000000000000	-0.0000000281995299
0.4992187500000000	0.5000000000000000	-0.0000000093898452
0.7257812500000000	0.5000000000000000	0.0000000152567317
0.7273437500000002	0.5000000000000000	0.0000000142949879
0.7289062500000001	0.5000000000000000	0.0000000133865794
0.7304687500000000	0.5000000000000000	0.0000000125290825
0.7320312500000001	0.5000000000000000	0.0000000117201455
0.7335937500000000	0.5000000000000000	0.0000000109574901
0.7351562500000000	0.5000000000000000	0.0000000102389113
0.7367187500000001	0.5000000000000000	0.0000000095622772
0.2632812500000000	0.5000000000000000	-0.0000000095702890
0.2648437500000000	0.5000000000000000	-0.0000000102474536
0.2664062500000000	0.5000000000000000	-0.0000000109665934
0.2679687500000000	0.5000000000000000	-0.0000000117298413
0.2695312500000001	0.5000000000000000	-0.0000000125394039
0.2710937500000000	0.5000000000000000	-0.0000000133975611
0.2726562500000000	0.5000000000000000	-0.0000000143066658
0.2742187500000000	0.5000000000000000	-0.0000000152691434
0.7382812500000000	0.5000000000000000	0.0000000089255293
0.7398437500000001	0.5000000000000000	0.0000000083266820
0.7414062500000000	0.5000000000000000	0.0000000077638218
0.7429687500000000	0.5000000000000000	0.0000000072351069
0.2570312500000000	0.5000000000000000	-0.0000000072412735
0.2585937500000000	0.5000000000000000	-0.0000000077704107
0.2601562500000000	0.5000000000000000	-0.0000000083337184
0.2617187500000000	0.5000000000000000	-0.0000000089330396
0.6644531250000001	0.5000000000000000	0.0000000315629989
0.6660156250000001	0.5000000000000000	0.0000000302341406
0.6667968750000000	0.5000000000000000	0.0000000295843421
0.6675781250000000	0.5000000000000000	0.0000000289442746
0.6683593750000001	0.5000000000000000	0.0000000283139187
0.5097656249999999	0.5000000000000000	0.0000000273926181
0.3316406250000000	0.5000000000000000	-0.0000000285285691
0.3324218750000001	0.5000000000000000	-0.0000000291645746
0.3332031250000000	0.5000000000000000	-0.0000000298104131
0.3339843750000000	0.5000000000000000	-0.0000000304661057
0.3347656250000001	0.5000000000000000	-0.0000000311316694
0.3355468750000000	0.5000000000000000	-0.0000000318071165
0.4894531249999999	0.5000000000000000	-0.0000000331442800
0.4902343750000000	0.5000000000000000	-0.0000000308673126
0.6691406250000000	0.5000000000000000	0.0000000276932506
0.6699218750000001	0.5000000000000000	0.0000000270822424
0.6707031250000000	0.5000000000000000	0.0000000264808624
0.6714843750000000	0.5000000000000000	0.0000000258890746
0.6722656250000001	0.5000000000000000	0.0000000253068397
0.6730468749999999	0.5000000000000000	0.0000000247341145
0.6738281250000000	0.5000000000000000	0.0000000241708523
0.6746093750000000	0.5000000000000000	0.0000000236170033
0.5066406250000000	0.5000000000000000	0.0000000181656945
0.5074218750000000	0.5000000000000000	0.0000000204853262
0.5082031250000000	0.5000000000000000	0.0000000227969229
0.5089843749999999	0.5000000000000000	0.0000000250996348
0.3253906250000000	0.5000000000000000	-0.0000000237906140
0.3261718750000001	0.5000000000000000	-0.0000000243492051
0.3269531250000001	0.5000000000000000	-0.0000000249173167
0.3277343750000000	0.5000000000000000	-0.0000000254950004
0.3285156250000001	0.5000000000000000	-0.0000000260823046
0.3292968750000000	0.5000000000000000	-0.0000000266792743
0.3300781250000000	0.5000000000000000	-0.0000000272859505
0.3308593750000001	0.5000000000000000	-0.0000000279023709
0.6753906250000000	0.5000000000000000	0.0000000230725141
0.6761718750000001	0.5000000000000000	0.0000000225373283
0.6769531250000000	0.5000000000000000	0.0000000220113866
0.6777343750000001	0.5000000000000000	0.0000000214946267
0.6785156250000000	0.5000000000000000	0.0000000209869834
0.6792968750000000	0.5000000000000000	0.0000000204883892
0.6800781250000001	0.5000000000000000	0.0000000199987737
0.6808593749999999	0.5000000000000000	0.0000000195180642
0.6816406250000000	0.5000000000000000	0.0000000190461857
0.6824218750000000	0.5000000000000000	0.0000000185830611
0.6832031250000000	0.5000000000000000	0.0000000181286110
0.6839843750000001	0.5000000000000000	0.0000000176827541
0.3160156250000000	0.5000000000000000	-0.0000000178072157
0.3167968750000001	0.5000000000000000	-0.0000000182566580
0.3175781250000000	0.5000000000000000	-0.0000000187147809
0.3183593750000001	0.5000000000000000	-0.0000000191816673
0.3191406250000001	0.5000000000000000	-0.0000000196573981
0.3199218750000001	0.5000000000000000	-0.0000000201420521
0.3207031250000001	0.5000000000000000	-0.0000000206357060
0.3214843750000000	0.5000000000000000	-0.0000000211384340
0.3222656250000001	0.5000000000000000	-0.0000000216503083
0.3230468750000001	0.5000000000000000	-0.0000000221713980
0.3238281250000000	0.5000000000000000	-0.0000000227017700
0.3246093750000001	0.5000000000000000	-0.0000000232414883
0.4910156250000000	0.5000000000000000	-0.0000000285793667
0.4917968750000000	0.5000000000000000	-0.0000000262812787
0.4925781250000000	0.5000000000000000	-0.0000000239738910
0.4933593750000000	0.5000000000000000	-0.0000000216580517
0.5035156250000000	0.5000000000000000	0.0000000088239741
0.5042968750000000	0.5000000000000000	0.0000000111671573
0.5050781249999999	0.5000000000000000	0.0000000135057489
0.5058593750000000	0.5000000000000000	0.0000000158388823
0.6847656249999999	0.5000000000000000	0.0000000172454073
0.6855468750000000	0.5000000000000000	0.0000000168164857
0.6863281250000000	0.5000000000000000	0.0000000163959026
0.6871093750000000	0.5000000000000000	0.0000000159835698
0.3128906250000001	0.5000000000000000	-0.0000000160945313
0.3136718750000000	0.5000000000000000	-0.0000000165101159
0.3144531250000000	0.5000000000000000	-0.0000000169340320
0.3152343750000001	0.5000000000000000	-0.0000000173663692
0.6878906250000001	0.5000000000000000	0.0000000155793977
0.6886718749999999	0.5000000000000000	0.0000000151832953
0.6894531250000000	0.5000000000000000	0.0000000147951704
0.6902343750000000	0.5000000000000000	0.0000000144149293
0.6910156250000000	0.5000000000000000	0.0000000140424776
0.6917968750000001	0.5000000000000000	0.0000000136777197
0.6925781250000000	0.5000000000000000	0.0000000133205591
0.6933593750000001	0.5000000000000000	0.0000000129708986
0.6941406250000000	0.5000000000000000	0.0000000126286400
0.6949218750000001	0.5000000000000000	0.0000000122936848
0.6957031250000001	0.5000000000000000	0.0000000119659335
0.6964843750000003	0.5000000000000000	0.0000000116452865
0.6972656250000001	0.5000000000000000	0.0000000113316436
0.6980468750000000	0.5000000000000000	0.0000000110249041
0.6988281250000000	0.5000000000000000	0.0000000107249674
0.6996093750000001	0.5000000000000000	0.0000000104317323
0.3003906250000000	0.5000000000000000	-0.0000000105004876
0.3011718750000001	0.5000000000000000	-0.0000000107958749
0.3019531250000000	0.5000000000000000	-0.0000000110980223
0.3027343750000000	0.5000000000000000	-0.0000000114070323
0.3035156250000001	0.5000000000000000	-0.0000000117230069
0.3042968750000000	0.5000000000000000	-0.0000000120460479
0.3050781250000000	0.5000000000000000	-0.0000000123762569
0.3058593750000000	0.5000000000000000	-0.0000000127137350
0.3066406250000000	0.5000000000000000	-0.0000000130585829
0.3074218750000001	0.5000000000000000	-0.0000000134109007
0.3082031250000000	0.5000000000000000	-0.0000000137707877
0.3089843750000001	0.5000000000000000	-0.0000000141383427
0.3097656250000000	0.5000000000000000	-0.0000000145136636
0.3105468750000001	0.5000000000000000	-0.0000000148968474
0.3113281250000001	0.5000000000000000	-0.0000000152879902
0.3121093750000000	0.5000000000000000	-0.0000000156871869
0.7003906250000000	0.5000000000000000	0.0000000101450978
0.7011718750000001	0.5000000000000000	0.0000000098649625
0.7019531250000000	0.5000000000000000	0.0000000095912252
0.7027343750000000	0.5000000000000000	0.0000000093237848
0.7035156250000001	0.5000000000000000	0.0000000090625401
0.7042968749999999	0.5000000000000000	0.0000000088073903
0.7050781250000000	0.5000000000000000	0.0000000085582347
0.7058593750000000	0.5000000000000000	0.0000000083149729
0.7066406250000000	0.5000000000000000	0.0000000080775049
0.7074218750000001	0.5000000000000000	0.0000000078457309
0.7082031250000000	0.5000000000000000	0.0000000076195518
0.7089843750000001	0.5000000000000000	0.0000000073988688
0.2941406250000000	0.5000000000000000	-0.0000000083684691
0.2949218750000001	0.5000000000000000	-0.0000000086134589
0.2957031250000001	0.5000000000000000	-0.0000000088643915
0.2964843750000000	0.5000000000000000	-0.0000000091213684
0.2972656250000001	0.5000000000000000	-0.0000000093844913
0.2980468750000000	0.5000000000000000	-0.0000000096538623
0.2988281250000000	0.5000000000000000	-0.0000000099295838
0.2996093750000001	0.5000000000000000	-0.0000000102117580
0.4941406250000000	0.5000000000000000	-0.0000000193346141
0.4949218750000001	0.5000000000000000	-0.0000000170044360
0.4957031250000000	0.5000000000000000	-0.0000000146683796
0.4964843750000000	0.5000000000000000	-0.0000000123273105
0.5626953125000000	0.5000000000000000	0.0000000309181501
0.5775390625000001	0.5000000000000000	0.0000000310855934
0.5798828125000000	0.5000000000000000	0.0000000308634769
0.5802734375000000	0.5000000000000000	0.0000000308205439
0.5806640625000001	0.5000000000000000	0.0000000307759598
0.5810546875000000	0.5000000000000000	0.0000000307297393
0.5830078125000000	0.5000000000000000	0.0000000304746149
0.5833984375000001	0.5000000000000000	0.0000000304188919
0.5837890625000002	0.5000000000000000	0.0000000303616387
0.5841796875000000	0.5000000000000000	0.0000000303028708
0.5611328124999999	0.5000000000000000	0.0000000307278271
0.5619140625000001	0.5000000000000000	0.0000000308273283
0.5783203125000000	0.5000000000000000	0.0000000310184086
0.5791015625000000	0.5000000000000000	0.0000000309443308
0.5794921875000001	0.5000000000000000	0.0000000309047440
0.5814453125000001	0.5000000000000000	0.0000000306818973
0.5818359375000000	0.5000000000000000	0.0000000306324486
0.5822265625000000	0.5000000000000000	0.0000000305814086
0.5826171875000001	0.5000000000000000	0.0000000305287922
0.5845703125000001	0.5000000000000000	0.0000000302426040
0.5849609375000000	0.5000000000000000	0.0000000301808539
0.5853515625000001	0.5000000000000000	0.0000000301176363
0.5857421875000002	0.5000000000000000	0.0000000300529670
0.5861328125000000	0.5000000000000000	0.0000000299868621
0.5865234375000001	0.5000000000000000	0.0000000299193374
0.5869140625000002	0.5000000000000000	0.0000000298504091
0.5873046875000001	0.5000000000000000	0.0000000297800934
0.5564453125000000	0.5000000000000000	0.0000000299460719
0.5568359375000000	0.5000000000000000	0.0000000300234225
0.5572265625000001	0.5000000000000000	0.0000000300985414
0.5576171875000000	0.5000000000000000	0.0000000301714319
0.5580078125000001	0.5000000000000000	0.0000000302420975
0.5583984375000000	0.5000000000000000	0.0000000303105419
0.5587890625000000	0.5000000000000000	0.0000000303767691
0.5591796874999999	0.5000000000000000	0.0000000304407833
0.5595703125000000	0.5000000000000000	0.0000000305025891
0.5599609374999999	0.5000000000000000	0.0000000305621913
0.5603515625000000	0.5000000000000000	0.0000000306195948
0.5607421875000000	0.5000000000000000	0.0000000306748049
0.5876953125000002	0.5000000000000000	0.0000000297084063
0.5880859375000000	0.5000000000000000	0.0000000296353642
0.5884765625000001	0.5000000000000000	0.0000000295609834
0.5888671875000002	0.5000000000000000	0.0000000294852802
0.5892578125000001	0.5000000000000000	0.0000000294082710
0.5896484375000002	0.5000000000000000	0.0000000293299723
0.5900390625000003	0.5000000000000000	0.0000000292504006
0.5904296875000001	0.5000000000000000	0.0000000291695724
0.5908203125000002	0.5000000000000000	0.0000000290875044
0.5912109375000001	0.5000000000000000	0.0000000290042130
0.5916015625000002	0.5000000000000000	0.0000000289197150
0.5919921875000000	0.5000000000000000	0.0000000288340270
0.5923828125000001	0.5000000000000000	0.0000000287471657
0.5927734375000000	0.5000000000000000	0.0000000286591478
0.5931640625000001	0.5000000000000000	0.0000000285699901
0.5935546875000002	0.5000000000000000	0.0000000284797093
0.5939453125000000	0.5000000000000000	0.0000000283883222
0.5943359375000001	0.5000000000000000	0.0000000282958456
0.5947265625000002	0.5000000000000000	0.0000000282022962
0.5951171875000001	0.5000000000000000	0.0000000281076909
0.5955078125000002	0.5000000000000000	0.0000000280120465
0.5958984375000000	0.5000000000000000	0.0000000279153798
0.5962890625000001	0.5000000000000000	0.0000000278177075
0.5966796875000000	0.5000000000000000	0.0000000277190466
0.4064453125000000	0.5000000000000000	-0.0000000293963615
0.4068359375000000	0.5000000000000000	-0.0000000294933379
0.4072265625000000	0.5000000000000000	-0.0000000295892119
0.4076171875000000	0.5000000000000000	-0.0000000296839663
0.4080078125000000	0.5000000000000000	-0.0000000297775842
0.4083984375000000	0.5000000000000000	-0.0000000298700485
0.4087890625000000	0.5000000000000000	-0.0000000299613425
0.4091796875000001	0.5000000000000000	-0.0000000300514490
0.4126953125000000	0.5000000000000000	-0.0000000308061928
0.4130859375000001	0.5000000000000000	-0.0000000308835001
0.4134765625000000	0.5000000000000000	-0.0000000309594359
0.4138671875000000	0.5000000000000000	-0.0000000310339838
0.4142578125000000	0.5000000000000000	-0.0000000311071272
0.4146484375000000	0.5000000000000000	-0.0000000311788500
0.4150390625000000	0.5000000000000000	-0.0000000312491358
0.4154296875000000	0.5000000000000000	-0.0000000313179684
0.4158203125000000	0.5000000000000000	-0.0000000313853317
0.4162109375000000	0.5000000000000000	-0.0000000314512096
0.4166015625000000	0.5000000000000000	-0.0000000315155863
0.4169921875000001	0.5000000000000000	-0.0000000315784456
0.4173828125000000	0.5000000000000000	-0.0000000316397720
0.4177734375000001	0.5000000000000000	-0.0000000316995496
0.4181640625000000	0.5000000000000000	-0.0000000317577628
0.4185546875000001	0.5000000000000000	-0.0000000318143961
0.4189453125000001	0.5000000000000000	-0.0000000318694340
0.4193359375000001	0.5000000000000000	-0.0000000319228611
0.4197265625000001	0.5000000000000000	-0.0000000319746623
0.4201171875000001	0.5000000000000000	-0.0000000320248223
0.4205078125000001	0.5000000000000000	-0.0000000320733262
0.4208984375000001	0.5000000000000000	-0.0000000321201590
0.4212890625000000	0.5000000000000000	-0.0000000321653059
0.4216796875000001	0.5000000000000000	-0.0000000322087522
0.4220703125000000	0.5000000000000000	-0.0000000322504834
0.4224609375000001	0.5000000000000000	-0.0000000322904850
0.4228515625000001	0.5000000000000000	-0.0000000323287426
0.4232421875000000	0.5000000000000000	-0.0000000323652421
0.4240234375000000	0.5000000000000000	-0.0000000324329076
0.4248046875000001	0.5000000000000000	-0.0000000324933734
0.4255859375000001	0.5000000000000000	-0.0000000325465311
0.4349609375000000	0.5000000000000000	-0.0000000325782859
0.4357421875000000	0.5000000000000000	-0.0000000325277442
0.4365234375000000	0.5000000000000000	-0.0000000324686612
0.4369140625000000	0.5000000000000000	-0.0000000324358981
0.4373046875000000	0.5000000000000000	-0.0000000324009760
0.4376953125000000	0.5000000000000000	-0.0000000323638875
0.4380859375000000	0.5000000000000000	-0.0000000323246253
0.4384765625000000	0.5000000000000000	-0.0000000322831825
0.4388671875000000	0.5000000000000000	-0.0000000322395524
0.4392578125000000	0.5000000000000000	-0.0000000321937284
0.4396484375000000	0.5000000000000000	-0.0000000321457043
0.4400390625000000	0.5000000000000000	-0.0000000320954742
0.4404296875000000	0.5000000000000000	-0.0000000320430322
0.4408203125000000	0.5000000000000000	-0.0000000319883729
0.4412109375000000	0.5000000000000000	-0.0000000319314910
0.4416015625000000	0.5000000000000000	-0.0000000318723814
0.4419921875000000	0.5000000000000000	-0.0000000318110394
0.4423828124999999	0.5000000000000000	-0.0000000317474605
0.4427734375000000	0.5000000000000000	-0.0000000316816405
0.4431640625000000	0.5000000000000000	-0.0000000316135754
0.4435546875000000	0.5000000000000000	-0.0000000315432614
0.4439453125000000	0.5000000000000000	-0.0000000314706951
0.4443359375000000	0.5000000000000000	-0.0000000313958733
0.4447265625000000	0.5000000000000000	-0.0000000313187931
0.4451171875000000	0.5000000000000000	-0.0000000312394517
0.4455078125000000	0.5000000000000000	-0.0000000311578468
0.4458984375000000	0.5000000000000000	-0.0000000310739763
0.4462890625000000	0.5000000000000000	-0.0000000309878383
0.4466796875000000	0.5000000000000000	-0.0000000308994312
0.5470703125000000	0.5000000000000000	0.0000000274165295
0.5474609374999999	0.5000000000000000	0.0000000275476997
0.5478515625000000	0.5000000000000000	0.0000000276766432
0.5482421875000001	0.5000000000000000	0.0000000278033564
0.5486328125000000	0.5000000000000000	0.0000000279278363
0.5490234375000000	0.5000000000000000	0.0000000280500799
0.5494140625000001	0.5000000000000000	0.0000000281700847
0.5498046875000000	0.5000000000000000	0.0000000282878483
0.5501953125000001	0.5000000000000000	0.0000000284033687
0.5505859375000000	0.5000000000000000	0.0000000285166442
0.5509765625000000	0.5000000000000000	0.0000000286276733
0.5513671875000001	0.5000000000000000	0.0000000287364549
0.5517578125000000	0.5000000000000000	0.0000000288429881
0.5521484375000001	0.5000000000000000	0.0000000289472723
0.5525390625000002	0.5000000000000000	0.0000000290493072
0.5529296875000000	0.5000000000000000	0.0000000291490927
0.5533203125000001	0.5000000000000000	0.0000000292466291
0.5537109375000000	0.5000000000000000	0.0000000293419168
0.5541015625000001	0.5000000000000000	0.0000000294349568
0.5544921875000000	0.5000000000000000	0.0000000295257500
0.5548828125000000	0.5000000000000000	0.0000000296142979
0.5552734374999999	0.5000000000000000	0.0000000297006020
0.5556640625000000	0.5000000000000000	0.0000000297846642
0.5560546875000001	0.5000000000000000	0.0000000298664867
0.4048828125000000	0.5000000000000000	-0.0000000289977716
0.4052734375000000	0.5000000000000000	-0.0000000290989876
0.4095703125000000	0.5000000000000000	-0.0000000301403512
0.4099609375000001	0.5000000000000000	-0.0000000302280321
0.4103515625000000	0.5000000000000000	-0.0000000303144750
0.4107421875000001	0.5000000000000000	-0.0000000303996629
0.4111328125000001	0.5000000000000000	-0.0000000304835792
0.4115234375000000	0.5000000000000000	-0.0000000305662070
0.4119140625000000	0.5000000000000000	-0.0000000306475296
0.4123046875000000	0.5000000000000000	-0.0000000307275304
0.4470703125000000	0.5000000000000000	-0.0000000308087538
0.4474609375000000	0.5000000000000000	-0.0000000307158049
0.4478515625000000	0.5000000000000000	-0.0000000306205839
0.4482421875000001	0.5000000000000000	-0.0000000305230903
0.4486328125000000	0.5000000000000000	-0.0000000304233238
0.4490234375000000	0.5000000000000000	-0.0000000303212846
0.4494140625000000	0.5000000000000000	-0.0000000302169731
0.4498046875000000	0.5000000000000000	-0.0000000301103898
0.4501953125000000	0.5000000000000000	-0.0000000300015358
0.4505859375000000	0.5000000000000000	-0.0000000298904123
0.4509765625000000	0.5000000000000000	-0.0000000297770207
0.4513671875000000	0.5000000000000000	-0.0000000296613629
0.4517578125000000	0.5000000000000000	-0.0000000295434410
0.4521484375000000	0.5000000000000000	-0.0000000294232573
0.5462890625000001	0.5000000000000000	0.0000000271475242
0.5466796875000000	0.5000000000000000	0.0000000272831363
0.5970703125000001	0.5000000000000000	0.0000000276194137
0.5974609375000000	0.5000000000000000	0.0000000275188257
0.5978515625000000	0.5000000000000000	0.0000000274172993
0.5982421875000001	0.5000000000000000	0.0000000273148513
0.5986328125000000	0.5000000000000000	0.0000000272114985
0.5990234375000001	0.5000000000000000	0.0000000271072576
0.5994140625000002	0.5000000000000000	0.0000000270021452
0.5998046875000000	0.5000000000000000	0.0000000268961782
0.4001953125000000	0.5000000000000000	-0.0000000277086980
0.4005859375000000	0.5000000000000000	-0.0000000278209989
0.4009765625000000	0.5000000000000000	-0.0000000279324694
0.4013671875000001	0.5000000000000000	-0.0000000280430925
0.4017578125000000	0.5000000000000000	-0.0000000281528514
0.4021484375000000	0.5000000000000000	-0.0000000282617290
0.4025390625000000	0.5000000000000000	-0.0000000283697084
0.4029296875000000	0.5000000000000000	-0.0000000284767727
0.4033203125000000	0.5000000000000000	-0.0000000285829049
0.4037109375000000	0.5000000000000000	-0.0000000286880878
0.4041015625000000	0.5000000000000000	-0.0000000287923046
0.4044921875000000	0.5000000000000000	-0.0000000288955382
0.4056640625000000	0.5000000000000000	-0.0000000291991693
0.4060546875000000	0.5000000000000000	-0.0000000292982996
0.4525390625000000	0.5000000000000000	-0.0000000293008145
0.4529296875000000	0.5000000000000000	-0.0000000291761156
0.4533203125000000	0.5000000000000000	-0.0000000290491639
0.4537109375000000	0.5000000000000000	-0.0000000289199627
0.4541015625000000	0.5000000000000000	-0.0000000287885161
0.4544921875000000	0.5000000000000000	-0.0000000286548281
0.4548828125000000	0.5000000000000000	-0.0000000285189031
0.4552734375000000	0.5000000000000000	-0.0000000283807459
0.4556640625000000	0.5000000000000000	-0.0000000282403615
0.4560546875000001	0.5000000000000000	-0.0000000280977550
0.4564453125000000	0.5000000000000000	-0.0000000279529323
0.4568359375000001	0.5000000000000000	-0.0000000278058991
0.4572265625000000	0.5000000000000000	-0.0000000276566616
0.4576171875000001	0.5000000000000000	-0.0000000275052263
0.4580078125000001	0.5000000000000000	-0.0000000273516000
0.4583984375000000	0.5000000000000000	-0.0000000271957897
0.4587890625000000	0.5000000000000000	-0.0000000270378029
0.4591796875000000	0.5000000000000000	-0.0000000268776471
0.4595703125000000	0.5000000000000000	-0.0000000267153303
0.4599609375000001	0.5000000000000000	-0.0000000265508608
0.4603515625000000	0.5000000000000000	-0.0000000263842470
0.4607421875000000	0.5000000000000000	-0.0000000262154979
0.4611328125000000	0.5000000000000000	-0.0000000260446226
0.4615234375000000	0.5000000000000000	-0.0000000258716304
0.4619140625000000	0.5000000000000000	-0.0000000256965311
0.4623046875000000	0.5000000000000000	-0.0000000255193346
0.5361328125000000	0.5000000000000000	0.0000000228629462
0.5365234375000001	0.5000000000000000	0.0000000230538743
0.5369140625000002	0.5000000000000000	0.0000000232427910
0.5373046875000000	0.5000000000000000	0.0000000234296849
0.5376953125000001	0.5000000000000000	0.0000000236145445
0.5380859375000000	0.5000000000000000	0.0000000237973588
0.5384765625000001	0.5000000000000000	0.0000000239781171
0.5388671875000002	0.5000000000000000	0.0000000241568089
0.5392578125000000	0.5000000000000000	0.0000000243334240
0.5396484375000001	0.5000000000000000	0.0000000245079525
0.5400390625000002	0.5000000000000000	0.0000000246803849
0.5404296875000001	0.5000000000000000	0.0000000248507118
0.5408203125000002	0.5000000000000000	0.0000000250189242
0.5412109375000000	0.5000000000000000	0.0000000251850134
0.5416015625000001	0.5000000000000000	0.0000000253489710
0.5419921875000000	0.5000000000000000	0.0000000255107888
0.5423828125000001	0.5000000000000000	0.0000000256704589
0.5427734375000000	0.5000000000000000	0.0000000258279739
0.5431640625000000	0.5000000000000000	0.0000000259833265
0.5435546875000001	0.5000000000000000	0.0000000261365096
0.5439453125000000	0.5000000000000000	0.0000000262875166
0.5443359375000001	0.5000000000000000	0.0000000264363412
0.5447265625000002	0.5000000000000000	0.0000000265829772
0.5451171875000000	0.5000000000000000	0.0000000267274189
0.5455078125000001	0.5000000000000000	0.0000000268696607
0.5458984375000000	0.5000000000000000	0.0000000270096974
0.6001953125000001	0.5000000000000000	0.0000000267893730
0.6005859375000000	0.5000000000000000	0.0000000266817464
0.6009765625000001	0.5000000000000000	0.0000000265733149
0.6013671875000002	0.5000000000000000	0.0000000264640952
0.6017578125000000	0.5000000000000000	0.0000000263541036
0.6021484375000001	0.5000000000000000	0.0000000262433569
0.6025390625000002	0.5000000000000000	0.0000000261318713
0.6029296875000001	0.5000000000000000	0.0000000260196633
0.6033203125000002	0.5000000000000000	0.0000000259067492
0.6037109375000000	0.5000000000000000	0.0000000257931455
0.6041015625000001	0.5000000000000000	0.0000000256788683
0.6044921875000000	0.5000000000000000	0.0000000255639338
0.6048828125000001	0.5000000000000000	0.0000000254483583
0.6052734375000000	0.5000000000000000	0.0000000253321579
0.6056640625000000	0.5000000000000000	0.0000000252153485
0.6060546875000001	0.5000000000000000	0.0000000250979463
0.6064453125000000	0.5000000000000000	0.0000000249799671
0.6068359375000001	0.5000000000000000	0.0000000248614268
0.6072265625000002	0.5000000000000000	0.0000000247423412
0.6076171875000000	0.5000000000000000	0.0000000246227261
0.6080078125000001	0.5000000000000000	0.0000000245025972
0.6083984375000000	0.5000000000000000	0.0000000243819699
0.6087890625000001	0.5000000000000000	0.0000000242608600
0.6091796875000000	0.5000000000000000	0.0000000241392827
0.6095703125000000	0.5000000000000000	0.0000000240172536
0.6099609374999999	0.5000000000000000	0.0000000238947879
0.6103515625000000	0.5000000000000000	0.0000000237719009
0.6107421875000001	0.5000000000000000	0.0000000236486076
0.6111328125000000	0.5000000000000000	0.0000000235249232
0.6115234375000000	0.5000000000000000	0.0000000234008625
0.6119140625000001	0.5000000000000000	0.0000000232764406
0.6123046875000000	0.5000000000000000	0.0000000231516723
0.3908203125000000	0.5000000000000000	-0.0000000248075181
0.3912109375000000	0.5000000000000000	-0.0000000249347969
0.3916015625000000	0.5000000000000000	-0.0000000250616364
0.3919921875000000	0.5000000000000000	-0.0000000251880209
0.3923828125000000	0.5000000000000000	-0.0000000253139349
0.3927734375000000	0.5000000000000000	-0.0000000254393627
0.3931640625000000	0.5000000000000000	-0.0000000255642884
0.3935546875000001	0.5000000000000000	-0.0000000256886961
0.4626953125000000	0.5000000000000000	-0.0000000253400513
0.4630859375000000	0.5000000000000000	-0.0000000251586918
0.4634765625000000	0.5000000000000000	-0.0000000249752668
0.4638671875000001	0.5000000000000000	-0.0000000247897876
0.3939453125000000	0.5000000000000000	-0.0000000258125700
0.3943359375000001	0.5000000000000000	-0.0000000259358940
0.3947265625000000	0.5000000000000000	-0.0000000260586521
0.3951171875000001	0.5000000000000000	-0.0000000261808281
0.3955078125000001	0.5000000000000000	-0.0000000263024058
0.3958984375000000	0.5000000000000000	-0.0000000264233689
0.3962890625000000	0.5000000000000000	-0.0000000265437011
0.3966796875000000	0.5000000000000000	-0.0000000266633862
0.3970703125000000	0.5000000000000000	-0.0000000267824075
0.3974609375000001	0.5000000000000000	-0.0000000269007487
0.3978515625000000	0.5000000000000000	-0.0000000270183932
0.3982421875000000	0.5000000000000000	-0.0000000271353244
0.3986328125000000	0.5000000000000000	-0.0000000272515257
0.3990234375000000	0.5000000000000000	-0.0000000273669804
0.3994140625000000	0.5000000000000000	-0.0000000274816719
0.3998046875000000	0.5000000000000000	-0.0000000275955833
0.5314453125000000	0.5000000000000000	0.0000000204195374
0.5318359374999999	0.5000000000000000	0.0000000206335933
0.5322265625000000	0.5000000000000000	0.0000000208457991
0.5326171875000001	0.5000000000000000	0.0000000210561397
0.5330078125000000	0.5000000000000000	0.0000000212646007
0.5333984375000000	0.5000000000000000	0.0000000214711674
0.5337890625000001	0.5000000000000000	0.0000000216758259
0.5341796875000000	0.5000000000000000	0.0000000218785622
0.5345703125000001	0.5000000000000000	0.0000000220793628
0.5349609375000000	0.5000000000000000	0.0000000222782143
0.5353515625000000	0.5000000000000000	0.0000000224751039
0.5357421875000001	0.5000000000000000	0.0000000226700186
0.6189453125000002	0.5000000000000000	0.0000000209914934
0.6193359375000000	0.5000000000000000	0.0000000208629123
0.6197265625000001	0.5000000000000000	0.0000000207342477
0.6201171875000002	0.5000000000000000	0.0000000206055122
0.6205078125000001	0.5000000000000000	0.0000000204767186
0.6208984375000002	0.5000000000000000	0.0000000203478795
0.6212890625000003	0.5000000000000000	0.0000000202190072
0.6216796875000001	0.5000000000000000	0.0000000200901141
0.6220703125000002	0.5000000000000000	0.0000000199612125
0.6224609375000001	0.5000000000000000	0.0000000198323144
0.6228515625000002	0.5000000000000000	0.0000000197034318
0.6232421875000000	0.5000000000000000	0.0000000195745765
0.6236328125000001	0.5000000000000000	0.0000000194457604
0.6240234375000000	0.5000000000000000	0.0000000193169949
0.6244140625000001	0.5000000000000000	0.0000000191882917
0.6248046875000002	0.5000000000000000	0.0000000190596621
0.3876953125000000	0.5000000000000000	-0.0000000237753138
0.3880859375000000	0.5000000000000000	-0.0000000239055565
0.3884765625000000	0.5000000000000000	-0.0000000240354814
0.3888671875000000	0.5000000000000000	-0.0000000241650737
0.3892578125000000	0.5000000000000000	-0.0000000242943184
0.3896484375000000	0.5000000000000000	-0.0000000244232004
0.3900390625000000	0.5000000000000000	-0.0000000245517045
0.3904296875000000	0.5000000000000000	-0.0000000246798155
0.5251953125000000	0.5000000000000000	0.0000000167562365
0.5255859375000000	0.5000000000000000	0.0000000169976490
0.5259765625000001	0.5000000000000000	0.0000000172374857
0.5263671875000000	0.5000000000000000	0.0000000174757276
0.5267578125000001	0.5000000000000000	0.0000000177123559
0.5271484375000000	0.5000000000000000	0.0000000179473520
0.5275390625000000	0.5000000000000000	0.0000000181806978
0.5279296874999999	0.5000000000000000	0.0000000184123750
0.5283203125000000	0.5000000000000000	0.0000000186423661
0.5287109374999999	0.5000000000000000	0.0000000188706533
0.5291015625000000	0.5000000000000000	0.0000000190972195
0.5294921875000000	0.5000000000000000	0.0000000193220475
0.5298828124999999	0.5000000000000000	0.0000000195451207
0.5302734375000000	0.5000000000000000	0.0000000197664224
0.5306640625000001	0.5000000000000000	0.0000000199859363
0.5310546875000000	0.5000000000000000	0.0000000202036466
0.6126953125000001	0.5000000000000000	0.0000000230265721
0.6130859375000000	0.5000000000000000	0.0000000229011549
0.6134765625000000	0.5000000000000000	0.0000000227754350
0.6138671875000001	0.5000000000000000	0.0000000226494269
0.6142578125000000	0.5000000000000000	0.0000000225231451
0.6146484375000001	0.5000000000000000	0.0000000223966037
0.6150390625000002	0.5000000000000000	0.0000000222698169
0.6154296875000000	0.5000000000000000	0.0000000221427987
0.6158203125000001	0.5000000000000000	0.0000000220155632
0.6162109375000000	0.5000000000000000	0.0000000218881241
0.6166015625000001	0.5000000000000000	0.0000000217604952
0.6169921875000002	0.5000000000000000	0.0000000216326902
0.6173828125000000	0.5000000000000000	0.0000000215047226
0.6177734375000001	0.5000000000000000	0.0000000213766058
0.6181640625000002	0.5000000000000000	0.0000000212483532
0.6185546875000001	0.5000000000000000	0.0000000211199781
0.3751953125000000	0.5000000000000000	-0.0000000195236346
0.3755859375000000	0.5000000000000000	-0.0000000196567933
0.3759765625000000	0.5000000000000000	-0.0000000197900554
0.3763671875000000	0.5000000000000000	-0.0000000199234096
0.3767578125000000	0.5000000000000000	-0.0000000200568443
0.3771484375000000	0.5000000000000000	-0.0000000201903480
0.3775390625000000	0.5000000000000000	-0.0000000203239088
0.3779296875000000	0.5000000000000000	-0.0000000204575150
0.3783203125000000	0.5000000000000000	-0.0000000205911545
0.3787109375000000	0.5000000000000000	-0.0000000207248152
0.3791015625000000	0.5000000000000000	-0.0000000208584850
0.3794921875000000	0.5000000000000000	-0.0000000209921515
0.3798828124999999	0.5000000000000000	-0.0000000211258022
0.3802734375000000	0.5000000000000000	-0.0000000212594245
0.3806640625000000	0.5000000000000000	-0.0000000213930059
0.3810546875000000	0.5000000000000000	-0.0000000215265334
0.3814453125000000	0.5000000000000000	-0.0000000216599941
0.3818359375000000	0.5000000000000000	-0.0000000217933750
0.3822265625000000	0.5000000000000000	-0.0000000219266630
0.3826171875000000	0.5000000000000000	-0.0000000220598448
0.3830078125000000	0.5000000000000000	-0.0000000221929070
0.3833984375000000	0.5000000000000000	-0.0000000223258362
0.3837890625000000	0.5000000000000000	-0.0000000224586187
0.3841796875000000	0.5000000000000000	-0.0000000225912409
0.3845703125000000	0.5000000000000000	-0.0000000227236890
0.3849609375000000	0.5000000000000000	-0.0000000228559490
0.3853515625000000	0.5000000000000000	-0.0000000229880069
0.3857421875000001	0.5000000000000000	-0.0000000231198487
0.3861328125000000	0.5000000000000000	-0.0000000232514600
0.3865234375000000	0.5000000000000000	-0.0000000233828267
0.3869140625000000	0.5000000000000000	-0.0000000235139342
0.3873046875000000	0.5000000000000000	-0.0000000236447681
0.4642578125000000	0.5000000000000000	-0.0000000246022656
0.4646484375000000	0.5000000000000000	-0.0000000244127125
0.4650390625000000	0.5000000000000000	-0.0000000242211403
0.4654296875000000	0.5000000000000000	-0.0000000240275614
0.4658203125000000	0.5000000000000000	-0.0000000238319883
0.4662109375000000	0.5000000000000000	-0.0000000236344338
0.4666015625000000	0.5000000000000000	-0.0000000234349112
0.4669921875000000	0.5000000000000000	-0.0000000232334337
0.4673828125000000	0.5000000000000000	-0.0000000230300152
0.4677734375000000	0.5000000000000000	-0.0000000228246696
0.4681640625000000	0.5000000000000000	-0.0000000226174112
0.4685546875000000	0.5000000000000000	-0.0000000224082544
0.4689453125000000	0.5000000000000000	-0.0000000221972140
0.4693359375000000	0.5000000000000000	-0.0000000219843052
0.4697265625000000	0.5000000000000000	-0.0000000217695433
0.4701171875000000	0.5000000000000000	-0.0000000215529438
0.4705078125000000	0.5000000000000000	-0.0000000213345226
0.4708984375000000	0.5000000000000000	-0.0000000211142959
0.4712890625000000	0.5000000000000000	-0.0000000208922800
0.4716796875000000	0.5000000000000000	-0.0000000206684915
0.4720703125000000	0.5000000000000000	-0.0000000204429475
0.4724609375000000	0.5000000000000000	-0.0000000202156650
0.4728515625000000	0.5000000000000000	-0.0000000199866615
0.4732421875000000	0.5000000000000000	-0.0000000197559546
0.4736328124999999	0.5000000000000000	-0.0000000195235622
0.4740234375000000	0.5000000000000000	-0.0000000192895026
0.4744140625000000	0.5000000000000000	-0.0000000190537940
0.4748046875000000	0.5000000000000000	-0.0000000188164552
0.6251953125000000	0.5000000000000000	0.0000000189311173
0.6255859375000001	0.5000000000000000	0.0000000188026685
0.6259765625000002	0.5000000000000000	0.0000000186743267
0.6263671875000001	0.5000000000000000	0.0000000185461028
0.6267578125000002	0.5000000000000000	0.0000000184180076
0.6271484375000000	0.5000000000000000	0.0000000182900517
0.6275390625000001	0.5000000000000000	0.0000000181622456
0.6279296875000000	0.5000000000000000	0.0000000180345997
0.6283203125000001	0.5000000000000000	0.0000000179071243
0.6287109375000000	0.5000000000000000	0.0000000177798295
0.6291015625000000	0.5000000000000000	0.0000000176527254
0.6294921875000001	0.5000000000000000	0.0000000175258218
0.3705078125000000	0.5000000000000000	-0.0000000179377621
0.3708984375000000	0.5000000000000000	-0.0000000180688390
0.3712890625000000	0.5000000000000000	-0.0000000182001458
0.3716796875000000	0.5000000000000000	-0.0000000183316728
0.3720703125000000	0.5000000000000000	-0.0000000184634100
0.3724609375000000	0.5000000000000000	-0.0000000185953473
0.3728515625000000	0.5000000000000000	-0.0000000187274744
0.3732421875000000	0.5000000000000000	-0.0000000188597810
0.3736328125000000	0.5000000000000000	-0.0000000189922566
0.3740234375000000	0.5000000000000000	-0.0000000191248905
0.3744140625000000	0.5000000000000000	-0.0000000192576721
0.3748046875000000	0.5000000000000000	-0.0000000193905904
0.6298828125000000	0.5000000000000000	0.0000000173991286
0.6302734375000001	0.5000000000000000	0.0000000172726552
0.6306640625000002	0.5000000000000000	0.0000000171464114
0.6310546875000000	0.5000000000000000	0.0000000170204064
0.6314453125000001	0.5000000000000000	0.0000000168946495
0.6318359375000000	0.5000000000000000	0.0000000167691499
0.6322265625000001	0.5000000000000000	0.0000000166439165
0.6326171875000002	0.5000000000000000	0.0000000165189582
0.6330078125000000	0.5000000000000000	0.0000000163942838
0.6333984375000001	0.5000000000000000	0.0000000162699019
0.6337890625000002	0.5000000000000000	0.0000000161458211
0.6341796875000001	0.5000000000000000	0.0000000160220495
0.6345703125000002	0.5000000000000000	0.0000000158985957
0.6349609375000000	0.5000000000000000	0.0000000157754675
0.6353515625000001	0.5000000000000000	0.0000000156526731
0.6357421875000002	0.5000000000000000	0.0000000155302202
0.6361328125000001	0.5000000000000000	0.0000000154081167
0.6365234375000002	0.5000000000000000	0.0000000152863701
0.6369140625000003	0.5000000000000000	0.0000000151649879
0.6373046875000001	0.5000000000000000	0.0000000150439775
0.5220703125000001	0.5000000000000000	0.0000000147705640
0.5224609375000000	0.5000000000000000	0.0000000150238712
0.5228515625000001	0.5000000000000000	0.0000000152757628
0.5232421875000000	0.5000000000000000	0.0000000155262181
0.5236328125000000	0.5000000000000000	0.0000000157752165
0.5240234374999999	0.5000000000000000	0.0000000160227376
0.5244140625000000	0.5000000000000000	0.0000000162687612
0.5248046875000001	0.5000000000000000	0.0000000165132674
0.3626953125000000	0.5000000000000000	-0.0000000153785614
0.3630859375000001	0.5000000000000000	-0.0000000155031673
0.3634765625000000	0.5000000000000000	-0.0000000156281733
0.3638671875000001	0.5000000000000000	-0.0000000157535719
0.3642578125000001	0.5000000000000000	-0.0000000158793559
0.3646484375000000	0.5000000000000000	-0.0000000160055176
0.3650390625000000	0.5000000000000000	-0.0000000161320495
0.3654296875000000	0.5000000000000000	-0.0000000162589437
0.3658203125000000	0.5000000000000000	-0.0000000163861923
0.3662109375000001	0.5000000000000000	-0.0000000165137873
0.3666015625000000	0.5000000000000000	-0.0000000166417205
0.3669921875000000	0.5000000000000000	-0.0000000167699835
0.3673828125000000	0.5000000000000000	-0.0000000168985681
0.3677734375000000	0.5000000000000000	-0.0000000170274655
0.3681640625000000	0.5000000000000000	-0.0000000171566671
0.3685546875000000	0.5000000000000000	-0.0000000172861641
0.3689453125000000	0.5000000000000000	-0.0000000174159476
0.3693359375000000	0.5000000000000000	-0.0000000175460084
0.3697265625000000	0.5000000000000000	-0.0000000176763373
0.3701171875000001	0.5000000000000000	-0.0000000178069251
0.4751953125000000	0.5000000000000000	-0.0000000185775050
0.4755859375000000	0.5000000000000000	-0.0000000183369626
0.4759765625000000	0.5000000000000000	-0.0000000180948473
0.4763671875000000	0.5000000000000000	-0.0000000178511787
0.4767578125000000	0.5000000000000000	-0.0000000176059766
0.4771484375000000	0.5000000000000000	-0.0000000173592611
0.4775390624999999	0.5000000000000000	-0.0000000171110524
0.4779296875000000	0.5000000000000000	-0.0000000168613710
0.6376953125000002	0.5000000000000000	0.0000000149233461
0.6380859375000001	0.5000000000000000	0.0000000148031008
0.6384765625000002	0.5000000000000000	0.0000000146832485
0.6388671875000003	0.5000000000000000	0.0000000145637963
0.6392578125000001	0.5000000000000000	0.0000000144447506
0.6396484375000002	0.5000000000000000	0.0000000143261183
0.6400390625000003	0.5000000000000000	0.0000000142079057
0.6404296875000002	0.5000000000000000	0.0000000140901193
0.6408203125000003	0.5000000000000000	0.0000000139727652
0.6412109375000001	0.5000000000000000	0.0000000138558495
0.6416015625000002	0.5000000000000000	0.0000000137393783
0.6419921875000001	0.5000000000000000	0.0000000136233575
0.6423828125000002	0.5000000000000000	0.0000000135077927
0.6427734375000000	0.5000000000000000	0.0000000133926895
0.6431640625000001	0.5000000000000000	0.0000000132780536
0.6435546875000002	0.5000000000000000	0.0000000131638903
0.6439453125000001	0.5000000000000000	0.0000000130502048
0.6443359375000002	0.5000000000000000	0.0000000129370022
0.6447265625000003	0.5000000000000000	0.0000000128242877
0.6451171875000001	0.5000000000000000	0.0000000127120661
0.6455078125000002	0.5000000000000000	0.0000000126003423
0.6458984375000001	0.5000000000000000	0.0000000124891208
0.6462890625000002	0.5000000000000000	0.0000000123784063
0.6466796875000000	0.5000000000000000	0.0000000122682031
0.6470703125000001	0.5000000000000000	0.0000000121585157
0.6474609375000000	0.5000000000000000	0.0000000120493482
0.6478515625000001	0.5000000000000000	0.0000000119407047
0.6482421875000002	0.5000000000000000	0.0000000118325893
0.6486328125000000	0.5000000000000000	0.0000000117250057
0.6490234375000001	0.5000000000000000	0.0000000116179578
0.6494140625000002	0.5000000000000000	0.0000000115114492
0.6498046875000001	0.5000000000000000	0.0000000114054835
0.5189453125000001	0.5000000000000000	0.0000000126957150
0.5193359375000000	0.5000000000000000	0.0000000129595719
0.5197265625000000	0.5000000000000000	0.0000000132221873
0.5201171875000001	0.5000000000000000	0.0000000134835387
0.5205078125000000	0.5000000000000000	0.0000000137436039
0.5208984375000001	0.5000000000000000	0.0000000140023607
0.5212890625000002	0.5000000000000000	0.0000000142597874
0.5216796875000000	0.5000000000000000	0.0000000145158623
0.3501953125000000	0.5000000000000000	-0.0000000116393527
0.3505859375000001	0.5000000000000000	-0.0000000117480622
0.3509765625000000	0.5000000000000000	-0.0000000118573393
0.3513671875000000	0.5000000000000000	-0.0000000119671809
0.3517578125000000	0.5000000000000000	-0.0000000120775832
0.3521484375000000	0.5000000000000000	-0.0000000121885427
0.3525390625000000	0.5000000000000000	-0.0000000123000555
0.3529296875000000	0.5000000000000000	-0.0000000124121179
0.3533203125000000	0.5000000000000000	-0.0000000125247259
0.3537109375000000	0.5000000000000000	-0.0000000126378753
0.3541015625000000	0.5000000000000000	-0.0000000127515619
0.3544921875000001	0.5000000000000000	-0.0000000128657814
0.3548828125000000	0.5000000000000000	-0.0000000129805294
0.3552734375000001	0.5000000000000000	-0.0000000130958013
0.3556640625000000	0.5000000000000000	-0.0000000132115924
0.3560546875000001	0.5000000000000000	-0.0000000133278979
0.4783203125000000	0.5000000000000000	-0.0000000166102377
0.4787109375000000	0.5000000000000000	-0.0000000163576733
0.4791015625000000	0.5000000000000000	-0.0000000161036990
0.4794921874999999	0.5000000000000000	-0.0000000158483362
0.4798828124999999	0.5000000000000000	-0.0000000155916064
0.4802734375000000	0.5000000000000000	-0.0000000153335313
0.4806640624999999	0.5000000000000000	-0.0000000150741329
0.4810546875000000	0.5000000000000000	-0.0000000148134334
0.5126953125000000	0.5000000000000000	0.0000000083241646
0.5130859374999999	0.5000000000000000	0.0000000086046894
0.5134765625000000	0.5000000000000000	0.0000000088843552
0.5138671875000000	0.5000000000000000	0.0000000091631371
0.5142578124999999	0.5000000000000000	0.0000000094410099
0.5146484375000000	0.5000000000000000	0.0000000097179491
0.5150390625000001	0.5000000000000000	0.0000000099939299
0.5154296875000000	0.5000000000000000	0.0000000102689277
0.5158203125000000	0.5000000000000000	0.0000000105429184
0.5162109374999999	0.5000000000000000	0.0000000108158776
0.5166015625000000	0.5000000000000000	0.0000000110877814
0.5169921875000001	0.5000000000000000	0.0000000113586059
0.5173828125000000	0.5000000000000000	0.0000000116283274
0.5177734375000000	0.5000000000000000	0.0000000118969223
0.5181640625000001	0.5000000000000000	0.0000000121643673
0.5185546875000000	0.5000000000000000	0.0000000124306392
0.6501953125000002	0.5000000000000000	0.0000000113000641
0.6505859375000000	0.5000000000000000	0.0000000111951943
0.6509765625000001	0.5000000000000000	0.0000000110908773
0.6513671875000002	0.5000000000000000	0.0000000109871163
0.6517578125000001	0.5000000000000000	0.0000000108839142
0.6521484375000002	0.5000000000000000	0.0000000107812740
0.6525390625000003	0.5000000000000000	0.0000000106791985
0.6529296875000001	0.5000000000000000	0.0000000105776902
0.6533203125000002	0.5000000000000000	0.0000000104767520
0.6537109375000001	0.5000000000000000	0.0000000103763861
0.6541015625000002	0.5000000000000000	0.0000000102765951
0.6544921875000000	0.5000000000000000	0.0000000101773811
0.6548828125000001	0.5000000000000000	0.0000000100787464
0.6552734375000000	0.5000000000000000	0.0000000099806931
0.6556640625000001	0.5000000000000000	0.0000000098832232
0.6560546875000002	0.5000000000000000	0.0000000097863385
0.6564453125000000	0.5000000000000000	0.0000000096900409
0.6568359375000001	0.5000000000000000	0.0000000095943320
0.6572265625000002	0.5000000000000000	0.0000000094992135
0.6576171875000001	0.5000000000000000	0.0000000094046869
0.6580078125000002	0.5000000000000000	0.0000000093107536
0.6583984375000000	0.5000000000000000	0.0000000092174149
0.6587890625000001	0.5000000000000000	0.0000000091246721
0.6591796875000000	0.5000000000000000	0.0000000090325264
0.3564453125000001	0.5000000000000000	-0.0000000134447130
0.3568359375000001	0.5000000000000000	-0.0000000135620324
0.3572265625000001	0.5000000000000000	-0.0000000136798512
0.3576171875000001	0.5000000000000000	-0.0000000137981640
0.3580078125000001	0.5000000000000000	-0.0000000139169655
0.3583984375000001	0.5000000000000000	-0.0000000140362500
0.3587890625000000	0.5000000000000000	-0.0000000141560120
0.3591796875000001	0.5000000000000000	-0.0000000142762456
0.3595703125000000	0.5000000000000000	-0.0000000143969451
0.3599609375000001	0.5000000000000000	-0.0000000145181044
0.3603515625000001	0.5000000000000000	-0.0000000146397172
0.3607421875000000	0.5000000000000000	-0.0000000147617775
0.3611328125000000	0.5000000000000000	-0.0000000148842787
0.3615234375000000	0.5000000000000000	-0.0000000150072145
0.3619140625000000	0.5000000000000000	-0.0000000151305780
0.3623046875000001	0.5000000000000000	-0.0000000152543626
0.4814453124999999	0.5000000000000000	-0.0000000145514551
0.4818359375000000	0.5000000000000000	-0.0000000142882206
0.4822265625000000	0.5000000000000000	-0.0000000140237526
0.4826171875000000	0.5000000000000000	-0.0000000137580740
0.4830078125000000	0.5000000000000000	-0.0000000134912080
0.4833984375000000	0.5000000000000000	-0.0000000132231777
0.4837890625000000	0.5000000000000000	-0.0000000129540066
0.4841796875000000	0.5000000000000000	-0.0000000126837184
0.4845703125000000	0.5000000000000000	-0.0000000124123369
0.4849609375000000	0.5000000000000000	-0.0000000121398859
0.4853515625000000	0.5000000000000000	-0.0000000118663897
0.4857421875000000	0.5000000000000000	-0.0000000115918725
0.3439453125000000	0.5000000000000000	-0.0000000099795921
0.3443359375000000	0.5000000000000000	-0.0000000100788393
0.3447265625000000	0.5000000000000000	-0.0000000101786946
0.3451171875000000	0.5000000000000000	-0.0000000102791563
0.3455078125000000	0.5000000000000000	-0.0000000103802224
0.3458984375000000	0.5000000000000000	-0.0000000104818911
0.3462890625000000	0.5000000000000000	-0.0000000105841602
0.3466796875000001	0.5000000000000000	-0.0000000106870277
0.3470703125000000	0.5000000000000000	-0.0000000107904912
0.3474609375000001	0.5000000000000000	-0.0000000108945484
0.3478515625000000	0.5000000000000000	-0.0000000109991969
0.3482421875000001	0.5000000000000000	-0.0000000111044340
0.3486328125000001	0.5000000000000000	-0.0000000112102572
0.3490234375000000	0.5000000000000000	-0.0000000113166636
0.3494140625000000	0.5000000000000000	-0.0000000114236503
0.3498046875000000	0.5000000000000000	-0.0000000115312144
0.6595703125000001	0.5000000000000000	0.0000000089409787
0.6599609375000000	0.5000000000000000	0.0000000088500302
0.6603515625000000	0.5000000000000000	0.0000000087596816
0.6607421875000001	0.5000000000000000	0.0000000086699338
0.6611328125000000	0.5000000000000000	0.0000000085807875
0.6615234375000001	0.5000000000000000	0.0000000084922433
0.6619140625000002	0.5000000000000000	0.0000000084043018
0.6623046875000000	0.5000000000000000	0.0000000083169635
0.6626953125000001	0.5000000000000000	0.0000000082302287
0.6630859375000000	0.5000000000000000	0.0000000081440978
0.6634765625000001	0.5000000000000000	0.0000000080585710
0.6638671875000002	0.5000000000000000	0.0000000079736485
0.6650390625000002	0.5000000000000000	0.0000000077225127
0.6654296875000001	0.5000000000000000	0.0000000076400071
0.4861328125000000	0.5000000000000000	-0.0000000113163587
0.4865234375000000	0.5000000000000000	-0.0000000110398729
0.4869140625000000	0.5000000000000000	-0.0000000107624398
0.4873046875000000	0.5000000000000000	-0.0000000104840844
0.5103515624999999	0.5000000000000000	0.0000000066243982
0.5107421875000000	0.5000000000000000	0.0000000069095430
0.5111328124999999	0.5000000000000000	0.0000000071939819
0.5115234375000000	0.5000000000000000	0.0000000074776892
0.5119140625000000	0.5000000000000000	0.0000000077606391
0.5123046874999999	0.5000000000000000	0.0000000080428060
0.3376953125000000	0.5000000000000000	-0.0000000084754147
0.3380859375000000	0.5000000000000000	-0.0000000085647683
0.3384765625000000	0.5000000000000000	-0.0000000086547457
0.3388671875000001	0.5000000000000000	-0.0000000087453466
0.3392578125000000	0.5000000000000000	-0.0000000088365706
0.3396484375000000	0.5000000000000000	-0.0000000089284172
0.3400390625000000	0.5000000000000000	-0.0000000090208859
0.3404296875000000	0.5000000000000000	-0.0000000091139758
0.3408203125000000	0.5000000000000000	-0.0000000092076863
0.3412109375000000	0.5000000000000000	-0.0000000093020166
0.3416015625000000	0.5000000000000000	-0.0000000093969657
0.3419921875000000	0.5000000000000000	-0.0000000094925326
0.3423828125000000	0.5000000000000000	-0.0000000095887162
0.3427734375000000	0.5000000000000000	-0.0000000096855153
0.3431640625000000	0.5000000000000000	-0.0000000097829285
0.3435546875000000	0.5000000000000000	-0.0000000098809546
0.3361328125000000	0.5000000000000000	-0.0000000081242428
0.3365234375000000	0.5000000000000000	-0.0000000082110992
0.3369140625000000	0.5000000000000000	-0.0000000082985800
0.3373046875000000	0.5000000000000000	-0.0000000083866852
0.4876953125000000	0.5000000000000000	-0.0000000102048315
0.4880859375000000	0.5000000000000000	-0.0000000099247064
0.4884765625000000	0.5000000000000000	-0.0000000096437343
0.4888671875000000	0.5000000000000000	-0.0000000093619406
0.5629882812500000	0.5000000000000000	0.0000000075346379
0.5631835937499999	0.5000000000000000	0.0000000075402750
0.5633789062500000	0.5000000000000000	0.0000000075457781
0.5635742187500000	0.5000000000000000	0.0000000075511474
0.5637695312500001	0.5000000000000000	0.0000000075563833
0.5639648437500000	0.5000000000000000	0.0000000075614859
0.5641601562500000	0.5000000000000000	0.0000000075664554
0.5643554687500000	0.5000000000000000	0.0000000075712921
0.5645507812500000	0.5000000000000000	0.0000000075759962
0.5647460937500001	0.5000000000000000	0.0000000075805679
0.5649414062500001	0.5000000000000000	0.0000000075850076
0.5651367187500000	0.5000000000000000	0.0000000075893154
0.5653320312500001	0.5000000000000000	0.0000000075934915
0.5655273437500000	0.5000000000000000	0.0000000075975363
0.5657226562500001	0.5000000000000000	0.0000000076014499
0.5659179687500000	0.5000000000000000	0.0000000076052327
0.5661132812500000	0.5000000000000000	0.0000000076088849
0.5663085937500000	0.5000000000000000	0.0000000076124068
0.5665039062500000	0.5000000000000000	0.0000000076157986
0.5666992187500001	0.5000000000000000	0.0000000076190606
0.5668945312500001	0.5000000000000000	0.0000000076221931
0.5670898437500000	0.5000000000000000	0.0000000076251964
0.5672851562500001	0.5000000000000000	0.0000000076280707
0.5674804687500000	0.5000000000000000	0.0000000076308163
0.5676757812500001	0.5000000000000000	0.0000000076334336
0.5678710937500001	0.5000000000000000	0.0000000076359227
0.5680664062500002	0.5000000000000000	0.0000000076382840
0.5682617187500001	0.5000000000000000	0.0000000076405179
0.5684570312500001	0.5000000000000000	0.0000000076426245
0.5686523437500001	0.5000000000000000	0.0000000076446042
0.5688476562500001	0.5000000000000000	0.0000000076464574
0.5690429687500000	0.5000000000000000	0.0000000076481842
0.5692382812500001	0.5000000000000000	0.0000000076497851
0.5694335937500000	0.5000000000000000	0.0000000076512603
0.5696289062500001	0.5000000000000000	0.0000000076526102
0.5698242187500001	0.5000000000000000	0.0000000076538350
0.5700195312500002	0.5000000000000000	0.0000000076549352
0.5702148437500001	0.5000000000000000	0.0000000076559110
0.5704101562500001	0.5000000000000000	0.0000000076567628
0.5706054687500001	0.5000000000000000	0.0000000076574909
0.5708007812500001	0.5000000000000000	0.0000000076580956
0.5709960937500002	0.5000000000000000	0.0000000076585773
0.5711914062500002	0.5000000000000000	0.0000000076589363
0.5713867187500001	0.5000000000000000	0.0000000076591730
0.5715820312500002	0.5000000000000000	0.0000000076592877
0.5717773437500001	0.5000000000000000	0.0000000076592808
0.5719726562500002	0.5000000000000000	0.0000000076591525
0.5721679687500001	0.5000000000000000	0.0000000076589034
0.5723632812500001	0.5000000000000000	0.0000000076585337
0.5725585937500001	0.5000000000000000	0.0000000076580438
0.5727539062500001	0.5000000000000000	0.0000000076574340
0.5729492187500000	0.5000000000000000	0.0000000076567048
0.5731445312500001	0.5000000000000000	0.0000000076558564
0.5733398437500000	0.5000000000000000	0.0000000076548893
0.5735351562500001	0.5000000000000000	0.0000000076538039
0.5737304687500000	0.5000000000000000	0.0000000076526005
0.5739257812500000	0.5000000000000000	0.0000000076512795
0.5741210937500000	0.5000000000000000	0.0000000076498412
0.5743164062500000	0.5000000000000000	0.0000000076482862
0.5745117187500001	0.5000000000000000	0.0000000076466147
0.5747070312500001	0.5000000000000000	0.0000000076448271
0.5749023437500000	0.5000000000000000	0.0000000076429239
0.5750976562500001	0.5000000000000000	0.0000000076409054
0.5752929687500000	0.5000000000000000	0.0000000076387720
0.5754882812500001	0.5000000000000000	0.0000000076365242
0.5756835937500001	0.5000000000000000	0.0000000076341623
0.5758789062500002	0.5000000000000000	0.0000000076316867
0.5760742187500001	0.5000000000000000	0.0000000076290979
0.5762695312500001	0.5000000000000000	0.0000000076263962
0.5764648437500001	0.5000000000000000	0.0000000076235821
0.5766601562500001	0.5000000000000000	0.0000000076206560
0.5768554687500000	0.5000000000000000	0.0000000076176183
0.5770507812500001	0.5000000000000000	0.0000000076144693
0.5772460937500000	0.5000000000000000	0.0000000076112096
0.5778320312500000	0.5000000000000000	0.0000000076007716
0.5780273437500000	0.5000000000000000	0.0000000075970730
0.5614257812500000	0.5000000000000000	0.0000000074846921
0.5616210937500000	0.5000000000000000	0.0000000074914080
0.5622070312500000	0.5000000000000000	0.0000000075107447
0.5624023437500000	0.5000000000000000	0.0000000075169196
0.4282226562500000	0.5000000000000000	-0.0000000083478031
0.4284179687500000	0.5000000000000000	-0.0000000083497396
0.4286132812500001	0.5000000000000000	-0.0000000083515546
0.4288085937500000	0.5000000000000000	-0.0000000083532476
0.4290039062500001	0.5000000000000000	-0.0000000083548185
0.4291992187500000	0.5000000000000000	-0.0000000083562667
0.4293945312500000	0.5000000000000000	-0.0000000083575918
0.4295898437500000	0.5000000000000000	-0.0000000083587936
0.4313476562500000	0.5000000000000000	-0.0000000083639982
0.4315429687500000	0.5000000000000000	-0.0000000083639465
0.4317382812500000	0.5000000000000000	-0.0000000083637676
0.4319335937500001	0.5000000000000000	-0.0000000083634611
0.4321289062500000	0.5000000000000000	-0.0000000083630267
0.4323242187500000	0.5000000000000000	-0.0000000083624640
0.4325195312500001	0.5000000000000000	-0.0000000083617728
0.4327148437500000	0.5000000000000000	-0.0000000083609527
0.5786132812500000	0.5000000000000000	0.0000000075853288
0.5788085937499999	0.5000000000000000	0.0000000075811983
0.4235351562500000	0.5000000000000000	-0.0000000082659033
0.4237304687500000	0.5000000000000000	-0.0000000082706354
0.4243164062500000	0.5000000000000000	-0.0000000082841615
0.4245117187500000	0.5000000000000000	-0.0000000082884445
0.4250976562500001	0.5000000000000000	-0.0000000083006127
0.4252929687500000	0.5000000000000000	-0.0000000083044395
0.4258789062500000	0.5000000000000000	-0.0000000083152294
0.4260742187500001	0.5000000000000000	-0.0000000083185934
0.4262695312500001	0.5000000000000000	-0.0000000083218407
0.4264648437500000	0.5000000000000000	-0.0000000083249708
0.4266601562500001	0.5000000000000000	-0.0000000083279833
0.4268554687500000	0.5000000000000000	-0.0000000083308779
0.4270507812500001	0.5000000000000000	-0.0000000083336541
0.4272460937500000	0.5000000000000000	-0.0000000083363115
0.4274414062500000	0.5000000000000000	-0.0000000083388497
0.4276367187500000	0.5000000000000000	-0.0000000083412684
0.4278320312500000	0.5000000000000000	-0.0000000083435671
0.4280273437500001	0.5000000000000000	-0.0000000083457455
0.4297851562500000	0.5000000000000000	-0.0000000083598717
0.4299804687500000	0.5000000000000000	-0.0000000083608256
0.4301757812500000	0.5000000000000000	-0.0000000083616551
0.4303710937500000	0.5000000000000000	-0.0000000083623597
0.4305664062500000	0.5000000000000000	-0.0000000083629392
0.4307617187500000	0.5000000000000000	-0.0000000083633931
0.4309570312500001	0.5000000000000000	-0.0000000083637211
0.4311523437500000	0.5000000000000000	-0.0000000083639230
0.4329101562500001	0.5000000000000000	-0.0000000083600034
0.4331054687500000	0.5000000000000000	-0.0000000083589245
0.4333007812500000	0.5000000000000000	-0.0000000083577159
0.4334960937500000	0.5000000000000000	-0.0000000083563770
0.4336914062500000	0.5000000000000000	-0.0000000083549078
0.4338867187500000	0.5000000000000000	-0.0000000083533078
0.4340820312500000	0.5000000000000000	-0.0000000083515767
0.4342773437500000	0.5000000000000000	-0.0000000083497143
0.4344726562500000	0.5000000000000000	-0.0000000083477202
0.4346679687500000	0.5000000000000000	-0.0000000083455943
0.4352539062500000	0.5000000000000000	-0.0000000083384235
0.4354492187500000	0.5000000000000000	-0.0000000083357670
0.4360351562500000	0.5000000000000000	-0.0000000083269980
0.4362304687499999	0.5000000000000000	-0.0000000083238066
