0.7750000000000000	0.0007563737105841
0.8250000000000001	0.0000566424793704
0.8750000000000000	0.0000269281015159
0.9250000000000000	0.0000002529081730
0.9750000000000000	0.0000001073868567
0.4875000000000000	-0.0005283295270422
0.5125000000000000	0.0005186692899281
0.7125000000000001	0.0007425410732063
0.7375000000000000	0.0005321985727044
0.6562500000000001	0.0008207565121411
0.6687500000000001	0.0007447413262643
0.6812500000000000	0.0005668427688085
0.6937500000000001	0.0004923864260679
0.4687500000000000	-0.0006649976064119
0.5312500000000000	0.0005896497813886
0.5437500000000001	0.0007927937959735
0.4218750000000001	-0.0008392136118310
0.4281250000000000	-0.0007721286437321
0.4343750000000000	-0.0007050053234196
0.4406250000000000	-0.0006370750064603
0.4468750000000000	-0.0005694697141353
0.6031250000000001	0.0005610607727261
0.6093750000000000	0.0005627794150421
0.6156250000000001	0.0005391879565690
0.6218750000000002	0.0005333782880182
0.6281250000000000	0.0005010971587349
0.6343750000000001	0.0004892657469239
0.6406250000000002	0.0004508195423248
0.6468750000000001	0.0004347037023775
0.5531250000000001	0.0004422891743216
0.5593750000000000	0.0004800488106840
0.5656250000000000	0.0005040948427363
0.5718750000000001	0.0005330117044272
0.5781250000000000	0.0005447728612145
0.5843750000000001	0.0005643827131735
0.5906250000000002	0.0005635690088227
0.5968750000000000	0.0005739294005685
0.4531250000000000	-0.0005010752008191
0.4593750000000000	-0.0004333017365122
0.3359375000000000	-0.0008551831089267
0.3390625000000000	-0.0008403072718825
0.3421875000000000	-0.0008253529212541
0.3453125000000000	-0.0008103102703354
0.3484375000000001	-0.0007951948937880
0.3515625000000000	-0.0007799913161929
0.3546875000000000	-0.0007647198723910
0.3578125000000001	-0.0007493596080733
0.3609375000000000	-0.0007339369664097
0.3640625000000001	-0.0007184240197678
0.3671875000000000	-0.0007028549606795
0.3703125000000000	-0.0006871930916017
0.3734375000000000	-0.0006714823203333
0.3765625000000000	-0.0006556750553968
0.3796875000000000	-0.0006398272345748
0.3828125000000000	-0.0006238779069063
0.3859375000000000	-0.0006078977142235
0.3890625000000000	-0.0005918095420107
0.3921875000000000	-0.0005757017601400
0.3953125000000001	-0.0005594779750627
0.3984375000000000	-0.0005432476215002
0.4015625000000000	-0.0005268916592424
0.4046875000000000	-0.0005105441640012
0.4078125000000000	-0.0004940599292778
0.4109375000000001	-0.0004776013680502
0.4140625000000000	-0.0004609935860213
0.4171875000000000	-0.0004444309754587
0.0414062500000000	-0.0008602452473868
0.0429687500000000	-0.0008596824681896
0.0445312500000000	-0.0008590989743533
0.0460937500000000	-0.0008584947799768
0.0476562500000000	-0.0008578698995814
0.0492187500000000	-0.0008572243482586
0.0507812500000000	-0.0008565581415308
0.0523437500000000	-0.0008558712954811
0.0539062500000000	-0.0008551638266306
0.0554687500000000	-0.0008544357520532
0.0570312500000000	-0.0008536870892670
0.0585937500000000	-0.0008529178563351
0.0601562500000000	-0.0008521280717702
0.0617187500000000	-0.0008513177546238
0.0632812500000000	-0.0008504869244011
0.0648437500000000	-0.0008496356011401
0.0664062500000000	-0.0008487638053364
0.0679687500000000	-0.0008478715580128
0.0695312500000000	-0.0008469588806532
0.0710937500000000	-0.0008460257952636
0.0726562500000000	-0.0008450723243136
0.0742187500000000	-0.0008440984907905
0.0757812500000000	-0.0008431043181474
0.0773437500000000	-0.0008420898303508
0.0789062500000000	-0.0008410550518348
0.0804687500000000	-0.0008400000075431
0.0820312500000000	-0.0008389247228881
0.0835937500000000	-0.0008378292237885
0.0851562500000000	-0.0008367135366325
0.0867187500000000	-0.0008355776883114
0.0882812500000000	-0.0008344217061866
0.0898437500000000	-0.0008332456181193
0.0914062500000000	-0.0008320494524415
0.0929687500000000	-0.0008308332379817
0.0945312500000000	-0.0008295970040397
0.0960937500000000	-0.0008283407804087
0.0976562500000000	-0.0008270645973532
0.0992187500000000	-0.0008257684856284
0.1007812500000000	-0.0008244524764605
0.1023437500000000	-0.0008231166015638
0.1039062500000000	-0.0008217608931230
0.1054687500000000	-0.0008203853838087
0.1070312500000000	-0.0008189901067610
0.1085937500000000	-0.0008175750956036
0.1101562500000000	-0.0008161403844286
0.1117187500000000	-0.0008146860078097
0.1132812500000000	-0.0008132120007879
0.1148437500000000	-0.0008117183988832
0.1164062500000000	-0.0008102052380822
0.1179687500000000	-0.0008086725548482
0.1195312500000000	-0.0008071203861097
0.1210937500000000	-0.0008055487692696
0.1226562500000000	-0.0008039577421946
0.1242187500000000	-0.0008023473432239
0.1257812500000000	-0.0008007176111589
0.1273437500000000	-0.0007990685852712
0.1289062500000000	-0.0007974003052930
0.1304687500000000	-0.0007957128114248
0.1320312500000000	-0.0007940061443255
0.1335937500000000	-0.0007922803451209
0.1351562500000000	-0.0007905354553924
0.1367187500000000	-0.0007887715171872
0.1382812500000000	-0.0007869885730055
0.1398437500000000	-0.0007851866658117
0.1414062500000000	-0.0007833658390202
0.1429687500000000	-0.0007815261365091
0.1445312500000000	-0.0007796676026025
0.1460937500000000	-0.0007777902820882
0.1476562500000000	-0.0007758942201954
0.1492187500000000	-0.0007739794626175
0.1507812500000000	-0.0007720460554841
0.1523437500000000	-0.0007700940453905
0.1539062500000000	-0.0007681234793616
0.1554687500000000	-0.0007661344048904
0.1570312500000000	-0.0007641268698919
0.1585937500000000	-0.0007621009227534
0.1601562500000001	-0.0007600566122745
0.1617187500000000	-0.0007579939877326
0.1632812500000000	-0.0007559130988061
0.1648437500000000	-0.0007538139956596
0.1664062500000000	-0.0007516967288435
0.1679687500000000	-0.0007495613494064
0.1695312500000000	-0.0007474079087643
0.1710937500000000	-0.0007452364588467
0.1726562500000000	-0.0007430470519276
0.1742187500000000	-0.0007408397408155
0.1757812500000000	-0.0007386145786338
0.1773437500000000	-0.0007363716190688
0.1789062500000000	-0.0007341109160838
0.1804687500000000	-0.0007318325242421
0.1820312500000000	-0.0007295364983367
0.1835937500000000	-0.0007272228938087
0.1851562500000000	-0.0007248917662680
0.1867187500000000	-0.0007225431720359
0.1882812500000000	-0.0007201771675256
0.1898437500000000	-0.0007177938099421
0.1914062500000000	-0.0007153931564856
0.1929687500000000	-0.0007129752652517
0.1945312500000000	-0.0007105401942072
0.1960937500000000	-0.0007080880023490
0.1976562500000000	-0.0007056187483870
0.1992187500000000	-0.0007031324922324
0.2007812500000000	-0.0007006292933107
0.2023437500000000	-0.0006981092124663
0.2039062500000000	-0.0006955723098057
0.2054687500000000	-0.0006930186471317
0.2070312500000000	-0.0006904482851910
0.2085937500000000	-0.0006878612867773
0.2101562500000000	-0.0006852577132266
0.2117187500000000	-0.0006826376283663
0.2132812500000000	-0.0006800010940608
0.2148437500000000	-0.0006773481752249
0.2164062500000000	-0.0006746789341763
0.2179687500000000	-0.0006719934369863
0.2195312500000000	-0.0006692917463339
0.2210937500000000	-0.0006665739295343
0.2226562500000000	-0.0006638400495150
0.2242187500000000	-0.0006610901749444
0.2257812500000000	-0.0006583243688606
0.2273437500000000	-0.0006555427014219
0.2289062500000000	-0.0006527452356082
0.2304687500000000	-0.0006499320432378
0.2320312500000000	-0.0006471031870257
0.2335937500000000	-0.0006442587406611
0.2351562500000000	-0.0006413987663414
0.2367187500000000	-0.0006385233398870
0.2382812500000000	-0.0006356325226699
0.2398437500000000	-0.0006327263929618
0.2414062500000000	-0.0006298050109337
0.2429687500000000	-0.0006268684577015
0.2445312500000000	-0.0006239167917789
0.2460937500000000	-0.0006209500976064
0.2476562500000000	-0.0006179684314857
0.2492187500000000	-0.0006149718817673
0.2507812500000000	-0.0006119605018702
0.2523437500000000	-0.0006089343847666
0.2539062500000000	-0.0006058935801802
0.2554687500000000	-0.0006028381865686
0.2570312500000000	-0.0005997682489803
0.2585937500000000	-0.0005966838724021
0.2601562500000000	-0.0005935850960276
0.2617187500000000	-0.0005904720326310
0.2632812500000000	-0.0005873447141344
0.2648437500000000	-0.0005842032626133
0.2664062500000000	-0.0005810477010195
0.2679687500000000	-0.0005778781625454
0.2695312500000001	-0.0005746946591420
0.2710937500000000	-0.0005714973372912
0.2726562500000000	-0.0005682861955206
0.2742187500000000	-0.0005650613961939
0.2757812500000000	-0.0005618229215327
0.2773437500000000	-0.0005585709528677
0.2789062500000000	-0.0005553054526927
0.2804687500000000	-0.0005520266249679
0.2820312500000000	-0.0005487344084076
0.2835937500000000	-0.0005454290339375
0.2851562500000001	-0.0005421104117065
0.2867187500000000	-0.0005387788047263
0.2882812500000000	-0.0005354340889424
0.2898437500000000	-0.0005320765654830
0.2914062500000000	-0.0005287060694641
0.2929687500000001	-0.0005253229472138
0.2945312500000001	-0.0005219269852535
0.2960937500000000	-0.0005185185834092
0.2976562500000001	-0.0005150974705296
0.2992187500000000	-0.0005116641096337
0.3007812500000001	-0.0005082181613134
0.3023437500000000	-0.0005047601630773
0.3039062500000000	-0.0005012896949540
0.3054687500000000	-0.0004978073820674
0.3070312500000000	-0.0004943127096126
0.3085937500000001	-0.0004908064055383
0.3101562500000001	-0.0004872878437040
0.3117187500000000	-0.0004837578724586
0.3132812500000001	-0.0004802157352954
0.3148437500000000	-0.0004766624212144
0.3164062500000001	-0.0004730970214602
0.3179687500000001	-0.0004695206889512
0.3195312500000001	-0.0004659323375913
0.3210937500000001	-0.0004623333108727
0.3226562500000001	-0.0004587223166722
0.3242187500000001	-0.0004551009195028
0.3257812500000001	-0.0004514675885130
0.3273437500000000	-0.0004478241439110
0.3289062500000001	-0.0004441687789532
0.3304687500000000	-0.0004405036089106
0.3320312500000001	-0.0004368265090403
0.3335937500000000	-0.0004331399342351
0.0003906250000000	-0.0004337872322500
0.0011718750000000	-0.0004337846191142
0.0019531250000000	-0.0004337793928701
0.0027343750000000	-0.0004337715535953
0.0035156250000000	-0.0004337611012923
0.0042968750000000	-0.0004337480360672
0.0050781250000000	-0.0004337323579569
0.0058593750000000	-0.0004337140670964
0.0066406250000000	-0.0004336931635563
0.0074218750000000	-0.0004336696475010
0.0082031250000000	-0.0004336435190347
0.0089843750000000	-0.0004336147783511
0.0097656250000000	-0.0004335834255881
0.0105468750000000	-0.0004335494609686
0.0113281250000000	-0.0004335128846641
0.0121093750000000	-0.0004334736969271
0.0128906250000000	-0.0004334318979624
0.0136718750000000	-0.0004333874880520
0.0144531250000000	-0.0004333404674341
0.0152343750000000	-0.0004332908364203
0.0160156250000000	-0.0004332385952820
0.0167968750000000	-0.0004331837443607
0.0175781250000000	-0.0004331262839608
0.0183593750000000	-0.0004330662144536
0.0191406250000000	-0.0004330035361764
0.0199218750000000	-0.0004329382495306
0.0207031250000000	-0.0004328703548864
0.0214843750000000	-0.0004327998526751
0.0222656250000000	-0.0004327267432996
0.0230468750000000	-0.0004326510272216
0.0238281250000000	-0.0004325727048765
0.0246093750000000	-0.0004324917767560
0.0253906250000000	-0.0004324082433284
0.0261718750000000	-0.0004323221051155
0.0269531250000000	-0.0004322333626181
0.0277343750000000	-0.0004321420163883
0.0285156250000000	-0.0004320480669593
0.0292968750000000	-0.0004319515149136
0.0300781250000000	-0.0004318523608167
0.0308593750000000	-0.0004317506052815
0.0316406250000000	-0.0004316462489059
0.0324218750000000	-0.0004315392923331
0.0332031250000000	-0.0004314297361932
0.0339843750000000	-0.0004313175811599
0.0347656250000000	-0.0004312028278954
0.0355468750000000	-0.0004310854771041
0.0363281250000000	-0.0004309655294801
0.0371093750000000	-0.0004308429857583
0.0378906250000000	-0.0004307178466650
0.0386718750000000	-0.0004305901129654
0.0394531250000000	-0.0004304597854180
0.0402343750000000	-0.0004303268648185
