0.1500000000000000	0.0500000000000000	0.0000000009005664
0.1500000000000000	0.1500000000000000	0.0000000035227946
0.2500000000000000	0.0500000000000000	0.0000000049468395
0.3500000000000000	0.0500000000000000	0.0000000239257504
0.4500000000000000	0.0500000000000000	0.0000000023301438
0.5500000000000000	0.0500000000000000	0.0000000144708992
0.6500000000000001	0.0500000000000000	0.0000000272900676
0.7500000000000000	0.0500000000000000	0.0000000795743376
0.9500000000000000	0.5500000000000000	0.0034935067005197
0.0500000000000000	0.7500000000000000	0.0030296873245685
0.5250000000000000	0.2250000000000000	0.0000002039666474
0.5750000000000001	0.3750000000000000	0.0002507266728780
0.6250000000000001	0.6250000000000001	0.0000012579719967
0.6250000000000001	0.6750000000000002	0.0000048518942462
0.7749999999999999	0.6250000000000002	0.0000059963373272
0.7250000000000001	0.6750000000000002	0.0000039169152546
0.7749999999999999	0.6750000000000002	0.0000145220842965
0.6250000000000001	0.7250000000000001	0.0000092689420026
0.6750000000000000	0.7250000000000001	0.0000206195583382
0.6250000000000001	0.7749999999999999	0.0000354455817777
0.6750000000000000	0.7749999999999999	0.0000784207879700
0.0250000000000000	0.0250000000000000	0.0001418988965497
0.0750000000000000	0.0250000000000000	0.0003118045363406
0.0250000000000000	0.0750000000000000	0.0003382585971799
0.0750000000000000	0.0750000000000000	0.0007376395351710
0.0250000000000000	0.1250000000000000	0.0005948597449569
0.0750000000000000	0.1250000000000000	0.0009762999549885
0.0250000000000000	0.1750000000000000	0.0013935963779443
0.0750000000000000	0.1750000000000000	0.0022584811797191
0.3250000000000001	0.1250000000000000	0.0000000218355300
0.3750000000000000	0.1250000000000000	0.0000000279408770
0.3250000000000001	0.1750000000000000	0.0000001353735832
0.3750000000000000	0.1750000000000000	0.0000001671179371
0.5250000000000000	0.1250000000000000	0.0000000293623184
0.5750000000000001	0.1250000000000000	0.0000000272693837
0.5250000000000000	0.1750000000000000	0.0000001618962856
0.5750000000000001	0.1750000000000000	0.0000001370409304
0.7250000000000001	0.1250000000000000	0.0000022018253621
0.7749999999999999	0.1250000000000000	0.0000027341247362
0.7250000000000001	0.1750000000000000	0.0000129625828433
0.7749999999999999	0.1750000000000000	0.0000159511670965
0.8250000000000001	0.0250000000000000	0.0000014683066366
0.8750000000000000	0.0250000000000000	0.0000008749225093
0.8250000000000001	0.0750000000000000	0.0000081444411756
0.8750000000000002	0.0750000000000000	0.0000047436690056
0.9250000000000000	0.0250000000000000	0.0098134092508338
0.9750000000000000	0.0250000000000000	0.0000000714921941
0.9250000000000000	0.0750000000000000	0.0110881307261946
0.9750000000000001	0.0750000000000000	0.0000001110028381
0.8250000000000001	0.1250000000000000	0.0000003885532725
0.8750000000000002	0.1250000000000000	0.0000018571519172
0.8250000000000001	0.1750000000000000	0.0000006012023832
0.9250000000000000	0.1250000000000000	0.0000000148055403
0.9250000000000000	0.1750000000000000	0.0000000077993492
0.9750000000000001	0.1750000000000000	0.0000000476794716
0.1250000000000000	0.2250000000000000	0.0000004902124060
0.1750000000000000	0.2250000000000000	0.0000023235067440
0.1250000000000000	0.2750000000000000	0.0000002560851121
0.1750000000000000	0.2750000000000000	0.0000012075808251
0.0250000000000000	0.3250000000000001	0.0000000103890477
0.0250000000000000	0.3750000000000000	0.0000000093991214
0.6250000000000001	0.2250000000000000	0.0000003378664584
0.6750000000000000	0.2750000000000000	0.0000014073553316
0.6250000000000001	0.3250000000000001	0.0000000120422349
0.6750000000000000	0.3250000000000001	0.0000000724848446
0.6250000000000001	0.3750000000000000	0.0000000079275167
0.9250000000000000	0.2250000000000000	0.0000096693796943
0.9250000000000000	0.2750000000000000	0.0000049956324449
0.9750000000000000	0.2750000000000000	0.0000181018470965
0.8250000000000001	0.3250000000000001	0.0001128692252127
0.8750000000000000	0.3250000000000001	0.0003151078849675
0.8250000000000001	0.3750000000000000	0.0000573864009569
0.8750000000000000	0.3750000000000000	0.0001580975275055
0.9250000000000000	0.3250000000000001	0.0006580861028840
0.9750000000000000	0.3250000000000001	0.0014197786481500
0.9250000000000000	0.3750000000000000	0.0009830047357829
0.9750000000000000	0.3750000000000000	0.0020974813173811
0.0250000000000000	0.4250000000000000	0.0026409705106791
0.0750000000000000	0.4250000000000000	0.0041843725555560
0.0250000000000000	0.4750000000000000	0.0038446911370703
0.0250000000000000	0.5250000000000000	0.0007659825915874
0.5250000000000000	0.4250000000000000	0.0028256606418587
0.4250000000000000	0.5250000000000000	0.0000065069315092
0.4250000000000000	0.5750000000000001	0.0000057339785689
0.4750000000000000	0.5750000000000001	0.0000204158607495
0.8250000000000001	0.4250000000000000	0.0000735611155415
0.8750000000000000	0.4250000000000000	0.0002021806982633
0.8250000000000001	0.4750000000000000	0.0000633695089818
0.8750000000000000	0.4750000000000000	0.0001712902757988
0.8250000000000001	0.6250000000000001	0.0000071202883147
0.8750000000000000	0.6250000000000002	0.0000250346587234
0.8250000000000001	0.6750000000000002	0.0000045137362345
0.8750000000000000	0.6750000000000002	0.0000156216537489
0.8250000000000001	0.7250000000000001	0.0000764701672036
0.8750000000000000	0.7250000000000001	0.0002021029822834
0.8250000000000001	0.7749999999999999	0.0000467411091766
0.8750000000000000	0.7749999999999999	0.0001200575405261
0.9250000000000000	0.7250000000000001	0.0004848340912162
0.9750000000000000	0.7250000000000001	0.0010214213389367
0.9250000000000000	0.7749999999999999	0.0004016066629900
0.9750000000000000	0.7749999999999999	0.0008174691269453
0.0250000000000000	0.8250000000000001	0.0018970866748488
0.0750000000000000	0.8250000000000001	0.0030683370090237
0.0250000000000000	0.8750000000000000	0.0014390545024326
0.0750000000000000	0.8750000000000000	0.0021352730490461
0.1250000000000000	0.8250000000000001	0.0004588430996163
0.1750000000000000	0.8250000000000001	0.0008859335059292
0.1250000000000000	0.8750000000000000	0.0002614678761539
0.1750000000000000	0.8750000000000000	0.0004721985917531
0.0250000000000000	0.9250000000000000	0.0014254794327227
0.0750000000000000	0.9250000000000000	0.0018073815852020
0.0250000000000000	0.9750000000000000	0.0006719901520878
0.0750000000000000	0.9750000000000000	0.0006339153719350
0.2250000000000000	0.8250000000000001	0.0054318059846319
0.2750000000000000	0.8250000000000001	0.0059109863765673
0.2250000000000000	0.8750000000000000	0.0075304439728060
0.2750000000000000	0.8750000000000000	0.0078957887238789
0.2250000000000000	0.9250000000000000	0.0045863840218366
0.2750000000000000	0.9250000000000000	0.0030515492625816
0.2250000000000000	0.9750000000000000	0.0057389259014956
0.3250000000000001	0.9250000000000000	0.0045560734438270
0.3750000000000000	0.9250000000000000	0.0039277771516883
0.3250000000000001	0.9750000000000000	0.0010776765384720
0.3750000000000000	0.9750000000000000	0.0000899816629013
0.4250000000000000	0.8250000000000001	0.0013439087507517
0.4750000000000000	0.8250000000000001	0.0000850010958946
0.4250000000000000	0.8750000000000000	0.0016103111044848
0.4750000000000000	0.8750000000000000	0.0014177778049286
0.5250000000000000	0.8250000000000001	0.0038507143880896
0.5750000000000001	0.8250000000000001	0.0062642774394907
0.5250000000000000	0.8750000000000000	0.0078639559527914
0.5750000000000001	0.8750000000000000	0.0093364345429218
0.4250000000000000	0.9250000000000000	0.0059126050212602
0.4750000000000000	0.9250000000000000	0.0043223443669400
0.4250000000000000	0.9750000000000000	0.0074652310263737
0.4750000000000000	0.9750000000000000	0.0050478619494016
0.5250000000000000	0.9250000000000000	0.0154905383549051
0.5750000000000001	0.9250000000000000	0.0093765789192378
0.5250000000000000	0.9750000000000000	0.0128663539036538
0.5750000000000001	0.9750000000000000	0.0069638399646795
0.6250000000000001	0.8250000000000001	0.0066788041946392
0.6750000000000000	0.8250000000000001	0.0042698779257338
0.6250000000000001	0.8750000000000000	0.0046620593254989
0.6750000000000000	0.8750000000000000	0.0028786282496207
0.7250000000000001	0.8250000000000001	0.0000297151310028
0.7749999999999999	0.8250000000000001	0.0000251260746026
0.7250000000000001	0.8750000000000000	0.0001587902559384
0.7749999999999999	0.8750000000000000	0.0000960313783024
0.6250000000000001	0.9250000000000000	0.0000094615220747
0.6750000000000000	0.9250000000000000	0.0000034574633959
0.6250000000000001	0.9750000000000000	0.0000291487438595
0.6750000000000000	0.9750000000000000	0.0000098455814039
0.7250000000000001	0.9250000000000000	0.0006088863972409
0.7749999999999999	0.9250000000000000	0.0003143250489562
0.7250000000000001	0.9750000000000000	0.0012057761296252
0.7749999999999999	0.9750000000000000	0.0005751333401879
0.8250000000000001	0.8250000000000001	0.0000812631346953
0.8750000000000000	0.8250000000000001	0.0000259519963885
0.8250000000000001	0.8750000000000000	0.0001374352495740
0.8750000000000002	0.8750000000000000	0.0000423907894099
0.9250000000000000	0.8250000000000001	0.0000005011350298
0.9750000000000000	0.8250000000000001	0.0000001145390135
0.9250000000000000	0.8750000000000000	0.0000013098144658
0.9750000000000001	0.8750000000000000	0.0000002890270782
0.8250000000000001	0.9250000000000000	0.0000000075301314
0.8750000000000002	0.9250000000000000	0.0000000011706145
0.8250000000000001	0.9750000000000000	0.0000000179310951
0.8750000000000001	0.9750000000000000	0.0000000026994261
0.9250000000000000	0.9250000000000000	0.0000031920368869
0.9750000000000001	0.9250000000000000	0.0000006857043221
0.9250000000000000	0.9750000000000000	0.0000049898239770
0.9750000000000001	0.9750000000000000	0.0000010511382973
0.2250000000000000	0.1250000000000000	0.0000000409303298
0.2750000000000000	0.1250000000000000	0.0000000061223811
0.2250000000000000	0.1750000000000000	0.0000000607070916
0.2750000000000000	0.1750000000000000	0.0000000089215486
0.4250000000000000	0.1250000000000000	0.0019067361229736
0.4750000000000000	0.1250000000000000	0.0008592795821679
0.4250000000000000	0.1750000000000000	0.0020742993030553
0.4750000000000000	0.1750000000000000	0.0009025619892197
0.6250000000000001	0.1250000000000000	0.0001910481180923
0.6750000000000000	0.1250000000000000	0.0000572676901809
0.6250000000000001	0.1750000000000000	0.0001927036568439
0.6750000000000000	0.1750000000000000	0.0000566495435311
0.0250000000000000	0.2250000000000000	0.0016459737515816
0.0750000000000000	0.2250000000000000	0.0006955938053133
0.0250000000000000	0.2750000000000000	0.0010696635576317
0.0750000000000000	0.2750000000000000	0.0004432194231841
0.7250000000000001	0.2250000000000000	0.0001425248564434
0.7749999999999999	0.2250000000000000	0.0000411763547783
0.7250000000000001	0.2750000000000000	0.0000886214040585
0.7749999999999999	0.2750000000000000	0.0000252889092995
0.7250000000000001	0.3250000000000001	0.0000064485656430
0.7749999999999999	0.3250000000000001	0.0000013361665189
0.7250000000000001	0.3750000000000000	0.0000062139584136
0.7749999999999999	0.3750000000000000	0.0000012721348590
0.8250000000000001	0.2250000000000000	0.0000000750181188
0.8750000000000000	0.2250000000000000	0.0000000109303085
0.8250000000000001	0.2750000000000000	0.0000000702116785
0.8750000000000000	0.2750000000000000	0.0000000101613488
0.9250000000000000	0.4250000000000000	0.0000043874688812
0.9750000000000000	0.4250000000000000	0.0000008878570329
0.9250000000000000	0.4750000000000000	0.0000026495857004
0.9750000000000000	0.4750000000000000	0.0000005320438839
0.8250000000000001	0.5250000000000000	0.0000000477679870
0.8750000000000000	0.5250000000000000	0.0000000068267484
0.8250000000000001	0.5750000000000001	0.0000000284700605
0.8750000000000000	0.5750000000000001	0.0000000040783739
0.0250000000000000	0.6250000000000001	0.0000000160349160
0.0750000000000000	0.6250000000000001	0.0000000160349174
0.0250000000000000	0.6750000000000002	0.0000000174440205
0.0750000000000000	0.6750000000000002	0.0000000077336263
0.1250000000000000	0.7250000000000001	0.0000000830471088
0.1750000000000000	0.7250000000000001	0.0000003748881445
0.1250000000000000	0.7749999999999999	0.0000000395590605
0.1750000000000000	0.7749999999999999	0.0000001757855762
0.3250000000000001	0.6250000000000001	0.0000000028115941
0.3750000000000000	0.6250000000000002	0.0000000010538666
0.3250000000000001	0.6750000000000002	0.0000000029279218
0.3750000000000000	0.6750000000000002	0.0000000003846495
0.2250000000000000	0.7250000000000001	0.0000000053065104
0.2750000000000000	0.7250000000000001	0.0000000230989090
0.2250000000000000	0.7749999999999999	0.0000000018972901
0.2750000000000000	0.7749999999999999	0.0000000080293679
0.7250000000000001	0.7250000000000001	0.0000014701187471
0.7749999999999999	0.7250000000000001	0.0000049840380486
0.7250000000000001	0.7749999999999999	0.0000006752720377
0.7749999999999999	0.7749999999999999	0.0000022256874137
0.9250000000000000	0.6250000000000001	0.0000144979921763
0.9750000000000000	0.6250000000000001	0.0000357423765240
0.9250000000000000	0.6750000000000002	0.0000062150609940
0.9750000000000000	0.6750000000000002	0.0000143614329907
0.1250000000000000	0.9250000000000000	0.0000000862685878
0.1750000000000000	0.9250000000000000	0.0000002729662547
0.1250000000000000	0.9750000000000000	0.0000000287881307
0.1750000000000000	0.9750000000000000	0.0000000853954652
0.3250000000000001	0.8250000000000001	0.0000007145993033
0.3750000000000000	0.8250000000000001	0.0000014677297168
0.3250000000000001	0.8750000000000000	0.0000001987116555
0.3750000000000000	0.8750000000000000	0.0000003060641364
0.1125000000000000	0.3125000000000001	0.0000000001443839
0.1375000000000000	0.3125000000000001	0.0000000009005664
0.1125000000000000	0.3375000000000001	0.0000000005659637
0.1375000000000000	0.3375000000000001	0.0000000035227946
0.1625000000000000	0.3125000000000001	0.0000000049468395
0.1875000000000000	0.3125000000000001	0.0000000239257504
0.1625000000000000	0.3375000000000001	0.0000000193069414
0.1875000000000000	0.3375000000000001	0.0000000931459602
0.1125000000000000	0.3625000000000000	0.0000000023301438
0.1375000000000000	0.3625000000000000	0.0000000144708992
0.1125000000000000	0.3875000000000000	0.0000000057328298
0.1375000000000000	0.3875000000000000	0.0000000355136038
0.2625000000000000	0.2625000000000000	0.0000000272900676
0.2875000000000000	0.2625000000000000	0.0000000795743376
0.2625000000000000	0.2875000000000000	0.0000001654504793
0.2875000000000000	0.2875000000000000	0.0000004809287526
0.3125000000000001	0.2125000000000000	0.0000000019114988
0.3375000000000000	0.2125000000000000	0.0000000043252286
0.3125000000000001	0.2375000000000000	0.0000000124829083
0.3375000000000000	0.2375000000000000	0.0000000281026612
0.3625000000000000	0.2125000000000000	0.0000000085654351
0.3875000000000000	0.2125000000000000	0.0000000147601265
0.3625000000000000	0.2375000000000000	0.0000000552166782
0.3875000000000000	0.2375000000000000	0.0000000938955855
0.3125000000000001	0.2625000000000000	0.0000002039666474
0.3375000000000000	0.2625000000000000	0.0000004578731345
0.3125000000000001	0.2875000000000000	0.0000012283813361
0.3375000000000000	0.2875000000000000	0.0000027461914718
0.2625000000000000	0.3625000000000000	0.0000196185166031
0.2875000000000000	0.3625000000000000	0.0000563411458993
0.2625000000000000	0.3875000000000000	0.0000473007761274
0.2875000000000000	0.3875000000000000	0.0001351337933372
0.3625000000000000	0.3125000000000001	0.0000399617435770
0.3875000000000000	0.3125000000000001	0.0000669341366950
0.3625000000000000	0.3375000000000001	0.0001509603519451
0.3875000000000000	0.3375000000000001	0.0002507266728780
0.4625000000000000	0.2625000000000000	0.0000027115813221
0.4875000000000000	0.2625000000000000	0.0000023675829261
0.4625000000000000	0.2875000000000000	0.0000156121943656
0.4875000000000000	0.2875000000000000	0.0000134409878394
0.5625000000000000	0.2125000000000000	0.0000000796726590
0.5875000000000001	0.2125000000000000	0.0000000014399440
0.5625000000000000	0.2375000000000000	0.0000001769937459
0.5875000000000001	0.2375000000000000	0.0000000091790185
0.5625000000000000	0.2625000000000000	0.0000003072363301
0.5875000000000001	0.2625000000000000	0.0000001221740313
0.5625000000000000	0.2875000000000000	0.0000015935224139
0.5875000000000001	0.2875000000000000	0.0000006075625320
0.4125000000000000	0.3125000000000001	0.0000948814676860
0.4375000000000000	0.3125000000000001	0.0001152162339841
0.4125000000000000	0.3375000000000001	0.0003513046677599
0.4375000000000001	0.3375000000000001	0.0004206886608876
0.4625000000000000	0.3125000000000001	0.0001103341277947
0.4875000000000000	0.3125000000000001	0.0000929298237591
0.4625000000000000	0.3375000000000001	0.0003941725634253
0.4875000000000000	0.3375000000000001	0.0003241888130224
0.4125000000000000	0.3625000000000000	0.0013431802892919
0.4375000000000001	0.3625000000000000	0.0015733801320765
0.4125000000000000	0.3875000000000000	0.0030506252650855
0.4375000000000001	0.3875000000000000	0.0034935067005197
0.4625000000000000	0.3625000000000000	0.0014171873738502
0.4875000000000000	0.3625000000000000	0.0011185351772128
0.4625000000000000	0.3875000000000000	0.0030296873245685
0.4875000000000000	0.3875000000000000	0.0022908769660571
0.5125000000000000	0.3125000000000001	0.0000540220590115
0.5375000000000001	0.3125000000000001	0.0000303335489645
0.5125000000000000	0.3375000000000001	0.0001804338415329
0.5375000000000001	0.3375000000000001	0.0000969131375165
0.5625000000000000	0.3125000000000001	0.0000093827022345
0.5875000000000001	0.3125000000000001	0.0000033421498698
0.5625000000000000	0.3375000000000001	0.0000270399172705
0.5875000000000001	0.3375000000000001	0.0000086485953390
0.5125000000000000	0.3625000000000000	0.0005691641988054
0.5375000000000001	0.3625000000000000	0.0002805260696971
0.5125000000000000	0.3875000000000000	0.0010686899519664
0.5375000000000001	0.3875000000000000	0.0004779917074688
0.1625000000000000	0.5625000000000001	0.0000003823612399
0.1875000000000000	0.5625000000000001	0.0000017652733019
0.1625000000000000	0.5875000000000001	0.0000002478982026
0.1875000000000000	0.5875000000000001	0.0000011330418323
0.2125000000000000	0.4125000000000000	0.0000078029616359
0.2375000000000000	0.4125000000000000	0.0000288002539722
0.2125000000000000	0.4375000000000000	0.0000119727743716
0.2375000000000000	0.4375000000000000	0.0000439646899286
0.2625000000000000	0.4125000000000000	0.0000933236627877
0.2875000000000000	0.4125000000000000	0.0002649447514708
0.2625000000000000	0.4375000000000000	0.0001416156679443
0.2875000000000000	0.4375000000000000	0.0003991907967047
0.1625000000000000	0.3625000000000000	0.0000000791105849
0.1875000000000000	0.3625000000000000	0.0000003806099869
0.1625000000000000	0.3875000000000000	0.0000001936106017
0.1875000000000000	0.3875000000000000	0.0000009286071817
0.2125000000000000	0.2125000000000000	0.0000000115420580
0.2375000000000000	0.2125000000000000	0.0000000000758736
0.2125000000000000	0.2375000000000000	0.0000000200363354
0.2375000000000000	0.2375000000000000	0.0000000004996590
0.2625000000000000	0.2125000000000000	0.0000000002527701
0.2875000000000000	0.2125000000000000	0.0000000007410856
0.2625000000000000	0.2375000000000000	0.0000000016607668
0.2875000000000000	0.2375000000000000	0.0000000048556827
0.2125000000000000	0.2625000000000000	0.0000001023436116
0.2375000000000000	0.2625000000000000	0.0000000082310180
0.2125000000000000	0.2875000000000000	0.0000002038524551
0.2375000000000000	0.2875000000000000	0.0000000500407266
0.3625000000000000	0.2625000000000000	0.0000008973131049
0.3875000000000000	0.2625000000000000	0.0000015238700993
0.3625000000000000	0.2875000000000000	0.0000053554604739
0.3875000000000000	0.2875000000000000	0.0000090411932390
0.2125000000000000	0.3125000000000001	0.0000001018662959
0.2375000000000000	0.3125000000000001	0.0000003816574742
0.2125000000000000	0.3375000000000001	0.0000003954797228
0.2375000000000000	0.3375000000000001	0.0000014771443253
0.2625000000000000	0.3125000000000001	0.0000012579719967
0.2875000000000000	0.3125000000000001	0.0000036437305941
0.2625000000000000	0.3375000000000001	0.0000048518942462
0.2875000000000000	0.3375000000000001	0.0000139979109438
0.2125000000000000	0.3625000000000000	0.0000016110082551
0.2375000000000000	0.3625000000000000	0.0000059963373272
0.2125000000000000	0.3875000000000000	0.0000039169152546
0.2375000000000000	0.3875000000000000	0.0000145220842965
0.3125000000000001	0.3125000000000001	0.0000092689420026
0.3375000000000000	0.3125000000000001	0.0000206195583382
0.3125000000000001	0.3375000000000001	0.0000354455817777
0.3375000000000000	0.3375000000000001	0.0000784207879700
0.3125000000000001	0.3625000000000000	0.0001418988965497
0.3375000000000000	0.3625000000000000	0.0003118045363406
0.3125000000000001	0.3875000000000000	0.0003382585971799
0.3375000000000000	0.3875000000000000	0.0007376395351710
0.3625000000000000	0.3625000000000000	0.0005948597449569
0.3875000000000000	0.3625000000000000	0.0009762999549885
0.3625000000000000	0.3875000000000000	0.0013935963779443
0.3875000000000000	0.3875000000000000	0.0022584811797191
0.4125000000000000	0.2125000000000000	0.0000000218355300
0.4375000000000000	0.2125000000000000	0.0000000279408770
0.4125000000000000	0.2375000000000000	0.0000001353735832
0.4375000000000001	0.2375000000000000	0.0000001671179371
0.4625000000000000	0.2125000000000000	0.0000000293623184
0.4875000000000000	0.2125000000000000	0.0000000272693837
0.4625000000000000	0.2375000000000000	0.0000001618962856
0.4875000000000000	0.2375000000000000	0.0000001370409304
0.4125000000000000	0.2625000000000000	0.0000022018253621
0.4375000000000001	0.2625000000000000	0.0000027341247362
0.4125000000000000	0.2875000000000000	0.0000129625828433
0.4375000000000001	0.2875000000000000	0.0000159511670965
0.5125000000000000	0.2625000000000000	0.0000014683066366
0.5375000000000001	0.2625000000000000	0.0000008749225093
0.5125000000000000	0.2875000000000000	0.0000081444411756
0.5375000000000001	0.2875000000000000	0.0000047436690056
0.1125000000000000	0.4125000000000000	0.0098134092508338
0.1375000000000000	0.4125000000000000	0.0000000714921941
0.1125000000000000	0.4375000000000000	0.0110881307261946
0.1375000000000000	0.4375000000000000	0.0000001110028381
0.1625000000000000	0.4125000000000000	0.0000003885532725
0.1875000000000000	0.4125000000000000	0.0000018571519172
0.1625000000000000	0.4375000000000000	0.0000006012023832
0.1875000000000000	0.4375000000000000	0.0000028623151020
0.1125000000000000	0.4625000000000000	0.0000000148055403
0.1375000000000000	0.4625000000000000	0.0000000908651410
0.1125000000000000	0.4875000000000000	0.0000000077993492
0.1375000000000000	0.4875000000000000	0.0000000476794716
0.1625000000000000	0.4625000000000000	0.0000004902124060
0.1875000000000000	0.4625000000000000	0.0000023235067440
0.1625000000000000	0.4875000000000000	0.0000002560851121
0.1875000000000000	0.4875000000000000	0.0000012075808251
0.1125000000000000	0.5125000000000000	0.0000000103890477
0.1375000000000000	0.5125000000000000	0.0000000632287950
0.1125000000000000	0.5375000000000001	0.0000000093991214
0.1375000000000000	0.5375000000000001	0.0000000569121400
0.1625000000000000	0.5125000000000000	0.0000003378664584
0.1875000000000000	0.5125000000000000	0.0000015838687911
0.1625000000000000	0.5375000000000001	0.0000003023136675
0.1875000000000000	0.5375000000000001	0.0000014073553316
0.1125000000000000	0.5625000000000001	0.0000000120422349
0.1375000000000000	0.5625000000000001	0.0000000724848446
0.1125000000000000	0.5875000000000001	0.0000000079275167
0.1375000000000000	0.5875000000000001	0.0000000473860826
0.2125000000000000	0.4625000000000000	0.0000096693796943
0.2375000000000000	0.4625000000000000	0.0000352922801679
0.2125000000000000	0.4875000000000000	0.0000049956324449
0.2375000000000000	0.4875000000000000	0.0000181018470965
0.2625000000000000	0.4625000000000000	0.0001128692252127
0.2875000000000000	0.4625000000000000	0.0003151078849675
0.2625000000000000	0.4875000000000000	0.0000573864009569
0.2875000000000000	0.4875000000000000	0.0001580975275055
0.3125000000000001	0.4125000000000000	0.0006580861028840
0.3375000000000000	0.4125000000000000	0.0014197786481500
0.3125000000000001	0.4375000000000000	0.0009830047357829
0.3375000000000000	0.4375000000000000	0.0020974813173811
0.3625000000000000	0.4125000000000000	0.0026409705106791
0.3875000000000000	0.4125000000000000	0.0041843725555560
0.3625000000000000	0.4375000000000000	0.0038446911370703
0.3875000000000000	0.4375000000000000	0.0059741724622688
0.3125000000000001	0.4625000000000000	0.0007659825915874
0.3375000000000000	0.4625000000000000	0.0015995413543124
0.3125000000000001	0.4875000000000000	0.0003769179187330
0.3375000000000000	0.4875000000000000	0.0007574728521786
0.3625000000000000	0.4625000000000000	0.0028256606418587
0.3875000000000000	0.4625000000000000	0.0041307689842125
0.3625000000000000	0.4875000000000000	0.0012403002819322
0.3875000000000000	0.4875000000000000	0.0015668790673218
0.2125000000000000	0.5125000000000000	0.0000065069315092
0.2375000000000000	0.5125000000000000	0.0000234038010374
0.2125000000000000	0.5375000000000001	0.0000057339785689
0.2375000000000000	0.5375000000000001	0.0000204158607495
0.2625000000000000	0.5125000000000000	0.0000735611155415
0.2875000000000000	0.5125000000000000	0.0002021806982633
0.2625000000000000	0.5375000000000001	0.0000633695089818
0.2875000000000000	0.5375000000000001	0.0001712902757988
0.2125000000000000	0.5625000000000001	0.0000071202883147
0.2375000000000000	0.5625000000000001	0.0000250346587234
0.2125000000000000	0.5875000000000001	0.0000045137362345
0.2375000000000000	0.5875000000000001	0.0000156216537489
0.2625000000000000	0.5625000000000001	0.0000764701672036
0.2875000000000000	0.5625000000000001	0.0002021029822834
0.2625000000000000	0.5875000000000001	0.0000467411091766
0.2875000000000000	0.5875000000000001	0.0001200575405261
0.3125000000000001	0.5125000000000000	0.0004848340912162
0.3375000000000000	0.5125000000000000	0.0010214213389367
0.3125000000000001	0.5375000000000001	0.0004016066629900
0.3375000000000000	0.5375000000000001	0.0008174691269453
0.3625000000000000	0.5125000000000000	0.0018970866748488
0.3875000000000000	0.5125000000000000	0.0030683370090237
0.3625000000000000	0.5375000000000001	0.0014390545024326
0.3875000000000000	0.5375000000000001	0.0021352730490461
0.3125000000000001	0.5625000000000001	0.0004588430996163
0.3375000000000000	0.5625000000000001	0.0008859335059292
0.3125000000000001	0.5875000000000001	0.0002614678761539
0.3375000000000000	0.5875000000000001	0.0004721985917531
0.3625000000000000	0.5625000000000001	0.0014254794327227
0.3875000000000000	0.5625000000000001	0.0018073815852020
0.3625000000000000	0.5875000000000001	0.0006719901520878
0.3875000000000000	0.5875000000000001	0.0006339153719350
0.4125000000000000	0.4125000000000000	0.0054318059846319
0.4375000000000000	0.4125000000000000	0.0059109863765673
0.4125000000000000	0.4375000000000000	0.0075304439728060
0.4375000000000001	0.4375000000000000	0.0078957887238789
0.4625000000000000	0.4125000000000000	0.0045863840218366
0.4875000000000000	0.4125000000000000	0.0030515492625816
0.4625000000000000	0.4375000000000000	0.0057389259014956
0.4875000000000000	0.4375000000000000	0.0035247985357442
0.4125000000000000	0.4625000000000000	0.0045560734438270
0.4375000000000001	0.4625000000000000	0.0039277771516883
0.4125000000000000	0.4875000000000000	0.0010776765384720
0.4375000000000001	0.4875000000000000	0.0000899816629013
0.4625000000000000	0.4625000000000000	0.0013439087507517
0.4875000000000000	0.4625000000000000	0.0000850010958946
0.4625000000000000	0.4875000000000000	0.0016103111044848
0.4875000000000000	0.4875000000000000	0.0014177778049286
0.5125000000000000	0.5125000000000000	0.0038507143880896
0.5375000000000001	0.5125000000000000	0.0062642774394907
0.5125000000000000	0.5375000000000001	0.0078639559527914
0.5375000000000001	0.5375000000000001	0.0093364345429218
0.5625000000000000	0.5125000000000000	0.0059126050212602
0.5875000000000001	0.5125000000000000	0.0043223443669400
0.5625000000000000	0.5375000000000001	0.0074652310263737
0.5875000000000001	0.5375000000000001	0.0050478619494016
0.5125000000000000	0.5625000000000001	0.0154905383549051
0.5375000000000001	0.5625000000000001	0.0093765789192378
0.5125000000000000	0.5875000000000001	0.0128663539036538
0.5375000000000001	0.5875000000000001	0.0069638399646795
0.5625000000000000	0.5625000000000001	0.0066788041946392
0.5875000000000001	0.5625000000000001	0.0042698779257338
0.5625000000000000	0.5875000000000001	0.0046620593254989
0.5875000000000001	0.5875000000000001	0.0028786282496207
0.6125000000000000	0.4125000000000000	0.0000297151310028
0.6375000000000002	0.4125000000000000	0.0000251260746026
0.6125000000000000	0.4375000000000000	0.0001587902559384
0.6375000000000002	0.4375000000000000	0.0000960313783024
0.6625000000000001	0.4125000000000000	0.0000094615220747
0.6875000000000000	0.4125000000000000	0.0000034574633959
0.6625000000000001	0.4375000000000000	0.0000291487438595
0.6875000000000000	0.4375000000000000	0.0000098455814039
0.6125000000000000	0.4625000000000000	0.0006088863972409
0.6375000000000002	0.4625000000000000	0.0003143250489562
0.6125000000000000	0.4875000000000000	0.0012057761296252
0.6375000000000002	0.4875000000000000	0.0005751333401879
0.6625000000000001	0.4625000000000000	0.0000812631346953
0.6875000000000000	0.4625000000000000	0.0000259519963885
0.6625000000000001	0.4875000000000000	0.0001374352495740
0.6875000000000000	0.4875000000000000	0.0000423907894099
0.7125000000000001	0.4125000000000000	0.0000005011350298
0.7375000000000000	0.4125000000000000	0.0000001145390135
0.7125000000000001	0.4375000000000000	0.0000013098144658
0.7375000000000000	0.4375000000000000	0.0000002890270782
0.7625000000000000	0.4125000000000000	0.0000000075301314
0.7875000000000001	0.4125000000000000	0.0000000011706145
0.7625000000000000	0.4375000000000000	0.0000000179310951
0.7875000000000001	0.4375000000000000	0.0000000026994261
0.7125000000000001	0.4625000000000000	0.0000031920368869
0.7375000000000000	0.4625000000000000	0.0000006857043221
0.7125000000000001	0.4875000000000000	0.0000049898239770
0.7375000000000000	0.4875000000000000	0.0000010511382973
0.7625000000000000	0.4625000000000000	0.0000000409303298
0.7875000000000001	0.4625000000000000	0.0000000061223811
0.7625000000000000	0.4875000000000000	0.0000000607070916
0.7875000000000001	0.4875000000000000	0.0000000089215486
0.6125000000000000	0.5125000000000000	0.0019067361229736
0.6375000000000002	0.5125000000000000	0.0008592795821679
0.6125000000000000	0.5375000000000001	0.0020742993030553
0.6375000000000002	0.5375000000000001	0.0009025619892197
0.6625000000000001	0.5125000000000000	0.0001910481180923
0.6875000000000000	0.5125000000000000	0.0000572676901809
0.6625000000000001	0.5375000000000001	0.0001927036568439
0.6875000000000000	0.5375000000000001	0.0000566495435311
0.6125000000000000	0.5625000000000001	0.0016459737515816
0.6375000000000002	0.5625000000000001	0.0006955938053133
0.6125000000000000	0.5875000000000001	0.0010696635576317
0.6375000000000002	0.5875000000000001	0.0004432194231841
0.6625000000000001	0.5625000000000001	0.0001425248564434
0.6875000000000000	0.5625000000000001	0.0000411763547783
0.6625000000000001	0.5875000000000001	0.0000886214040585
0.6875000000000000	0.5875000000000001	0.0000252889092995
0.7125000000000001	0.5125000000000000	0.0000064485656430
0.7375000000000000	0.5125000000000000	0.0000013361665189
0.7125000000000001	0.5375000000000001	0.0000062139584136
0.7375000000000000	0.5375000000000001	0.0000012721348590
0.7625000000000000	0.5125000000000000	0.0000000750181188
0.7875000000000001	0.5125000000000000	0.0000000109303085
0.7625000000000000	0.5375000000000001	0.0000000702116785
0.7875000000000001	0.5375000000000001	0.0000000101613488
0.7125000000000001	0.5625000000000001	0.0000043874688812
0.7375000000000000	0.5625000000000001	0.0000008878570329
0.7125000000000001	0.5875000000000001	0.0000026495857004
0.7375000000000000	0.5875000000000001	0.0000005320438839
0.7625000000000000	0.5625000000000001	0.0000000477679870
0.7875000000000001	0.5625000000000001	0.0000000068267484
0.7625000000000000	0.5875000000000001	0.0000000284700605
0.7875000000000001	0.5875000000000001	0.0000000040783739
0.1125000000000000	0.6125000000000000	0.0000000160349160
0.1375000000000000	0.6125000000000002	0.0000000160349174
0.1125000000000000	0.6375000000000002	0.0000000174440205
0.1375000000000000	0.6375000000000002	0.0000000077336263
0.1625000000000000	0.6125000000000002	0.0000000830471088
0.1875000000000000	0.6125000000000002	0.0000003748881445
0.1625000000000000	0.6375000000000002	0.0000000395590605
0.1875000000000000	0.6375000000000002	0.0000001757855762
0.1125000000000000	0.6625000000000001	0.0000000028115941
0.1375000000000000	0.6625000000000002	0.0000000010538666
0.1125000000000000	0.6875000000000001	0.0000000029279218
0.1375000000000000	0.6875000000000001	0.0000000003846495
0.1625000000000000	0.6625000000000002	0.0000000053065104
0.1875000000000000	0.6625000000000001	0.0000000230989090
0.1625000000000000	0.6875000000000001	0.0000000018972901
0.1875000000000000	0.6875000000000001	0.0000000080293679
0.2125000000000000	0.6125000000000000	0.0000014701187471
0.2375000000000000	0.6125000000000002	0.0000049840380486
0.2125000000000000	0.6375000000000002	0.0000006752720377
0.2375000000000000	0.6375000000000002	0.0000022256874137
0.2625000000000000	0.6125000000000002	0.0000144979921763
0.2875000000000000	0.6125000000000002	0.0000357423765240
0.2625000000000000	0.6375000000000002	0.0000062150609940
0.2875000000000000	0.6375000000000002	0.0000143614329907
0.2125000000000000	0.6625000000000001	0.0000000862685878
0.2375000000000000	0.6625000000000002	0.0000002729662547
0.2125000000000000	0.6875000000000001	0.0000000287881307
0.2375000000000000	0.6875000000000001	0.0000000853954652
0.2625000000000000	0.6625000000000002	0.0000007145993033
0.2875000000000000	0.6625000000000001	0.0000014677297168
0.2625000000000000	0.6875000000000001	0.0000001987116555
0.2875000000000000	0.6875000000000001	0.0000003060641364
0.3125000000000001	0.7125000000000000	0.0000000773261432
0.3375000000000000	0.7125000000000000	0.0000003524138431
0.3125000000000001	0.7375000000000000	0.0000000271036094
0.3375000000000000	0.7375000000000000	0.0000000902082119
0.3625000000000000	0.7125000000000000	0.0000011181908842
0.3875000000000000	0.7125000000000000	0.0000027687693131
0.3625000000000000	0.7375000000000000	0.0000002543357907
0.3875000000000000	0.7375000000000000	0.0000005902913312
0.3125000000000001	0.7625000000000000	0.0000000029319322
0.3375000000000000	0.7625000000000000	0.0000000074000352
0.3125000000000001	0.7874999999999999	0.0000000006226727
0.3375000000000000	0.7874999999999999	0.0000000010425436
0.3625000000000000	0.7625000000000000	0.0000000195428292
0.3875000000000000	0.7625000000000000	0.0000000434593716
0.3625000000000000	0.7874999999999999	0.0000000026429611
0.3875000000000000	0.7874999999999999	0.0000000057160376
0.4125000000000000	0.6125000000000000	0.0002585931995643
0.4375000000000000	0.6125000000000002	0.0012506824934205
0.4125000000000000	0.6375000000000002	0.0002221185578785
0.4375000000000001	0.6375000000000002	0.0007676965545668
0.4625000000000000	0.6125000000000002	0.0023338367413777
0.4875000000000000	0.6125000000000002	0.0032954324291716
0.4625000000000000	0.6375000000000002	0.0012635433060593
0.4875000000000000	0.6375000000000002	0.0016697591572381
0.4125000000000000	0.6625000000000001	0.0001570862425422
0.4375000000000001	0.6625000000000002	0.0002159902477344
0.4125000000000000	0.6875000000000001	0.0000669282766737
0.4375000000000001	0.6875000000000001	0.0000707339052961
0.4625000000000000	0.6625000000000002	0.0003278119638443
0.4875000000000000	0.6625000000000001	0.0004099046804994
0.4625000000000000	0.6875000000000001	0.0001029979030826
0.4875000000000000	0.6875000000000001	0.0001257001758981
0.5125000000000000	0.6125000000000000	0.0035293865266552
0.5375000000000001	0.6125000000000002	0.0031662456685792
0.5125000000000000	0.6375000000000002	0.0017159056370849
0.5375000000000001	0.6375000000000002	0.0015100590192417
0.5625000000000000	0.6125000000000002	0.0019652892436775
0.5875000000000001	0.6125000000000002	0.0011528941489373
0.5625000000000000	0.6375000000000002	0.0009470196769817
0.5875000000000001	0.6375000000000002	0.0005689372942526
0.5125000000000000	0.6625000000000001	0.0003967030460538
0.5375000000000001	0.6625000000000002	0.0003334003278055
0.5125000000000000	0.6875000000000001	0.0001205616408626
0.5375000000000001	0.6875000000000001	0.0001015576343087
0.5625000000000000	0.6625000000000002	0.0001918216282681
0.5875000000000001	0.6625000000000001	0.0001071189796634
0.5625000000000000	0.6875000000000001	0.0000610905783151
0.5875000000000001	0.6875000000000001	0.0000359246906578
0.4125000000000000	0.7125000000000000	0.0000056281646637
0.4375000000000000	0.7125000000000000	0.0000095211568440
0.4125000000000000	0.7375000000000000	0.0000011515789433
0.4375000000000001	0.7375000000000000	0.0000018964207467
0.4625000000000000	0.7125000000000000	0.0000132918434844
0.4875000000000000	0.7125000000000000	0.0000156667326085
0.4625000000000000	0.7375000000000000	0.0000026025288444
0.4875000000000000	0.7375000000000000	0.0000030420209244
0.4125000000000000	0.7625000000000000	0.0000000820859891
0.4375000000000001	0.7625000000000000	0.0000001316289108
0.4125000000000000	0.7874999999999999	0.0000000105848035
0.4375000000000001	0.7874999999999999	0.0000000167517278
0.4625000000000000	0.7625000000000000	0.0000001754980905
0.4875000000000000	0.7625000000000000	0.0000001997202239
0.4625000000000000	0.7874999999999999	0.0000000221999831
0.4875000000000000	0.7874999999999999	0.0000000252644368
0.5125000000000000	0.7125000000000000	0.0000143070252662
0.5375000000000001	0.7125000000000000	0.0000115467148236
0.5125000000000000	0.7375000000000000	0.0000027986843769
0.5375000000000001	0.7375000000000000	0.0000022923179205
0.5625000000000000	0.7125000000000000	0.0000062905263223
0.5875000000000001	0.7125000000000000	0.0000033784254526
0.5625000000000000	0.7375000000000000	0.0000013386510664
0.5875000000000001	0.7375000000000000	0.0000007740794043
0.5125000000000000	0.7625000000000000	0.0000001756850952
0.5375000000000001	0.7625000000000000	0.0000001380041583
0.5125000000000000	0.7874999999999999	0.0000000226293680
0.5375000000000001	0.7874999999999999	0.0000000181996310
0.5625000000000000	0.7625000000000000	0.0000000723243587
0.5875000000000001	0.7625000000000000	0.0000000377480506
0.5625000000000000	0.7874999999999999	0.0000000104359228
0.5875000000000001	0.7874999999999999	0.0000000059762363
0.6625000000000001	0.6125000000000002	0.0011823311378130
0.6875000000000000	0.6125000000000002	0.0000100297771735
0.6625000000000001	0.6375000000000002	0.0007847025188191
0.6875000000000000	0.6375000000000002	0.0000039137022694
0.6625000000000001	0.6625000000000002	0.0001078316031415
0.6875000000000000	0.6625000000000001	0.0000007978367565
0.6625000000000001	0.6875000000000001	0.0000632694467041
0.6875000000000000	0.6875000000000001	0.0000002217891513
0.7125000000000001	0.6125000000000000	0.0000010093986261
0.7375000000000000	0.6125000000000002	0.0000001969003178
0.7125000000000001	0.6375000000000002	0.0000003975530867
0.7375000000000000	0.6375000000000002	0.0000000788257264
0.8625000000000000	0.1625000000000000	0.0000000000000001
0.8875000000000002	0.1625000000000000	0.0000000000000000
0.8625000000000000	0.1875000000000000	0.0000000000000003
0.8875000000000001	0.1875000000000000	0.0000000000000000
0.9625000000000001	0.1125000000000000	0.0000000000000000
0.9875000000000000	0.1125000000000000	0.0000000000000000
0.9625000000000001	0.1375000000000000	0.0000000000000000
0.9875000000000000	0.1375000000000000	0.0000000000000000
0.0625000000000000	0.3125000000000001	0.0000000036264928
0.0875000000000000	0.3125000000000001	0.0000000000203898
0.0625000000000000	0.3375000000000001	0.0000000061895363
0.0875000000000000	0.3375000000000001	0.0000000000800764
0.0625000000000000	0.3625000000000000	0.0000000103686922
0.0875000000000000	0.3625000000000000	0.0000000003303674
0.0625000000000000	0.3875000000000000	0.0000000142923498
0.0875000000000000	0.3875000000000000	0.0000000008146468
0.6625000000000001	0.2125000000000000	0.0000000035337682
0.6875000000000000	0.2125000000000000	0.0000000000013079
0.6625000000000001	0.2375000000000000	0.0000000077168159
0.6875000000000000	0.2375000000000000	0.0000000000081160
0.6125000000000000	0.2625000000000000	0.0000000216538908
0.6375000000000002	0.2625000000000000	0.0000000055508992
0.6125000000000000	0.2875000000000000	0.0000000966465234
0.6375000000000002	0.2875000000000000	0.0000000222207749
0.6625000000000001	0.3625000000000000	0.0001201188732335
0.6875000000000000	0.3625000000000000	0.0000001060243858
0.6625000000000001	0.3875000000000000	0.0002354593274616
0.6875000000000000	0.3875000000000000	0.0000005249421094
0.9625000000000000	0.2125000000000000	0.0000000000000000
0.9875000000000000	0.2125000000000000	0.0000000000000000
0.9625000000000000	0.2375000000000000	0.0000000000000001
0.9875000000000000	0.2375000000000000	0.0000000000000000
0.0625000000000000	0.4625000000000000	0.0052426004356959
0.0875000000000000	0.4625000000000000	0.0000000021215773
0.0625000000000000	0.4875000000000000	0.0025895420717828
0.0875000000000000	0.4875000000000000	0.0000000011214975
0.0625000000000000	0.5125000000000000	0.0008778819992751
0.0875000000000000	0.5125000000000000	0.0000000014997385
0.0625000000000000	0.5375000000000001	0.0009642678997844
0.0875000000000000	0.5375000000000001	0.0000000013628923
0.0125000000000000	0.5625000000000001	0.0000000000024954
0.0375000000000000	0.5625000000000001	0.0000000000252497
0.0125000000000000	0.5875000000000001	0.0000000000016749
0.0375000000000000	0.5875000000000001	0.0000000000168818
0.0625000000000000	0.5625000000000001	0.0000000002245899
0.0875000000000000	0.5625000000000001	0.0000000017551039
0.0625000000000000	0.5875000000000001	0.0000000001494924
0.0875000000000000	0.5875000000000001	0.0000000011622788
0.5625000000000000	0.4125000000000000	0.0010203547775835
0.5875000000000001	0.4125000000000000	0.0000000000000000
0.5625000000000000	0.4375000000000000	0.0050892836940958
0.5875000000000001	0.4375000000000000	0.0001515584970338
0.5125000000000000	0.4625000000000000	0.0008873367651942
0.5375000000000001	0.4625000000000000	0.0000000000000000
0.5125000000000000	0.4875000000000000	0.0000000000000000
0.5375000000000001	0.4875000000000000	0.0019212052778431
0.5625000000000000	0.4625000000000000	0.0008392286938142
0.5875000000000001	0.4625000000000000	0.0009923842221758
0.5625000000000000	0.4875000000000000	0.0027920259269157
0.5875000000000001	0.4875000000000000	0.0023797352197714
0.4625000000000000	0.5125000000000000	0.0184787321078077
0.4875000000000000	0.5125000000000000	0.0000000000000000
0.4625000000000000	0.5375000000000001	0.0203841515681321
0.4875000000000000	0.5375000000000001	0.0040290282501893
0.2625000000000000	0.9625000000000000	0.0000000000791185
0.2875000000000000	0.9625000000000000	0.0000000000000000
0.2625000000000000	0.9875000000000000	0.0000000000789284
0.2875000000000000	0.9875000000000000	0.0000000000000000
