0.0500000000000000	0.0500000000000000	0.0003138307979424
0.1500000000000000	0.0500000000000000	0.0000013198360295
0.0500000000000000	0.1500000000000000	0.0004186842099102
0.1500000000000000	0.1500000000000000	0.0000157831255846
0.2500000000000000	0.0500000000000000	0.0009594037209491
0.3500000000000000	0.0500000000000000	0.0004178426877892
0.2500000000000000	0.1500000000000000	0.0001757662361684
0.3500000000000000	0.1500000000000000	0.0000156394850398
0.4500000000000000	0.0500000000000000	0.0000542080093394
0.5500000000000000	0.0500000000000000	0.0002004567027868
0.4500000000000000	0.1500000000000000	0.0002004567016694
0.5500000000000000	0.1500000000000000	0.0008594607899572
0.6500000000000001	0.0500000000000000	0.0000390423276798
0.7500000000000000	0.0500000000000000	0.0000563269970011
0.6500000000000001	0.1500000000000000	0.0000024896548373
0.7500000000000000	0.1500000000000000	0.0000400611371460
0.8500000000000001	0.0500000000000000	0.0002237580350284
0.9500000000000000	0.0500000000000000	0.0001551612585482
0.8500000000000000	0.1500000000000000	0.0000500197877791
0.9500000000000001	0.1500000000000000	0.0000137927468554
0.0500000000000000	0.2500000000000000	0.0002312040222159
0.1500000000000000	0.2500000000000000	0.0001033173268742
0.0500000000000000	0.3500000000000000	0.0013618034544967
0.1500000000000000	0.3500000000000000	0.0001862857429092
0.2500000000000000	0.2500000000000000	0.0003963828660644
0.6500000000000001	0.2500000000000000	0.0000012167873710
0.7500000000000000	0.2500000000000000	0.0000003574143817
0.8500000000000000	0.2500000000000000	0.0004170756800392
0.9500000000000000	0.2500000000000000	0.0000031640310370
0.8500000000000000	0.3500000000000000	0.0006164223950161
0.9500000000000000	0.3500000000000000	0.0000415672180106
0.0500000000000000	0.4500000000000000	0.0002312040140197
0.1500000000000000	0.4500000000000000	0.0013618034396038
0.0500000000000000	0.5500000000000000	0.0001033173409132
0.1500000000000000	0.5500000000000000	0.0001862857725542
0.8500000000000000	0.4500000000000000	0.0043124317041120
0.9500000000000000	0.4500000000000000	0.0008793425770139
0.8500000000000000	0.5500000000000000	0.0009629238347012
0.9500000000000000	0.5500000000000000	0.0083543020079028
0.0500000000000000	0.6500000000000001	0.0043124317242687
0.1500000000000000	0.6500000000000001	0.0009629238355714
0.0500000000000000	0.7500000000000000	0.0008793425752692
0.1500000000000000	0.7500000000000000	0.0083543020257295
0.2500000000000000	0.7500000000000000	0.0186489387026905
0.7500000000000000	0.7500000000000000	0.0000060606135370
0.8500000000000000	0.6500000000000001	0.0042459773584694
0.9500000000000000	0.6500000000000001	0.0004688437571963
0.8500000000000000	0.7500000000000000	0.0025189130737642
0.9500000000000000	0.7500000000000000	0.0001581154841884
0.0500000000000000	0.8500000000000000	0.0000062554891279
0.1500000000000000	0.8500000000000000	0.0000001397169469
0.0500000000000000	0.9500000000000000	0.0000007799418551
0.1500000000000000	0.9500000000000000	0.0000042187771887
0.2500000000000000	0.8500000000000000	0.0005272043068147
0.3500000000000000	0.8500000000000000	0.0000010300013273
0.2500000000000000	0.9500000000000000	0.0001969072935130
0.3500000000000000	0.9500000000000000	0.0000014040256142
0.4500000000000000	0.8500000000000000	0.0000291900419317
0.5500000000000000	0.8500000000000000	0.0001842651284673
0.4500000000000000	0.9500000000000000	0.0000195139903819
0.5500000000000000	0.9500000000000000	0.0000982594539934
0.6500000000000001	0.8500000000000000	0.0000198276896840
0.7500000000000000	0.8500000000000000	0.0000039023921913
0.6500000000000001	0.9500000000000000	0.0000047009380177
0.7500000000000000	0.9500000000000000	0.0000015345679191
0.8500000000000001	0.8500000000000000	0.0011516039073415
0.9500000000000000	0.8500000000000000	0.0030486204494972
0.8500000000000000	0.9500000000000000	0.0003855520911738
0.9500000000000001	0.9500000000000000	0.0006020790099894
0.3250000000000001	0.2250000000000000	0.0003138307979424
0.3750000000000000	0.2250000000000000	0.0000013198360295
0.3250000000000001	0.2750000000000000	0.0004186842099102
0.3750000000000000	0.2750000000000000	0.0000157831255846
0.2250000000000000	0.3250000000000001	0.0009594037209491
0.2750000000000000	0.3250000000000001	0.0004178426877892
0.2250000000000000	0.3750000000000000	0.0001757662361684
0.2750000000000000	0.3750000000000000	0.0000156394850398
0.3250000000000001	0.3250000000000001	0.0000542080093394
0.3750000000000000	0.3250000000000001	0.0002004567027868
0.3250000000000001	0.3750000000000000	0.0002004567016694
0.3750000000000000	0.3750000000000000	0.0008594607899572
0.4250000000000000	0.2250000000000000	0.0000390423276798
0.4750000000000000	0.2250000000000000	0.0000563269970011
0.4250000000000000	0.2750000000000000	0.0000024896548373
0.4750000000000000	0.2750000000000000	0.0000400611371460
0.5250000000000000	0.2250000000000000	0.0002237580350284
0.5750000000000001	0.2250000000000000	0.0001551612585482
0.5250000000000000	0.2750000000000000	0.0000500197877791
0.5750000000000001	0.2750000000000000	0.0000137927468554
0.4250000000000000	0.3250000000000001	0.0002312040222159
0.4750000000000000	0.3250000000000001	0.0001033173268742
0.4250000000000000	0.3750000000000000	0.0013618034544967
0.4750000000000000	0.3750000000000000	0.0001862857429092
0.5250000000000000	0.3250000000000001	0.0003963828660644
0.5750000000000001	0.3250000000000001	0.0001060412437407
0.5250000000000000	0.3750000000000000	0.0017566918734927
0.5750000000000001	0.3750000000000000	0.0003896451244471
0.6250000000000001	0.3250000000000001	0.0000466825983529
0.6750000000000000	0.3250000000000001	0.0000248590643364
0.6250000000000001	0.3750000000000000	0.0001858779541644
0.6750000000000000	0.3750000000000000	0.0000983710984888
0.7250000000000001	0.3250000000000001	0.0000012167873710
0.7749999999999999	0.3250000000000001	0.0000003574143817
0.7250000000000001	0.3750000000000000	0.0000038608428890
0.7749999999999999	0.3750000000000000	0.0000015017725763
0.2250000000000000	0.4250000000000000	0.0004170756800392
0.2750000000000000	0.4250000000000000	0.0000031640310370
0.2250000000000000	0.4750000000000000	0.0006164223950161
0.2750000000000000	0.4750000000000000	0.0000415672180106
0.3250000000000001	0.4250000000000000	0.0002312040140197
0.3750000000000000	0.4250000000000000	0.0013618034396038
0.3250000000000001	0.4750000000000000	0.0001033173409132
0.3750000000000000	0.4750000000000000	0.0001862857725542
0.2250000000000000	0.5250000000000000	0.0008953211155687
0.2750000000000000	0.5250000000000000	0.0000523513141711
0.2250000000000000	0.5750000000000001	0.0006207714660260
0.2750000000000000	0.5750000000000001	0.0000152417734704
0.3250000000000001	0.5250000000000000	0.0003963828784247
0.3750000000000000	0.5250000000000000	0.0017566919059849
0.3250000000000001	0.5750000000000001	0.0001060412492159
0.3750000000000000	0.5750000000000001	0.0003896451395659
0.4250000000000000	0.4250000000000000	0.0022818320482424
0.4750000000000000	0.4250000000000000	0.0022388895185189
0.4250000000000000	0.4750000000000000	0.0022388895345195
0.4750000000000000	0.4750000000000000	0.0066212741928163
0.5250000000000000	0.4250000000000000	0.0043124317041120
0.5750000000000001	0.4250000000000000	0.0008793425770139
0.5250000000000000	0.4750000000000000	0.0009629238347012
0.5750000000000001	0.4750000000000000	0.0083543020079028
0.4250000000000000	0.5250000000000000	0.0043124317242687
0.4750000000000000	0.5250000000000000	0.0009629238355714
0.4250000000000000	0.5750000000000001	0.0008793425752692
0.4750000000000000	0.5750000000000001	0.0083543020257295
0.5250000000000000	0.5250000000000000	0.0190407587740639
0.5750000000000001	0.5250000000000000	0.0186489386938691
0.5250000000000000	0.5750000000000001	0.0186489387026905
0.5750000000000001	0.5750000000000001	0.0132698621050379
0.6250000000000001	0.4250000000000000	0.0011530400699180
0.6750000000000000	0.4250000000000000	0.0003862249003489
0.6250000000000001	0.4750000000000000	0.0030494848097113
0.6750000000000000	0.4750000000000000	0.0006028605208701
0.7250000000000001	0.4250000000000000	0.0000125235200830
0.7749999999999999	0.4250000000000000	0.0000052503769400
0.7250000000000001	0.4750000000000000	0.0000148825496366
0.7749999999999999	0.4750000000000000	0.0000060606135370
0.6250000000000001	0.5250000000000000	0.0042459773584694
0.6750000000000000	0.5250000000000000	0.0004688437571963
0.6250000000000001	0.5750000000000001	0.0025189130737642
0.6750000000000000	0.5750000000000001	0.0001581154841884
0.7250000000000001	0.5250000000000000	0.0000062554891279
0.7749999999999999	0.5250000000000000	0.0000001397169469
0.7250000000000001	0.5750000000000001	0.0000007799418551
0.7749999999999999	0.5750000000000001	0.0000042187771887
0.2250000000000000	0.6250000000000001	0.0005272043068147
0.2750000000000000	0.6250000000000002	0.0000010300013273
0.2250000000000000	0.6750000000000002	0.0001969072935130
0.2750000000000000	0.6750000000000002	0.0000014040256142
0.3250000000000001	0.6250000000000001	0.0000291900419317
0.3750000000000000	0.6250000000000002	0.0001842651284673
0.3250000000000001	0.6750000000000002	0.0000195139903819
0.3750000000000000	0.6750000000000002	0.0000982594539934
0.3250000000000001	0.7250000000000001	0.0000198276896840
0.3750000000000000	0.7250000000000001	0.0000039023921913
0.3250000000000001	0.7749999999999999	0.0000047009380177
0.3750000000000000	0.7749999999999999	0.0000015345679191
0.4250000000000000	0.6250000000000001	0.0011516039073415
0.4750000000000000	0.6250000000000002	0.0030486204494972
0.4250000000000000	0.6750000000000002	0.0003855520911738
0.4750000000000000	0.6750000000000002	0.0006020790099894
0.5250000000000000	0.6250000000000001	0.0042458016265928
0.5750000000000001	0.6250000000000002	0.0025188672362519
0.5250000000000000	0.6750000000000002	0.0004684311085993
0.5750000000000001	0.6750000000000002	0.0001579319798747
0.4250000000000000	0.7250000000000001	0.0000125350276549
0.4750000000000000	0.7250000000000001	0.0000148651518985
0.4250000000000000	0.7749999999999999	0.0000052841074850
0.4750000000000000	0.7749999999999999	0.0000060737858623
0.5250000000000000	0.7250000000000001	0.0000062436343770
0.5750000000000001	0.7250000000000001	0.0000007743121220
0.5250000000000000	0.7749999999999999	0.0000001433530544
0.5750000000000001	0.7749999999999999	0.0000042255669915
0.6250000000000001	0.6250000000000001	0.0004328997193580
0.6750000000000000	0.6250000000000002	0.0000208484352598
0.6250000000000001	0.6750000000000002	0.0000208091418670
0.6750000000000000	0.6750000000000002	0.0000060059977254
0.7250000000000001	0.6250000000000001	0.0000002152457618
0.7749999999999999	0.6250000000000002	0.0000018297616845
0.7250000000000001	0.6750000000000002	0.0000007674145366
0.7749999999999999	0.6750000000000002	0.0000003140192708
0.6250000000000001	0.7250000000000001	0.0000002146500480
0.6750000000000000	0.7250000000000001	0.0000007689396985
0.6250000000000001	0.7749999999999999	0.0000018322288816
0.6750000000000000	0.7749999999999999	0.0000003145463184
