0.5250000000000000	0.0004616823254534
0.9624999999999999	0.0009785061684930
0.9875000000000000	0.0009835482001025
0.4625000000000000	-0.0000964024371761
0.4875000000000000	-0.0000194744230124
0.8187500000000001	0.0002082267208792
0.8312500000000000	0.0002132086028831
0.8437500000000001	0.0002178627339665
0.4187500000000001	-0.0000596836492733
0.6062500000000001	0.0000827818062484
0.6187500000000001	0.0000918019481561
0.6312500000000001	0.0001006818510714
0.6437500000000002	0.0001094078228274
0.8562500000000001	0.0002221819377699
0.8687500000000000	0.0002261595543582
0.8812500000000000	0.0002297894504870
0.8937500000000000	0.0002330660290559
0.4312500000000000	-0.0000502975467760
0.4437500000000000	-0.0000408327592836
0.5812500000000000	0.0000643766338691
0.5937500000000001	0.0000736353337534
0.5562500000000000	0.0000455798079427
0.5687500000000001	0.0000550199828396
0.9062500000000000	0.0002359842377333
0.9187500000000001	0.0002385395767394
0.9312500000000000	0.0002407281057757
0.9437500000000000	0.0002425464500875
0.3406250000000000	-0.0000292017881996
0.3468750000000000	-0.0000281374206103
0.3531250000000000	-0.0000270621760319
0.3593750000000001	-0.0000259764689915
0.3656250000000000	-0.0000248807180499
0.3718750000000000	-0.0000237753456400
0.3781250000000000	-0.0000226607779038
0.3843750000000000	-0.0000215374445285
0.3906250000000000	-0.0000204057785804
0.3968750000000000	-0.0000192662163384
0.7031250000000000	0.0000368703039754
0.7093750000000001	0.0000378285094693
0.7156250000000002	0.0000387721920210
0.7218750000000000	0.0000397009878228
0.7281250000000001	0.0000406145388062
0.7343750000000000	0.0000415124927797
0.7406250000000001	0.0000423945035649
0.7468750000000000	0.0000432602311297
0.7531250000000000	0.0000441093417194
0.7593749999999999	0.0000449415079856
0.7656250000000000	0.0000457564091122
0.7718750000000001	0.0000465537309390
0.6531250000000002	0.0000287272719004
0.6593750000000000	0.0000297879224176
0.6656250000000001	0.0000308371497924
0.6718750000000000	0.0000318745495275
0.6781250000000001	0.0000328997216856
0.6843750000000000	0.0000339122710433
0.6906250000000000	0.0000349118072434
0.6968750000000001	0.0000358979449458
0.7781250000000000	0.0000473331660830
0.7843750000000000	0.0000480944140567
0.7906250000000001	0.0000488371813844
0.7968750000000000	0.0000495611817145
0.8031250000000001	0.0000502661359307
0.8093750000000000	0.0000509517722593
0.4031250000000000	-0.0000181191971253
0.4093750000000000	-0.0000169651631388
0.1953125000000000	-0.0000125217594120
0.1984375000000000	-0.0000124342399623
0.2015625000000000	-0.0000123455215559
0.2046875000000000	-0.0000122556127437
0.2078125000000000	-0.0000121645221913
0.2109375000000000	-0.0000120722586782
0.2140625000000000	-0.0000119788310970
0.2171875000000000	-0.0000118842484524
0.2203125000000000	-0.0000117885198605
0.2234375000000000	-0.0000116916545478
0.2265625000000000	-0.0000115936618504
0.2296875000000000	-0.0000114945512130
0.2328125000000000	-0.0000113943321881
0.2359375000000000	-0.0000112930144350
0.2390625000000000	-0.0000111906077190
0.2421875000000000	-0.0000110871219102
0.2453125000000000	-0.0000109825669828
0.2484375000000000	-0.0000108769530139
0.2515625000000000	-0.0000107702901831
0.2546875000000000	-0.0000106625887705
0.2578125000000000	-0.0000105538591567
0.2609375000000000	-0.0000104441118212
0.2640625000000000	-0.0000103333573418
0.2671875000000000	-0.0000102216063932
0.2703125000000001	-0.0000101088697462
0.2734375000000000	-0.0000099951582665
0.2765625000000000	-0.0000098804829140
0.2796875000000000	-0.0000097648547413
0.2828125000000000	-0.0000096482848928
0.2859375000000001	-0.0000095307846038
0.2890625000000000	-0.0000094123651992
0.2921875000000000	-0.0000092930380925
0.2953125000000001	-0.0000091728147848
0.2984375000000000	-0.0000090517068634
0.3015625000000001	-0.0000089297260009
0.3046875000000000	-0.0000088068839542
0.3078125000000000	-0.0000086831925629
0.3109375000000001	-0.0000085586637487
0.3140625000000000	-0.0000084333095139
0.3171875000000001	-0.0000083071419405
0.3203125000000001	-0.0000081801731888
0.3234375000000000	-0.0000080524154962
0.3265625000000001	-0.0000079238811764
0.3296875000000000	-0.0000077945826176
0.3328125000000001	-0.0000076645322821
0.3359375000000000	-0.0000075337427042
0.0007812500000000	-0.0000038349327185
0.0023437500000000	-0.0000038348249123
0.0039062500000000	-0.0000038346247034
0.0054687500000000	-0.0000038343320967
0.0070312500000000	-0.0000038339470991
0.0085937500000000	-0.0000038334697201
0.0101562500000000	-0.0000038328999711
0.0117187500000000	-0.0000038322378658
0.0132812500000000	-0.0000038314834202
0.0148437500000000	-0.0000038306366524
0.0164062500000000	-0.0000038296975829
0.0179687500000000	-0.0000038286662343
0.0195312500000000	-0.0000038275426315
0.0210937500000000	-0.0000038263268014
0.0226562500000000	-0.0000038250187735
0.0242187500000000	-0.0000038236185791
0.0257812500000000	-0.0000038221262522
0.0273437500000000	-0.0000038205418286
0.0289062500000000	-0.0000038188653464
0.0304687500000000	-0.0000038170968462
0.0320312500000000	-0.0000038152363705
0.0335937500000000	-0.0000038132839641
0.0351562500000000	-0.0000038112396741
0.0367187500000000	-0.0000038091035498
0.0382812500000000	-0.0000038068756425
0.0398437500000000	-0.0000038045560061
0.0414062500000000	-0.0000038021446964
0.0429687500000000	-0.0000037996417714
0.0445312500000000	-0.0000037970472916
0.0460937500000000	-0.0000037943613193
0.0476562500000000	-0.0000037915839194
0.0492187500000000	-0.0000037887151588
0.0507812500000000	-0.0000037857551066
0.0523437500000000	-0.0000037827038340
0.0539062500000000	-0.0000037795614147
0.0554687500000000	-0.0000037763279244
0.0570312500000000	-0.0000037730034409
0.0585937500000000	-0.0000037695880444
0.0601562500000000	-0.0000037660818172
0.0617187500000000	-0.0000037624848437
0.0632812500000000	-0.0000037587972106
0.0648437500000000	-0.0000037550190068
0.0664062500000000	-0.0000037511503234
0.0679687500000000	-0.0000037471912534
0.0695312500000000	-0.0000037431418924
0.0710937500000000	-0.0000037390023379
0.0726562500000000	-0.0000037347726897
0.0742187500000000	-0.0000037304530496
0.0757812500000000	-0.0000037260435218
0.0773437500000000	-0.0000037215442125
0.0789062500000000	-0.0000037169552301
0.0804687500000000	-0.0000037122766852
0.0820312500000000	-0.0000037075086905
0.0835937500000000	-0.0000037026513609
0.0851562500000000	-0.0000036977048135
0.0867187500000000	-0.0000036926691674
0.0882812500000000	-0.0000036875445440
0.0898437500000000	-0.0000036823310667
0.0914062500000000	-0.0000036770288612
0.0929687500000000	-0.0000036716380553
0.0945312500000000	-0.0000036661587788
0.0960937500000000	-0.0000036605911638
0.0976562500000000	-0.0000036549353444
0.0992187500000000	-0.0000036491914569
0.1007812500000000	-0.0000036433596397
0.1023437500000000	-0.0000036374400333
0.1039062500000000	-0.0000036314327804
0.1054687500000000	-0.0000036253380257
0.1070312500000000	-0.0000036191559161
0.1085937500000000	-0.0000036128866005
0.1101562500000000	-0.0000036065302300
0.1117187500000000	-0.0000036000869577
0.1132812500000000	-0.0000035935569390
0.1148437500000000	-0.0000035869403311
0.1164062500000000	-0.0000035802372935
0.1179687500000000	-0.0000035734479876
0.1195312500000000	-0.0000035665725772
0.1210937500000000	-0.0000035596112279
0.1226562500000000	-0.0000035525641073
0.1242187500000000	-0.0000035454313854
0.1257812500000000	-0.0000035382132339
0.1273437500000000	-0.0000035309098268
0.1289062500000000	-0.0000035235213401
0.1304687500000000	-0.0000035160479518
0.1320312500000000	-0.0000035084898420
0.1335937500000000	-0.0000035008471928
0.1351562500000000	-0.0000034931201883
0.1367187500000000	-0.0000034853090148
0.1382812500000000	-0.0000034774138604
0.1398437500000000	-0.0000034694349155
0.1414062500000000	-0.0000034613723722
0.1429687500000000	-0.0000034532264248
0.1445312500000000	-0.0000034449972697
0.1460937500000000	-0.0000034366851050
0.1476562500000000	-0.0000034282901312
0.1492187500000000	-0.0000034198125504
0.1507812500000000	-0.0000034112525669
0.1523437500000000	-0.0000034026103870
0.1539062500000000	-0.0000033938862190
0.1554687500000000	-0.0000033850802730
0.1570312500000000	-0.0000033761927613
0.1585937500000000	-0.0000033672238980
0.1601562500000001	-0.0000033581738991
0.1617187500000000	-0.0000033490429828
0.1632812500000000	-0.0000033398313691
0.1648437500000000	-0.0000033305392800
0.1664062500000000	-0.0000033211669393
0.1679687500000000	-0.0000033117145728
0.1695312500000000	-0.0000033021824084
0.1710937500000000	-0.0000032925706757
0.1726562500000000	-0.0000032828796063
0.1742187500000000	-0.0000032731094338
0.1757812500000000	-0.0000032632603935
0.1773437500000000	-0.0000032533327228
0.1789062500000000	-0.0000032433266608
0.1804687500000000	-0.0000032332424487
0.1820312500000000	-0.0000032230803296
0.1835937500000000	-0.0000032128405481
0.1851562500000000	-0.0000032025233511
0.1867187500000000	-0.0000031921289872
0.1882812500000000	-0.0000031816577068
0.1898437500000000	-0.0000031711097623
0.1914062500000000	-0.0000031604854077
0.1929687500000000	-0.0000031497848992
