0.4875000000000000	-0.0016453143009784
0.5125000000000000	0.0015769602844427
0.4687500000000000	-0.0020869469728696
0.9562499999999999	0.0020665394901470
0.9687500000000000	0.0017097855480966
0.5312500000000000	0.0018478802807310
0.9812500000000000	0.0011025505767904
0.9937500000000000	0.0007361688281727
0.8906250000000000	0.0021086933396856
0.8968750000000001	0.0020358498325881
0.4406250000000000	-0.0020539468298089
0.4468750000000000	-0.0018245833047393
0.5781250000000000	0.0020350890258347
0.5843750000000001	0.0021700990704915
0.9031250000000000	0.0019025315186275
0.9093750000000000	0.0018255638528695
0.5531250000000001	0.0014729178074565
0.5593750000000000	0.0016272265743077
0.5656250000000000	0.0017647957588033
0.5718750000000001	0.0019095262001296
0.9156250000000001	0.0016876610973145
0.9218750000000000	0.0016070500492746
0.9281250000000001	0.0014651396727941
0.9343750000000000	0.0013813756698613
0.4531250000000000	-0.0015890770054124
0.4593750000000000	-0.0013667262968693
0.9406250000000000	0.0012360444242230
0.9468749999999999	0.0011496262240545
0.5406250000000001	0.0011597648861997
0.5468750000000000	0.0013234805654135
0.3859375000000000	-0.0021237352142502
0.3890625000000000	-0.0020561742493015
0.3921875000000000	-0.0019928746938869
0.3953125000000001	-0.0019248546000852
0.3984375000000000	-0.0018621734239034
0.7015625000000001	0.0017473845285813
0.7046875000000000	0.0017568721214688
0.7078125000000001	0.0017565104718519
0.7109375000000001	0.0017648189328954
0.7140625000000002	0.0017630453308007
0.7171875000000001	0.0017701859180887
0.7203125000000001	0.0017670156915056
0.7234375000000001	0.0017730004781001
0.7265625000000001	0.0017684498553383
0.7296875000000000	0.0017732917189034
0.7328125000000001	0.0017673778165514
0.7359375000000000	0.0017710904285366
0.7390625000000001	0.0017638312389408
0.7421875000000000	0.0017664290533177
0.7453125000000000	0.0017578434315880
0.7484375000000000	0.0017593416731563
0.7515625000000000	0.0017494493237076
0.7546875000000000	0.0017498639759683
0.7578125000000000	0.0017386854386032
0.7609374999999999	0.0017380332312136
0.7640625000000000	0.0017255898667561
0.7671875000000000	0.0017238882625674
0.7703125000000001	0.0017102022380539
0.7734375000000000	0.0017074694197448
0.6515625000000002	0.0015784897777149
0.6546875000000001	0.0015977148632065
0.6578125000000001	0.0016090890202302
0.6609375000000001	0.0016270753398676
0.6640625000000001	0.0016369486134766
0.6671875000000000	0.0016537005880132
0.6703125000000001	0.0016620807298647
0.6734375000000000	0.0016776036611431
0.6765625000000001	0.0016844994015022
0.6796875000000000	0.0016987994658756
0.6828125000000000	0.0017042205056395
0.6859375000000000	0.0017173047469031
0.6890625000000000	0.0017212617490956
0.6921875000000001	0.0017331380709298
0.6953125000000001	0.0017356426516743
0.6984375000000000	0.0017463198096062
0.7765625000000000	0.0016925636931820
0.7796875000000000	0.0016888185494917
0.7828125000000000	0.0016727168541893
0.7859375000000001	0.0016679789657594
0.7890625000000001	0.0016507057942461
0.7921875000000000	0.0016449954190802
0.7953125000000001	0.0016265760066122
0.7984375000000000	0.0016199140651604
0.8015625000000001	0.0016003743728312
0.8046875000000000	0.0015927824327078
0.8078125000000000	0.0015721491301688
0.8109375000000000	0.0015636493905139
0.4015625000000000	-0.0017950731616203
0.4046875000000000	-0.0017330420595415
0.4078125000000000	-0.0016668948067855
0.4109375000000001	-0.0016055447813516
0.8140625000000000	0.0015419498383151
0.8171875000000001	0.0015325651138054
0.8203125000000001	0.0015098273453662
0.8234375000000000	0.0014995810498883
0.8265625000000001	0.0014758337531077
0.8296875000000000	0.0014647498830997
0.8328125000000001	0.0014400223816159
0.8359375000000001	0.0014281254990875
0.8390625000000002	0.0014024477331982
0.8421875000000001	0.0013897629484403
0.8453125000000001	0.0013631654556923
0.8484375000000001	0.0013497184096843
0.4140625000000000	-0.0015403829056274
0.4171875000000000	-0.0014797442523679
0.4203125000000001	-0.0014155992955521
0.4234375000000000	-0.0013557015887427
0.6203125000000002	0.0013841045874021
0.6234375000000001	0.0014095585777416
0.6265625000000001	0.0014285186845033
0.6296875000000001	0.0014527252168379
0.6328125000000001	0.0014701606026839
0.6359375000000002	0.0014931196111505
0.6390625000000002	0.0015090330338393
0.6421875000000001	0.0015307453590370
0.6453125000000002	0.0015451405867428
0.6484375000000001	0.0015656079716723
0.6015625000000001	0.0012342312228193
0.6046875000000000	0.0012634180772756
0.6078125000000001	0.0012869587217553
0.6109375000000000	0.0013149037874511
0.6140625000000001	0.0013369175446259
0.6171875000000001	0.0013636180170991
0.8515625000000001	0.0013222323051447
0.8546875000000000	0.0013080491516690
0.8578125000000001	0.0012797061078868
0.8609375000000000	0.0012648134953625
0.8640625000000001	0.0012356457220334
0.8671875000000000	0.0012200707750767
0.8703125000000000	0.0011901109984203
0.8734375000000000	0.0011738812991444
0.8765625000000000	0.0011431627410066
0.8796875000000000	0.0011263063100690
0.8828125000000000	0.0010948626667589
0.8859374999999999	0.0010774079441693
0.4265625000000001	-0.0012926042524479
0.4296875000000000	-0.0012334763313196
0.4328125000000000	-0.0011714564627562
0.4359375000000000	-0.0011131264181627
0.5890625000000002	0.0011204923342146
0.5921875000000001	0.0011521506811679
0.5953125000000001	0.0011787400953274
0.5984375000000001	0.0012091650165398
0.2867187500000000	-0.0021785504054137
0.2882812500000000	-0.0021597019969073
0.2898437500000000	-0.0021426321697730
0.2914062500000000	-0.0021232182616135
0.2929687500000001	-0.0021061499251520
0.2945312500000001	-0.0020867686873888
0.2960937500000000	-0.0020697043847965
0.2976562500000001	-0.0020503585777720
0.2992187500000000	-0.0020333008402841
0.3007812500000001	-0.0020139932093108
0.3023437500000000	-0.0019969445558701
0.3039062500000000	-0.0019776778308802
0.3054687500000000	-0.0019606407678124
0.3070312500000000	-0.0019414176630110
0.3085937500000001	-0.0019243946836981
0.3101562500000001	-0.0019052178972189
0.3117187500000000	-0.0018882114817780
0.3132812500000001	-0.0018690836953419
0.3148437500000000	-0.0018520963103046
0.3164062500000001	-0.0018330201888809
0.3179687500000001	-0.0018160542868761
0.3195312500000001	-0.0017970324783468
0.3210937500000001	-0.0017800904977857
0.3226562500000001	-0.0017611256326114
0.3242187500000001	-0.0017442099973748
0.3257812500000001	-0.0017253046882655
0.3273437500000000	-0.0017084178073939
0.3289062500000001	-0.0016895746489807
0.3304687500000000	-0.0016727189163679
0.3320312500000001	-0.0016539404848787
0.3335937500000000	-0.0016371182789666
0.3351562500000000	-0.0016184071319042
0.3367187500000000	-0.0016016208153805
0.3382812500000000	-0.0015829794912054
0.3398437500000000	-0.0015662314107049
0.3414062500000000	-0.0015476624285178
0.3429687500000000	-0.0015309549143262
0.3445312500000000	-0.0015124607735573
0.3460937500000000	-0.0014957961393173
0.3476562500000001	-0.0014773793194155
0.3492187500000000	-0.0014607598618359
0.3507812500000000	-0.0014424228219643
0.3523437500000000	-0.0014258508205323
0.3539062500000000	-0.0014075959992638
0.3554687500000001	-0.0013910737159599
0.3570312500000001	-0.0013729035309783
0.3585937500000000	-0.0013564332099942
0.3601562500000001	-0.0013383500577975
0.3617187500000000	-0.0013219339252570
0.3632812500000001	-0.0013039401808639
0.3648437500000000	-0.0012875804445471
0.3664062500000000	-0.0012696784612076
0.3679687500000000	-0.0012533773102772
0.3695312500000000	-0.0012355694191862
0.3710937500000000	-0.0012193290239179
0.3726562500000000	-0.0012016175339318
0.3742187500000000	-0.0011854400454472
0.3757812500000000	-0.0011678272428046
0.3773437500000000	-0.0011517147928074
0.3789062500000000	-0.0011342029408524
0.3804687500000000	-0.0011181576413681
0.3820312500000000	-0.0011007489802783
0.3835937500000000	-0.0010847729233964
0.0800781250000000	-0.0021881491145608
0.0808593750000000	-0.0021853702479507
0.0816406250000000	-0.0021816526146139
0.0824218750000000	-0.0021788516003378
0.0832031250000000	-0.0021751130971513
0.0839843750000000	-0.0021722900920550
0.0847656250000000	-0.0021685308983963
0.0855468750000000	-0.0021656860597396
0.0863281250000000	-0.0021619063553670
0.0871093750000000	-0.0021590398408165
0.0878906250000000	-0.0021552398058629
0.0886718750000000	-0.0021523517734867
0.0894531250000000	-0.0021485315884524
0.0902343750000000	-0.0021456221967138
0.0910156250000000	-0.0021417820424607
0.0917968750000000	-0.0021388514502127
0.0925781250000000	-0.0021349915079575
0.0933593750000000	-0.0021320398744363
0.0941406250000000	-0.0021281603257441
0.0949218750000000	-0.0021251878105633
0.0957031250000000	-0.0021212888373409
0.0964843750000000	-0.0021182956004857
0.0972656250000000	-0.0021143773849754
0.0980468750000000	-0.0021113635867965
0.0988281250000000	-0.0021074263115692
0.0996093750000000	-0.0021043921127769
0.1003906250000000	-0.0021004359607257
0.1011718750000000	-0.0020973815223835
0.1019531250000000	-0.0020934066767177
0.1027343750000000	-0.0020903321602370
0.1035156250000000	-0.0020863388044746
0.1042968750000000	-0.0020832443716080
0.1050781250000000	-0.0020792326895698
0.1058593750000000	-0.0020761185024057
0.1066406250000000	-0.0020720886782088
0.1074218750000000	-0.0020689548991649
0.1082031250000000	-0.0020649071172159
0.1089843750000000	-0.0020617539090333
0.1097656250000000	-0.0020576883540217
0.1105468750000000	-0.0020545158797592
0.1113281250000000	-0.0020504327366512
0.1121093750000000	-0.0020472411596789
0.1128906250000000	-0.0020431406137103
0.1136718750000000	-0.0020399300977038
0.1144531250000000	-0.0020358123343741
0.1152343750000000	-0.0020325830433079
0.1160156250000000	-0.0020284482483737
0.1167968750000000	-0.0020252003465160
0.1175781250000000	-0.0020210487059836
0.1183593750000000	-0.0020177823578897
0.1191406250000000	-0.0020136140580093
0.1199218750000000	-0.0020103294285160
0.1207031250000000	-0.0020061446557750
0.1214843750000000	-0.0020028419099942
0.1222656250000000	-0.0019986408511103
0.1230468750000000	-0.0019953201544228
0.1238281250000000	-0.0019911029963381
0.1246093750000000	-0.0019877645143879
0.1253906250000000	-0.0019835314442618
0.1261718750000000	-0.0019801753429498
0.1269531250000000	-0.0019759265481524
0.1277343750000000	-0.0019725529936309
0.1285156250000000	-0.0019682886617368
0.1292968750000000	-0.0019648978204025
0.1300781250000000	-0.0019606181391839
0.1308593750000000	-0.0019572101776724
0.1316406250000000	-0.0019529153350925
0.1324218750000000	-0.0019494904202728
0.1332031250000000	-0.0019451806044796
0.1339843750000000	-0.0019417389034467
0.1347656250000000	-0.0019374143027660
0.1355468750000000	-0.0019339559828359
0.1363281250000000	-0.0019296167857652
0.1371093750000000	-0.0019261420144683
0.1378906250000000	-0.0019217884096697
0.1386718750000000	-0.0019182973547451
0.1394531250000000	-0.0019139295310389
0.1402343750000000	-0.0019104223604283
0.1410156250000000	-0.0019060405067869
0.1417968750000000	-0.0019025173886280
0.1425781250000000	-0.0018981216941684
0.1433593750000000	-0.0018945827967896
0.1441406250000000	-0.0018901734507676
0.1449218750000000	-0.0018866189426815
0.1457031250000000	-0.0018821961344852
0.1464843750000000	-0.0018786261843823
0.1472656250000000	-0.0018741901035247
0.1480468750000000	-0.0018706048802679
0.1488281250000000	-0.0018661557163813
0.1496093750000000	-0.0018625553889995
0.1503906250000000	-0.0018580933318285
0.1511718750000000	-0.0018544780695104
0.1519531250000000	-0.0018500033089047
0.1527343750000000	-0.0018463732809937
0.1535156250000000	-0.0018418860069029
0.1542968750000000	-0.0018382413828893
0.1550781250000000	-0.0018337417853551
0.1558593750000000	-0.0018300827348717
0.1566406250000000	-0.0018255710040223
0.1574218750000000	-0.0018218976968374
0.1582031250000000	-0.0018173740228803
0.1589843750000000	-0.0018136866288917
0.1597656250000000	-0.0018091512021075
0.1605468750000000	-0.0018054498913368
0.1613281250000000	-0.0018009029020725
0.1621093750000000	-0.0017971878446592
0.1628906250000000	-0.0017926294833215
0.1636718750000000	-0.0017889008495162
0.1644531250000000	-0.0017843313065654
0.1652343750000000	-0.0017805892667245
0.1660156250000000	-0.0017760087326674
0.1667968750000000	-0.0017722534572467
0.1675781250000000	-0.0017676621226307
0.1683593750000000	-0.0017638937821795
0.1691406250000000	-0.0017592918375857
0.1699218750000000	-0.0017555106027399
0.1707031250000000	-0.0017508982387768
0.1714843750000000	-0.0017471042802550
0.1722656250000000	-0.0017424816875513
0.1730468750000000	-0.0017386751761463
0.1738281250000000	-0.0017340425453456
0.1746093750000000	-0.0017302236519196
0.1753906250000000	-0.0017255811736729
0.1761718750000000	-0.0017217500691523
0.1769531250000000	-0.0017170979341116
0.1777343750000000	-0.0017132547894786
0.1785156250000000	-0.0017085931882913
0.1792968750000000	-0.0017047381745803
0.1800781250000000	-0.0017000672978813
0.1808593750000000	-0.0016962005861718
0.1816406250000000	-0.0016915206245781
0.1824218750000000	-0.0016876423859885
0.1832031250000000	-0.0016829535300927
0.1839843750000000	-0.0016790639357747
0.1847656250000000	-0.0016743663761377
0.1855468750000000	-0.0016704655972703
0.1863281250000000	-0.0016657595244158
0.1871093750000000	-0.0016618477321991
0.1878906250000000	-0.0016571333366064
0.1886718750000000	-0.0016532107022558
0.1894531250000000	-0.0016484881743536
0.1902343750000000	-0.0016445548690939
0.1910156250000000	-0.0016398243992543
0.1917968750000000	-0.0016358805943134
0.1925781250000000	-0.0016311423728445
0.1933593750000000	-0.0016271882394474
0.1941406250000000	-0.0016224424565885
0.1949218750000000	-0.0016184781659518
0.1957031250000000	-0.0016137250118650
0.1964843750000000	-0.0016097507351905
0.1972656250000000	-0.0016049903999554
0.1980468750000000	-0.0016010063084247
0.1988281250000000	-0.0015962389820322
0.1996093750000000	-0.0015922452468002
0.2003906250000000	-0.0015874711191455
0.2011718750000000	-0.0015834679113343
0.2019531250000000	-0.0015786871722108
0.2027343750000000	-0.0015746746629050
0.2035156250000000	-0.0015698875019977
0.2042968750000000	-0.0015658658622363
0.2050781250000000	-0.0015610724691165
0.2058593750000000	-0.0015570418698894
0.2066406250000000	-0.0015522424340061
0.2074218750000000	-0.0015482030462472
0.2082031250000000	-0.0015433977569228
0.2089843750000000	-0.0015393497515030
0.2097656250000000	-0.0015345387979268
0.2105468750000000	-0.0015304823456497
0.2113281250000000	-0.0015256659168704
0.2121093750000000	-0.0015216011884661
0.2128906250000000	-0.0015167794733864
0.2136718750000000	-0.0015127066395046
0.2144531250000000	-0.0015078798268741
0.2152343750000000	-0.0015037990580800
0.2160156250000000	-0.0014989673364904
0.2167968750000000	-0.0014948788032566
0.2175781250000000	-0.0014900423611336
0.2183593750000000	-0.0014859462338367
0.2191406250000000	-0.0014811052594350
0.2199218750000000	-0.0014770017083476
0.2207031250000000	-0.0014721563897444
0.2214843750000000	-0.0014680455850310
0.2222656250000000	-0.0014631961101188
0.2230468750000000	-0.0014590782218288
0.2238281250000000	-0.0014542247783106
0.2246093750000000	-0.0014500999763727
0.2253906250000000	-0.0014452427517548
0.2261718750000000	-0.0014411112059719
0.2269531250000000	-0.0014362503875582
0.2277343750000000	-0.0014321122676005
0.2285156250000000	-0.0014272480424863
0.2292968750000000	-0.0014231035178864
0.2300781250000000	-0.0014182360729511
0.2308593750000000	-0.0014140853130984
0.2316406250000000	-0.0014092148350008
0.2324218750000000	-0.0014050580091348
0.2332031250000000	-0.0014001846843061
0.2339843750000000	-0.0013960219615116
0.2347656250000000	-0.0013911459761496
0.2355468750000000	-0.0013869775253499
0.2363281250000000	-0.0013820990654129
0.2371093750000000	-0.0013779250553650
0.2378906250000000	-0.0013730443065649
0.2386718750000000	-0.0013688649058539
0.2394531250000000	-0.0013639820536513
0.2402343750000000	-0.0013597974306837
0.2410156250000000	-0.0013549126602810
0.2417968750000000	-0.0013507229832798
0.2425781250000000	-0.0013458364796148
0.2433593750000000	-0.0013416419166137
0.2441406250000000	-0.0013367538643546
0.2449218750000000	-0.0013325545831925
0.2457031250000000	-0.0013276651667311
0.2464843750000000	-0.0013234613350452
0.2472656250000000	-0.0013185707384911
0.2480468750000000	-0.0013143625237135
0.2488281250000000	-0.0013094709308873
0.2496093750000000	-0.0013052585002378
0.2503906250000000	-0.0013003660946663
0.2511718750000000	-0.0012961496151468
0.2519531250000000	-0.0012912565800565
0.2527343750000000	-0.0012870362184457
0.2535156250000000	-0.0012821427367565
0.2542968750000000	-0.0012779186596045
0.2550781249999999	-0.0012730249139242
0.2558593750000000	-0.0012687972875471
0.2566406250000000	-0.0012639034601648
0.2574218750000000	-0.0012596724506382
0.2582031250000000	-0.0012547787235191
0.2589843750000000	-0.0012505444966734
0.2597656250000000	-0.0012456510514526
0.2605468750000001	-0.0012414137728671
0.2613281250000000	-0.0012365207908434
0.2621093750000000	-0.0012322806258412
0.2628906250000000	-0.0012273882879714
0.2636718750000000	-0.0012231454016134
0.2644531250000000	-0.0012182538885067
0.2652343750000000	-0.0012140084455864
0.2660156250000000	-0.0012091179374979
0.2667968750000000	-0.0012048701025354
0.2675781250000000	-0.0011999807793610
0.2683593750000001	-0.0011957307165985
0.2691406250000000	-0.0011908427578690
0.2699218750000001	-0.0011865906312641
0.2707031250000000	-0.0011817042161382
0.2714843750000000	-0.0011774501893601
0.2722656250000001	-0.0011725654966200
0.2730468750000000	-0.0011683097330423
0.2738281250000000	-0.0011634269410880
0.2746093750000000	-0.0011591696037845
0.2753906250000000	-0.0011542888906262
0.2761718750000001	-0.0011500301423654
0.2769531250000000	-0.0011451516856200
0.2777343750000000	-0.0011408916888589
0.2785156250000000	-0.0011360156657432
0.2792968750000000	-0.0011317545826228
0.2800781250000000	-0.0011268811699477
0.2808593750000000	-0.0011226191622875
0.2816406250000000	-0.0011177485364522
0.2824218750000000	-0.0011134857657449
0.2832031250000000	-0.0011086181027318
0.2839843750000001	-0.0011043547301375
0.2847656250000000	-0.0010994902055065
0.2855468750000001	-0.0010952263918479
0.0001953125000000	-0.0012273042420677
0.0005859375000000	-0.0012269428676257
0.0009765625000000	-0.0012263399636802
0.0013671875000000	-0.0012259748996921
0.0017578125000000	-0.0012253683123509
0.0021484375000000	-0.0012249995667914
0.0025390625000000	-0.0012243893054838
0.0029296875000000	-0.0012240168863492
0.0033203125000000	-0.0012234029605267
0.0037109375000000	-0.0012230268758357
0.0041015625000000	-0.0012224092949715
0.0044921875000000	-0.0012220295527645
0.0048828125000000	-0.0012214083263538
0.0052734375000000	-0.0012210249346933
0.0056640625000000	-0.0012204000722531
0.0060546875000000	-0.0012200130392232
0.0064453125000000	-0.0012193845502921
0.0068359375000000	-0.0012189938839986
0.0072265625000000	-0.0012183617781368
0.0076171875000000	-0.0012179674867072
0.0080078125000000	-0.0012173317734964
0.0083984375000000	-0.0012169338650796
0.0087890625000000	-0.0012162945541230
0.0091796875000000	-0.0012158930368894
0.0095703125000000	-0.0012152501378113
0.0099609375000000	-0.0012148450199528
0.0103515625000000	-0.0012141985423989
0.0107421875000000	-0.0012137898321285
0.0111328125000000	-0.0012131397857654
0.0115234375000000	-0.0012127274913173
0.0119140625000000	-0.0012120738858330
0.0123046875000000	-0.0012116580154625
0.0126953125000000	-0.0012110008605656
0.0130859375000000	-0.0012105814225490
0.0134765625000000	-0.0012099207279691
0.0138671875000000	-0.0012094977306038
0.0142578125000000	-0.0012088335060911
0.0146484375000000	-0.0012084069576953
0.0150390625000000	-0.0012077392130208
0.0154296875000000	-0.0012073091219334
0.0158203125000000	-0.0012066378668886
0.0162109375000000	-0.0012062042414691
0.0166015625000000	-0.0012055294858661
0.0169921875000000	-0.0012050923344946
0.0173828125000000	-0.0012044140881657
0.0177734375000000	-0.0012039734192430
0.0181640625000000	-0.0012032916920408
0.0185546875000000	-0.0012028475139880
0.0189453125000000	-0.0012021623157854
0.0193359375000000	-0.0012017146370440
0.0197265625000000	-0.0012010259777339
0.0201171875000000	-0.0012005748067655
0.0205078125000000	-0.0011998826962608
0.0208984375000000	-0.0011994280415473
0.0212890625000000	-0.0011987324897810
0.0216796875000000	-0.0011982743598243
0.0220703125000000	-0.0011975753767488
0.0224609375000000	-0.0011971137800710
0.0228515625000000	-0.0011964113756589
0.0232421875000000	-0.0011959463208016
0.0236328125000000	-0.0011952405050447
0.0240234375000000	-0.0011947720005698
0.0244140625000000	-0.0011940627834797
0.0248046875000000	-0.0011935908379684
0.0251953125000000	-0.0011928782295759
0.0255859375000000	-0.0011924028516297
0.0259765625000000	-0.0011916868619850
0.0263671875000000	-0.0011912080602243
0.0267578125000000	-0.0011904886993968
0.0271484375000000	-0.0011900064824618
0.0275390625000000	-0.0011892837605406
0.0279296875000000	-0.0011887981370905
0.0283203125000000	-0.0011880720641829
0.0287109375000000	-0.0011875830428968
0.0291015625000000	-0.0011868536291296
0.0294921875000000	-0.0011863612187055
0.0298828125000000	-0.0011856284742240
0.0302734375000000	-0.0011851326833790
0.0306640625000000	-0.0011843966183478
0.0310546875000000	-0.0011838974558181
0.0314453125000000	-0.0011831580804198
0.0318359375000000	-0.0011826555549606
0.0322265625000000	-0.0011819128793969
0.0326171875000000	-0.0011814069997823
0.0330078125000000	-0.0011806610342728
0.0333984375000000	-0.0011801518092955
0.0337890625000000	-0.0011794025640792
0.0341796875000000	-0.0011788900025506
0.0345703125000000	-0.0011781374878835
0.0349609375000000	-0.0011776215986339
0.0353515625000000	-0.0011768658247912
0.0357421875000000	-0.0011763466166693
0.0361328125000000	-0.0011755875939435
0.0365234375000000	-0.0011750650758161
0.0369140625000000	-0.0011743028145187
0.0373046875000000	-0.0011737769952711
0.0376953125000000	-0.0011730115057305
0.0380859375000000	-0.0011724823942666
0.0384765625000000	-0.0011717136868295
0.0388671875000000	-0.0011711812920713
0.0392578125000000	-0.0011704093771014
0.0396484375000000	-0.0011698737079887
0.0400390625000000	-0.0011690985958687
0.0404296875000000	-0.0011685596613591
0.0408203125000000	-0.0011677813624879
0.0412109375000000	-0.0011672391715574
0.0416015625000000	-0.0011664576963520
0.0419921875000000	-0.0011659122579946
0.0423828125000000	-0.0011651276168886
0.0427734375000000	-0.0011645789401151
0.0431640625000000	-0.0011637911435606
0.0435546875000000	-0.0011632392373999
0.0439453125000000	-0.0011624482958651
0.0443359375000000	-0.0011618931693638
0.0447265625000000	-0.0011610990933343
0.0451171875000000	-0.0011605407555567
0.0455078125000000	-0.0011597435555342
0.0458984375000000	-0.0011591820155610
0.0462890625000000	-0.0011583817020659
0.0466796875000000	-0.0011578169689960
0.0470703125000000	-0.0011570135525633
0.0474609375000000	-0.0011564456355126
0.0478515625000000	-0.0011556391266955
0.0482421875000000	-0.0011550680347970
0.0486328125000000	-0.0011542584441637
0.0490234375000000	-0.0011536841865670
0.0494140625000000	-0.0011528715247039
0.0498046875000000	-0.0011522941105760
0.0501953125000000	-0.0011514783880847
0.0505859375000000	-0.0011508978266090
0.0509765625000000	-0.0011500790541079
0.0513671875000000	-0.0011494953544853
0.0517578125000000	-0.0011486735426078
0.0521484375000000	-0.0011480867140553
0.0525390625000000	-0.0011472618734522
0.0529296875000000	-0.0011466719252031
0.0533203125000000	-0.0011458440665409
0.0537109375000000	-0.0011452510078451
0.0541015625000000	-0.0011444201418058
0.0544921875000000	-0.0011438239819302
0.0548828125000000	-0.0011429901192112
0.0552734375000000	-0.0011423908674387
0.0556640625000000	-0.0011415540187536
0.0560546875000000	-0.0011409516843826
0.0564453125000000	-0.0011401118604606
0.0568359375000000	-0.0011395064528067
0.0572265625000000	-0.0011386636643923
0.0576171875000000	-0.0011380551927865
0.0580078125000000	-0.0011372094506391
0.0583984375000000	-0.0011365979244279
0.0587890625000000	-0.0011357492393234
0.0591796875000000	-0.0011351346678700
0.0595703125000000	-0.0011342830505975
0.0599609375000000	-0.0011336654432812
0.0603515625000000	-0.0011328109046469
0.0607421875000000	-0.0011321902708610
0.0611328125000000	-0.0011313328216844
0.0615234375000000	-0.0011307091708389
0.0619140625000000	-0.0011298488219556
0.0623046875000000	-0.0011292221634765
0.0626953125000000	-0.0011283589257359
0.0630859375000000	-0.0011277292690631
0.0634765625000000	-0.0011268631533303
0.0638671875000000	-0.0011262305079204
0.0642578125000000	-0.0011253615250733
0.0646484375000000	-0.0011247259003975
0.0650390625000000	-0.0011238540613304
0.0654296875000000	-0.0011232154668748
0.0658203125000000	-0.0011223407824950
0.0662109375000000	-0.0011216992277613
0.0666015625000000	-0.0011208217089917
0.0669921875000000	-0.0011201772034958
0.0673828125000000	-0.0011192968612716
0.0677734375000000	-0.0011186494145450
0.0681640625000000	-0.0011177662598172
0.0685546875000000	-0.0011171158814051
0.0689453125000000	-0.0011162299251380
0.0693359375000000	-0.0011155766246014
0.0697265625000000	-0.0011146878777731
0.0701171875000000	-0.0011140316646870
0.0705078125000000	-0.0011131401382891
0.0708984375000000	-0.0011124810222428
0.0712890625000000	-0.0011115867272813
0.0716796875000000	-0.0011109247178786
0.0720703125000000	-0.0011100276653721
0.0724609375000000	-0.0011093627722320
0.0728515625000000	-0.0011084629732136
0.0732421875000000	-0.0011077952059677
0.0736328125000000	-0.0011068926714830
0.0740234375000000	-0.0011062220397777
0.0744140625000000	-0.0011053167808857
0.0748046875000000	-0.0011046432943827
0.0751953125000000	-0.0011037353221555
0.0755859375000000	-0.0011030589905285
0.0759765625000000	-0.0011021483160520
0.0763671875000000	-0.0011014691489896
0.0767578125000000	-0.0011005557833611
0.0771484375000000	-0.0010998737905656
0.0775390625000000	-0.0010989577448968
0.0779296875000000	-0.0010982729360834
0.0783203125000000	-0.0010973542214982
0.0787109375000000	-0.0010966666063965
0.0791015625000000	-0.0010957452340318
0.0794921875000000	-0.0010950548223842
