0.9624999999999999	0.0009780282890863
0.9875000000000000	0.0009830703130341
0.4875000000000000	-0.0000193763510884
0.5125000000000000	0.0000577101168928
0.5375000000000001	0.0001344797749826
0.8937500000000000	0.0002328270759839
0.4437500000000000	-0.0000408059662414
0.5812500000000000	0.0000643068997268
0.5562500000000000	0.0000455100737987
0.5687500000000001	0.0000549502486963
0.9062500000000000	0.0002357452858909
0.9187500000000001	0.0002383006264876
0.9312500000000000	0.0002404891575585
0.9437500000000000	0.0002423075044329
0.4562500000000000	-0.0000312770877702
0.4687500000000000	-0.0000216988111601
0.3781250000000000	-0.0000226529026368
0.3843750000000000	-0.0000215295692615
0.3906250000000000	-0.0000203979033134
0.3968750000000000	-0.0000192583410713
0.7031250000000000	0.0000368139156233
0.7093750000000001	0.0000377721211211
0.7156250000000002	0.0000387158036774
0.7218750000000000	0.0000396445994843
0.7281250000000001	0.0000405581504736
0.7343750000000000	0.0000414561044538
0.7406250000000001	0.0000423381152467
0.7468750000000000	0.0000432038428202
0.7531250000000000	0.0000440529534200
0.7593749999999999	0.0000448851196977
0.7656250000000000	0.0000457000208373
0.7718750000000001	0.0000464973426790
0.6531250000000002	0.0000286708835302
0.6593750000000000	0.0000297315340488
0.6656250000000001	0.0000307807614250
0.6718750000000000	0.0000318181611619
0.6781250000000001	0.0000328433333221
0.6843750000000000	0.0000338558826820
0.6906250000000000	0.0000348554188848
0.6968750000000001	0.0000358415565902
0.7781250000000000	0.0000472767778400
0.7843750000000000	0.0000480380258333
0.7906250000000001	0.0000487807931831
0.7968750000000000	0.0000495047935386
0.8031250000000001	0.0000502097477838
0.8093750000000000	0.0000508953841455
0.4031250000000000	-0.0000181113218582
0.4093750000000000	-0.0000169572878718
0.8156250000000000	0.0000515614382976
0.8218750000000001	0.0000522076534637
0.8281250000000000	0.0000528337805154
0.8343750000000001	0.0000534395780688
0.8406250000000002	0.0000540248125774
0.8468750000000000	0.0000545892584219
0.4156250000000000	-0.0000157966840141
0.4218750000000001	-0.0000146299577201
0.6031250000000001	0.0000198243656161
0.6093750000000000	0.0000209613444195
0.6156250000000001	0.0000220902811557
0.6218750000000002	0.0000232107405980
0.6281250000000000	0.0000243222907881
0.6343750000000001	0.0000254245032021
0.6406250000000002	0.0000265169529162
0.6468750000000001	0.0000275992187703
0.8531250000000001	0.0000551326979978
0.8593750000000000	0.0000556549217984
0.8656250000000001	0.0000561557284965
0.8718750000000000	0.0000566349250212
0.8781250000000000	0.0000570923266328
0.8843749999999999	0.0000575277569939
0.4281250000000000	-0.0000134575587849
0.4343750000000000	-0.0000122799391906
0.5906250000000002	0.0000175280380468
0.5968750000000000	0.0000186797830724
0.2734375000000000	-0.0000099931552270
0.2765625000000000	-0.0000098784798744
0.2796875000000000	-0.0000097628517017
0.2828125000000000	-0.0000096462818532
0.2859375000000001	-0.0000095287815642
0.2890625000000000	-0.0000094103621596
0.2921875000000000	-0.0000092910350530
0.2953125000000001	-0.0000091708117453
0.2984375000000000	-0.0000090497038238
0.3015625000000001	-0.0000089277229614
0.3046875000000000	-0.0000088048809146
0.3078125000000000	-0.0000086811895233
0.3109375000000001	-0.0000085566607091
0.3140625000000000	-0.0000084313064743
0.3171875000000001	-0.0000083051389010
0.3203125000000001	-0.0000081781701492
0.3234375000000000	-0.0000080504124567
0.3265625000000001	-0.0000079218781368
0.3296875000000000	-0.0000077925795781
0.3328125000000001	-0.0000076625292425
0.3359375000000000	-0.0000075317396647
0.3390625000000000	-0.0000074002234503
0.3421875000000000	-0.0000072679932752
0.3453125000000000	-0.0000071350618840
0.3484375000000001	-0.0000070014420890
0.3515625000000000	-0.0000068671467686
0.3546875000000000	-0.0000067321888665
0.3578125000000001	-0.0000065965813903
0.3609375000000000	-0.0000064603374100
0.3640625000000001	-0.0000063234700572
0.3671875000000000	-0.0000061859925234
0.3703125000000000	-0.0000060479180590
0.3734375000000000	-0.0000059092599719
0.0398437500000000	-0.0000038044119839
0.0414062500000000	-0.0000038020006741
0.0429687500000000	-0.0000037994977492
0.0445312500000000	-0.0000037969032693
0.0460937500000000	-0.0000037942172971
0.0476562500000000	-0.0000037914398972
0.0492187500000000	-0.0000037885711366
0.0507812500000000	-0.0000037856110843
0.0523437500000000	-0.0000037825598118
0.0539062500000000	-0.0000037794173925
0.0554687500000000	-0.0000037761839022
0.0570312500000000	-0.0000037728594187
0.0585937500000000	-0.0000037694440222
0.0601562500000000	-0.0000037659377949
0.0617187500000000	-0.0000037623408214
0.0632812500000000	-0.0000037586531884
0.0648437500000000	-0.0000037548749846
0.0664062500000000	-0.0000037510063011
0.0679687500000000	-0.0000037470472312
0.0695312500000000	-0.0000037429978702
0.0710937500000000	-0.0000037388583157
0.0726562500000000	-0.0000037346286675
0.0742187500000000	-0.0000037303090274
0.0757812500000000	-0.0000037258994996
0.0773437500000000	-0.0000037214001903
0.0789062500000000	-0.0000037168112079
0.0804687500000000	-0.0000037121326629
0.0820312500000000	-0.0000037073646682
0.0835937500000000	-0.0000037025073387
0.0851562500000000	-0.0000036975607912
0.0867187500000000	-0.0000036925251451
0.0882812500000000	-0.0000036874005217
0.0898437500000000	-0.0000036821870445
0.0914062500000000	-0.0000036768848390
0.0929687500000000	-0.0000036714940331
0.0945312500000000	-0.0000036660147566
0.0960937500000000	-0.0000036604471416
0.0976562500000000	-0.0000036547913222
0.0992187500000000	-0.0000036490474347
0.1007812500000000	-0.0000036432156175
0.1023437500000000	-0.0000036372960111
0.1039062500000000	-0.0000036312887582
0.1054687500000000	-0.0000036251940035
0.1070312500000000	-0.0000036190118939
0.1085937500000000	-0.0000036127425782
0.1101562500000000	-0.0000036063862077
0.1117187500000000	-0.0000035999429355
0.1132812500000000	-0.0000035934129167
0.1148437500000000	-0.0000035867963088
0.1164062500000000	-0.0000035800932712
0.1179687500000000	-0.0000035733039654
0.1195312500000000	-0.0000035664285550
0.1210937500000000	-0.0000035594672056
0.1226562500000000	-0.0000035524200851
0.1242187500000000	-0.0000035452873631
0.1257812500000000	-0.0000035380692117
0.1273437500000000	-0.0000035307658046
0.1289062500000000	-0.0000035233773179
0.1304687500000000	-0.0000035159039296
0.1320312500000000	-0.0000035083458198
0.1335937500000000	-0.0000035007031705
0.1351562500000000	-0.0000034929761661
0.1367187500000000	-0.0000034851649926
0.1382812500000000	-0.0000034772698382
0.1398437500000000	-0.0000034692908933
0.1414062500000000	-0.0000034612283500
0.1429687500000000	-0.0000034530824026
0.1445312500000000	-0.0000034448532475
0.1460937500000000	-0.0000034365410828
0.1476562500000000	-0.0000034281461089
0.1492187500000000	-0.0000034196685281
0.1507812500000000	-0.0000034111085447
0.1523437500000000	-0.0000034024663648
0.1539062500000000	-0.0000033937421968
0.1554687500000000	-0.0000033849362508
0.1570312500000000	-0.0000033760487391
0.1585937500000000	-0.0000033670798757
0.1601562500000001	-0.0000033580298769
0.1617187500000000	-0.0000033488989606
0.1632812500000000	-0.0000033396873469
0.1648437500000000	-0.0000033303952578
0.1664062500000000	-0.0000033210229170
0.1679687500000000	-0.0000033115705506
0.1695312500000000	-0.0000033020383862
0.1710937500000000	-0.0000032924266535
0.1726562500000000	-0.0000032827355841
0.1742187500000000	-0.0000032729654116
0.1757812500000000	-0.0000032631163713
0.1773437500000000	-0.0000032531887005
0.1789062500000000	-0.0000032431826386
0.1804687500000000	-0.0000032330984265
0.1820312500000000	-0.0000032229363073
0.1835937500000000	-0.0000032126965259
0.1851562500000000	-0.0000032023793289
0.1867187500000000	-0.0000031919849650
0.1882812500000000	-0.0000031815136846
0.1898437500000000	-0.0000031709657401
0.1914062500000000	-0.0000031603413855
0.1929687500000000	-0.0000031496408770
0.1945312500000000	-0.0000031388644722
0.1960937500000000	-0.0000031280124310
0.1976562500000000	-0.0000031170850148
0.1992187500000000	-0.0000031060824869
0.2007812500000000	-0.0000030950051124
0.2023437500000000	-0.0000030838531582
0.2039062500000000	-0.0000030726268930
0.2054687500000000	-0.0000030613265874
0.2070312500000000	-0.0000030499525136
0.2085937500000000	-0.0000030385049457
0.2101562500000000	-0.0000030269841595
0.2117187500000000	-0.0000030153904327
0.2132812500000000	-0.0000030037240445
0.2148437500000000	-0.0000029919852762
0.2164062500000000	-0.0000029801744105
0.2179687500000000	-0.0000029682917320
0.2195312500000000	-0.0000029563375271
0.2210937500000000	-0.0000029443120839
0.2226562500000000	-0.0000029322156919
0.2242187500000000	-0.0000029200486429
0.2257812500000000	-0.0000029078112298
0.2273437500000000	-0.0000028955037477
0.2289062500000000	-0.0000028831264929
0.2304687500000000	-0.0000028706797639
0.2320312500000000	-0.0000028581638604
0.2335937500000000	-0.0000028455790841
0.2351562500000000	-0.0000028329257382
0.2367187500000000	-0.0000028202041277
0.2382812500000000	-0.0000028074145589
0.2398437500000000	-0.0000027945573402
0.2414062500000000	-0.0000027816327812
0.2429687500000000	-0.0000027686411936
0.2445312500000000	-0.0000027555828901
0.2460937500000000	-0.0000027424581856
0.2476562500000000	-0.0000027292673963
0.2492187500000000	-0.0000027160108400
0.2507812500000000	-0.0000027026888362
0.2523437500000000	-0.0000026893017058
0.2539062500000000	-0.0000026758497714
0.2554687500000000	-0.0000026623333571
0.2570312500000000	-0.0000026487527887
0.2585937500000000	-0.0000026351083933
0.2601562500000000	-0.0000026214004998
0.2617187500000000	-0.0000026076294385
0.2632812500000000	-0.0000025937955411
0.2648437500000000	-0.0000025798991410
0.2664062500000000	-0.0000025659405730
0.2679687500000000	-0.0000025519201735
0.2695312500000001	-0.0000025378382803
0.2710937500000000	-0.0000025236952328
0.0003906250000000	-0.0000009587367892
0.0011718750000000	-0.0000009587300513
0.0019531250000000	-0.0000009587175381
0.0027343750000000	-0.0000009586992496
0.0035156250000000	-0.0000009586751860
0.0042968750000000	-0.0000009586453474
0.0050781250000000	-0.0000009586097340
0.0058593750000000	-0.0000009585683460
0.0066406250000000	-0.0000009585211836
0.0074218750000000	-0.0000009584682472
0.0082031250000000	-0.0000009584095370
0.0089843750000000	-0.0000009583450535
0.0097656250000000	-0.0000009582747970
0.0105468750000000	-0.0000009581987679
0.0113281250000000	-0.0000009581169666
0.0121093750000000	-0.0000009580293938
0.0128906250000000	-0.0000009579360498
0.0136718750000000	-0.0000009578369353
0.0144531250000000	-0.0000009577320509
0.0152343750000000	-0.0000009576213972
0.0160156250000000	-0.0000009575049748
0.0167968750000000	-0.0000009573827845
0.0175781250000000	-0.0000009572548270
0.0183593750000000	-0.0000009571211030
0.0191406250000000	-0.0000009569816135
0.0199218750000000	-0.0000009568363591
0.0207031250000000	-0.0000009566853408
0.0214843750000000	-0.0000009565285596
0.0222656250000000	-0.0000009563660162
0.0230468750000000	-0.0000009561977118
0.0238281250000000	-0.0000009560236474
0.0246093750000000	-0.0000009558438239
0.0253906250000000	-0.0000009556582425
0.0261718750000000	-0.0000009554669042
0.0269531250000000	-0.0000009552698103
0.0277343750000000	-0.0000009550669620
0.0285156250000000	-0.0000009548583604
0.0292968750000000	-0.0000009546440068
0.0300781250000000	-0.0000009544239024
0.0308593750000000	-0.0000009541980487
0.0316406250000000	-0.0000009539664470
0.0324218750000000	-0.0000009537290987
0.0332031250000000	-0.0000009534860052
0.0339843750000000	-0.0000009532371679
0.0347656250000000	-0.0000009529825884
0.0355468750000000	-0.0000009527222682
0.0363281250000000	-0.0000009524562089
0.0371093750000000	-0.0000009521844121
0.0378906250000000	-0.0000009519068794
0.0386718750000000	-0.0000009516236124
