0.4750000000000000	-0.0001464460142394
0.5250000000000000	0.0004324356245539
0.5750000000000001	0.0006076336457300
0.6250000000000001	0.0003453346586203
0.6750000000000000	0.0001023914269169
0.7250000000000001	0.0000169526764551
0.7750000000000000	0.0000016120256376
0.8250000000000001	0.0000000892897745
0.8750000000000000	0.0000000029036159
0.9250000000000000	0.0000000000556864
0.9750000000000000	0.0000000000006314
0.4375000000000000	-0.0001171514843092
0.3437500000000000	-0.0000098990697507
0.3562500000000001	-0.0000133119481649
0.3687500000000000	-0.0000172050418340
0.3812500000000000	-0.0000213370887889
0.3937500000000000	-0.0000253359344421
0.4062500000000000	-0.0000287178432960
0.4187500000000001	-0.0000309376129270
0.0531250000000000	-0.0000000000001285
0.0593750000000000	-0.0000000000002229
0.0656250000000000	-0.0000000000003836
0.0718750000000000	-0.0000000000006547
0.0781250000000000	-0.0000000000011084
0.0843750000000000	-0.0000000000018612
0.0906250000000000	-0.0000000000030994
0.0968750000000000	-0.0000000000051192
0.1031250000000000	-0.0000000000083859
0.1093750000000000	-0.0000000000136243
0.1156250000000000	-0.0000000000219532
0.1218750000000000	-0.0000000000350829
0.1281250000000000	-0.0000000000556040
0.1343750000000000	-0.0000000000874026
0.1406250000000000	-0.0000000001362536
0.1468750000000000	-0.0000000002106556
0.1531250000000000	-0.0000000003229949
0.1593750000000000	-0.0000000004911469
0.1656250000000000	-0.0000000007406549
0.1718750000000000	-0.0000000011076539
0.1781250000000000	-0.0000000016427472
0.1843750000000000	-0.0000000024160744
0.1906250000000000	-0.0000000035238446
0.1968750000000000	-0.0000000050966361
0.2031250000000000	-0.0000000073097755
0.2093750000000000	-0.0000000103961037
0.2156250000000000	-0.0000000146613979
0.2218750000000000	-0.0000000205026432
0.2281250000000000	-0.0000000284292152
0.2343750000000000	-0.0000000390868423
0.2406250000000000	-0.0000000532839478
0.2468750000000000	-0.0000000720196261
0.2531250000000000	-0.0000000965120736
0.2593750000000000	-0.0000001282257949
0.2656250000000000	-0.0000001688953408
0.2718750000000000	-0.0000002205427447
0.2781250000000000	-0.0000002854852534
0.2843750000000000	-0.0000003663294469
0.2906250000000000	-0.0000004659474956
0.2968750000000001	-0.0000005874311798
0.3031250000000000	-0.0000007340194968
0.3093750000000001	-0.0000009089962807
0.3156250000000000	-0.0000011155553372
0.3218750000000001	-0.0000013566321955
0.3281250000000001	-0.0000016347037065
0.3343750000000000	-0.0000019515593448
0.0015625000000000	-0.0000000000000002
0.0046875000000000	-0.0000000000000003
0.0078125000000000	-0.0000000000000005
0.0109375000000000	-0.0000000000000006
0.0140625000000000	-0.0000000000000009
0.0171875000000000	-0.0000000000000012
0.0203125000000000	-0.0000000000000016
0.0234375000000000	-0.0000000000000021
0.0265625000000000	-0.0000000000000028
0.0296875000000000	-0.0000000000000038
0.0328125000000000	-0.0000000000000051
0.0359375000000000	-0.0000000000000068
0.0390625000000000	-0.0000000000000090
0.0421875000000000	-0.0000000000000120
0.0453125000000000	-0.0000000000000159
0.0484375000000000	-0.0000000000000211
