0.0015625000000000	-0.0017400815342289
0.0046875000000000	-0.0017399138223726
0.0078125000000000	-0.0017395784124798
0.0109375000000000	-0.0017390753395845
0.0140625000000000	-0.0017384046500865
0.0171875000000000	-0.0017375664102303
0.0203125000000000	-0.0017365606995760
0.0234375000000000	-0.0017353876159972
0.0265625000000000	-0.0017340472718371
0.0296875000000000	-0.0017325397968301
0.0328125000000000	-0.0017308653358492
0.0359375000000000	-0.0017290240506022
0.0390625000000000	-0.0017270161183096
0.0421875000000000	-0.0017248417326880
0.0453125000000000	-0.0017225011031604
0.0484375000000000	-0.0017199944554370
0.0515625000000000	-0.0017173220310149
0.0546875000000000	-0.0017144840875486
0.0578125000000000	-0.0017114808984836
0.0609375000000000	-0.0017083127533461
0.0640625000000000	-0.0017049799573983
0.0671875000000000	-0.0017014828319503
0.0703125000000000	-0.0016978217139347
0.0734375000000000	-0.0016939969563495
0.0765625000000000	-0.0016900089276297
0.0796875000000000	-0.0016858580123654
0.0828125000000000	-0.0016815446102925
0.0859375000000000	-0.0016770691375084
0.0890625000000000	-0.0016724320248018
0.0921875000000000	-0.0016676337197190
0.0953125000000000	-0.0016626746837835
0.0984375000000000	-0.0016575553959842
0.1015625000000000	-0.0016522763481547
0.1046875000000000	-0.0016468380508136
0.1078125000000000	-0.0016412410255183
0.1109375000000000	-0.0016354858145556
0.1140625000000000	-0.0016295729683763
0.1171875000000000	-0.0016235030615216
0.1203125000000000	-0.0016172766721280
0.1234375000000000	-0.0016108944078699
0.1265625000000000	-0.0016043568727891
0.1296875000000000	-0.0015976647091848
0.1328125000000000	-0.0015908185443542
0.1359375000000000	-0.0015838190576556
0.1390625000000000	-0.0015766668956840
0.1421875000000000	-0.0015693627787242
0.1453125000000000	-0.0015619073667563
0.1484375000000000	-0.0015543014270165
0.1515625000000000	-0.0015465456240627
0.1546875000000000	-0.0015386407813140
0.1578125000000000	-0.0015305875548495
0.1609375000000000	-0.0015223868382270
0.1640625000000000	-0.0015140392598116
0.1671875000000000	-0.0015055458041352
0.1703125000000000	-0.0014969070437138
0.1734375000000000	-0.0014881240848163
0.1765625000000000	-0.0014791974032782
0.1796875000000000	-0.0014701282720349
0.1828125000000000	-0.0014609170114802
0.1859375000000000	-0.0014515651261638
0.1890625000000000	-0.0014420726972057
0.1921875000000000	-0.0014324415537030
0.1953125000000000	-0.0014226714189748
0.1984375000000000	-0.0014127645783181
0.2015625000000000	-0.0014027202312038
0.2046875000000000	-0.0013925413037764
0.2078125000000000	-0.0013822262412151
0.2109375000000000	-0.0013717788669163
0.2140625000000000	-0.0013611965549917
0.2171875000000000	-0.0013504843785826
0.2203125000000000	-0.0013396382094835
0.2234375000000000	-0.0013286648503148
0.2265625000000000	-0.0013175580892088
0.2296875000000000	-0.0013063271045601
0.2328125000000000	-0.0012949628249482
0.2359375000000000	-0.0012834776663249
0.2390625000000000	-0.0012718586726240
0.2421875000000000	-0.0012601226345705
0.2453125000000000	-0.0012482513710089
0.2484375000000000	-0.0012362675323594
0.2515625000000000	-0.0012241459778528
0.2546875000000000	-0.0012119171358494
0.2578125000000000	-0.0011995466853670
0.2609375000000000	-0.0011870752837931
0.2640625000000000	-0.0011744566178923
0.2671875000000000	-0.0011617446712794
0.2703125000000001	-0.0011488776169919
0.2734375000000000	-0.0011359266340933
0.2765625000000000	-0.0011228100222126
0.2796875000000000	-0.0011096209332648
0.2828125000000000	-0.0010962524592754
0.2859375000000001	-0.0010828255530650
0.2890625000000000	-0.0010692016514228
0.2921875000000000	-0.0010555365297772
0.2953125000000001	-0.0010416522738681
0.2984375000000000	-0.0010277478327876
0.3015625000000001	-0.0010135968755292
0.3046875000000000	-0.0009994513236491
0.3078125000000000	-0.0009850258961037
0.3109375000000001	-0.0009706368223617
0.3140625000000000	-0.0009559278096618
0.3171875000000001	-0.0009412923127432
0.3203125000000001	-0.0009262894277477
0.3234375000000000	-0.0009114043198934
0.3265625000000001	-0.0008960963949986
0.3296875000000000	-0.0008809584918574
0.3328125000000001	-0.0008653339079016
0.3359375000000000	-0.0008499404141291
0.3390625000000000	-0.0008339876820777
0.3421875000000000	-0.0008183366791484
0.3453125000000000	-0.0008020451849791
0.3484375000000001	-0.0007861362231170
0.3515625000000000	-0.0007694971389488
0.3546875000000000	-0.0007533319291965
0.3578125000000001	-0.0007363392842302
0.3609375000000000	-0.0007199224796220
0.3640625000000001	-0.0007025743731369
0.3671875000000000	-0.0006859144199383
0.3703125000000000	-0.0006682143458571
0.3734375000000000	-0.0006513243773272
0.3765625000000000	-0.0006332826163922
0.3796875000000000	-0.0006161813530124
0.3828125000000000	-0.0005978163752975
0.3859375000000000	-0.0005805289875849
0.3890625000000000	-0.0005618687959273
0.3921875000000000	-0.0005444276795015
0.3953125000000001	-0.0005255110146725
0.3984375000000000	-0.0005079564229409
0.4015625000000000	-0.0004888337451388
0.4046875000000000	-0.0004712142235129
0.4078125000000000	-0.0004519483831638
0.4109375000000001	-0.0004343209507115
0.4140625000000000	-0.0004149874654926
0.4171875000000000	-0.0003974174957810
0.4203125000000001	-0.0003781043608240
0.4234375000000000	-0.0003606651235573
0.4265625000000001	-0.0003414720980985
0.4296875000000000	-0.0003242439368634
0.4328125000000000	-0.0003052812728548
0.4359375000000000	-0.0002883504113658
0.4390625000000000	-0.0002697370168636
0.4421875000000000	-0.0002531940057208
0.4453125000000000	-0.0002350550668483
0.4484375000000000	-0.0002189929038668
0.4515625000000000	-0.0002014570219519
0.4546875000000000	-0.0001859690002095
0.4578125000000001	-0.0001691649331260
0.4609375000000000	-0.0001543422905426
0.4640625000000000	-0.0001383954169396
0.4671875000000000	-0.0001243248778801
0.4703125000000000	-0.0001093535275327
0.4734375000000000	-0.0000961148392203
0.4765625000000000	-0.0000822266499852
0.4796874999999999	-0.0000698902232498
0.4828125000000000	-0.0000571786933693
0.4859375000000000	-0.0000458034576206
0.4890625000000000	-0.0000343448602399
0.4921875000000000	-0.0000239764361935
0.4953125000000000	-0.0000138272505851
0.4984375000000000	-0.0000044965313102
0.5015625000000000	0.0000043084771434
0.5046875000000000	0.0000125862651541
0.5078125000000000	0.0000200352154583
0.5109374999999999	0.0000272609231464
0.5140625000000000	0.0000333651770733
0.5171875000000000	0.0000395555944449
0.5203125000000001	0.0000443492826954
0.5234375000000000	0.0000495364584045
0.5265625000000000	0.0000530751983979
0.5296875000000000	0.0000573052523080
0.5328125000000000	0.0000596641237833
0.5359375000000001	0.0000629956130076
0.5390625000000001	0.0000642664954807
0.5421875000000000	0.0000667684158108
0.5453125000000001	0.0000670568227716
0.5484375000000000	0.0000688063434129
0.5515625000000001	0.0000682279100341
0.5546875000000000	0.0000693079492504
0.5578125000000000	0.0000679847421137
0.5609375000000000	0.0000684814943407
0.5640625000000000	0.0000665383128618
0.5671875000000001	0.0000665388341987
0.5703125000000001	0.0000640996644607
0.5734375000000000	0.0000636896137791
0.5765625000000001	0.0000608743775285
0.5796875000000000	0.0000601359957632
0.5828125000000001	0.0000570577121267
0.5859375000000001	0.0000560681039377
0.5890625000000002	0.0000528305511794
0.5921875000000001	0.0000516603125937
0.5953125000000001	0.0000483562443296
0.5984375000000001	0.0000470684587100
0.6015625000000001	0.0000437783958453
0.6046875000000000	0.0000424280000448
0.6078125000000001	0.0000392195884961
0.6109375000000000	0.0000378530925816
0.6140625000000001	0.0000347809894556
0.6171875000000001	0.0000334365179191
0.6203125000000002	0.0000305427466201
0.6234375000000001	0.0000292503571854
0.6265625000000001	0.0000265650557798
0.6296875000000001	0.0000253472840716
0.6328125000000001	0.0000228897614661
0.6359375000000002	0.0000217623359450
0.6390625000000002	0.0000195423468492
0.6421875000000001	0.0000185150182174
0.6453125000000002	0.0000165341698676
0.6484375000000001	0.0000156116021320
0.6515625000000002	0.0000138648124177
0.6546875000000001	0.0000130474882701
0.6578125000000001	0.0000115244251155
0.6609375000000001	0.0000108095255385
0.6640625000000001	0.0000094959699405
0.6671875000000000	0.0000088781962100
0.6703125000000001	0.0000077572850363
0.6734375000000000	0.0000072295998837
0.6765625000000001	0.0000062829183332
0.6796875000000000	0.0000058371913446
0.6828125000000000	0.0000050456979662
0.6859375000000000	0.0000046732478720
0.6890625000000000	0.0000040180265561
0.6921875000000001	0.0000037100595619
0.6953125000000001	0.0000031729025180
0.6984375000000000	0.0000029208510524
0.7015625000000001	0.0000024846842321
0.7046875000000000	0.0000022804543809
0.7078125000000001	0.0000019296220714
0.7109375000000001	0.0000017657605597
0.7140625000000002	0.0000014861890848
0.7171875000000001	0.0000013559820835
0.7203125000000001	0.0000011352439453
0.7234375000000001	0.0000010327603936
0.7265625000000001	0.0000008600600875
0.7296875000000000	0.0000007801518394
0.7328125000000001	0.0000006462533232
0.7359375000000000	0.0000005845234555
0.7390625000000001	0.0000004816371989
0.7421875000000000	0.0000004343864664
0.7453125000000000	0.0000003560314642
0.7484375000000000	0.0000003201913287
0.7515625000000000	0.0000002610447189
0.7546875000000000	0.0000002341037632
0.7578125000000000	0.0000001898479522
0.7609374999999999	0.0000001697769327
0.7640625000000000	0.0000001369515763
0.7671875000000000	0.0000001221309455
0.7703125000000001	0.0000000979948641
0.7734375000000000	0.0000000871473600
0.7765625000000000	0.0000000695535462
0.7796875000000000	0.0000000616834233
0.7828125000000000	0.0000000489687447
0.7859375000000001	0.0000000433084068
0.7890625000000001	0.0000000341984184
0.7921875000000000	0.0000000301626048
0.7953125000000001	0.0000000236910151
0.7984375000000000	0.0000000208382576
0.8015625000000001	0.0000000162800155
0.8046875000000000	0.0000000142808017
0.8078125000000000	0.0000000110974204
0.8109375000000000	0.0000000097083361
0.8140625000000000	0.0000000075039104
0.8171875000000001	0.0000000065469675
0.8203125000000001	0.0000000050333099
0.8234375000000000	0.0000000043796622
0.8265625000000001	0.0000000033490522
0.8296875000000000	0.0000000029063490
0.8328125000000001	0.0000000022105176
0.8359375000000001	0.0000000019132119
0.8390625000000002	0.0000000014473422
0.8421875000000001	0.0000000012493606
0.8453125000000001	0.0000000009400584
0.8484375000000001	0.0000000008093251
0.8515625000000001	0.0000000006056836
0.8546875000000000	0.0000000005200794
0.8578125000000001	0.0000000003871194
0.8609375000000000	0.0000000003315342
0.8640625000000001	0.0000000002454443
0.8671875000000000	0.0000000002096523
0.8703125000000000	0.0000000001543726
0.8734375000000000	0.0000000001315176
0.8765625000000000	0.0000000000963156
0.8796875000000000	0.0000000000818429
0.8828125000000000	0.0000000000596119
0.8859374999999999	0.0000000000505231
0.8890625000000000	0.0000000000365997
0.8921875000000000	0.0000000000309394
0.8953125000000001	0.0000000000222909
0.8984375000000000	0.0000000000187950
0.9015625000000000	0.0000000000134674
0.9046875000000000	0.0000000000113261
0.9078125000000000	0.0000000000080712
0.9109375000000001	0.0000000000067704
0.9140625000000001	0.0000000000047983
0.9171875000000000	0.0000000000040146
0.9203125000000001	0.0000000000028295
0.9234375000000000	0.0000000000023613
0.9265625000000001	0.0000000000016549
0.9296875000000000	0.0000000000013775
0.9328125000000000	0.0000000000009600
0.9359375000000000	0.0000000000007969
0.9390625000000000	0.0000000000005521
0.9421875000000000	0.0000000000004571
0.9453125000000000	0.0000000000003148
0.9484374999999999	0.0000000000002598
0.9515625000000000	0.0000000000001778
0.9546874999999999	0.0000000000001463
0.9578125000000000	0.0000000000000993
0.9609374999999999	0.0000000000000814
0.9640624999999999	0.0000000000000548
0.9671875000000000	0.0000000000000447
0.9703125000000000	0.0000000000000297
0.9734375000000000	0.0000000000000241
0.9765625000000000	0.0000000000000157
0.9796874999999999	0.0000000000000126
0.9828125000000000	0.0000000000000079
0.9859375000000000	0.0000000000000062
0.9890625000000001	0.0000000000000037
0.9921875000000000	0.0000000000000027
0.9953125000000000	0.0000000000000013
0.9984375000000000	0.0000000000000008
