0.4937500000000000	-0.0000024111193128
0.5062500000000000	0.0000072265469366
0.9781249999999999	0.0000612406697368
0.9843750000000000	0.0000613076585520
0.4843750000000000	-0.0000027103782621
0.5156250000000000	0.0000033111313157
0.9906250000000001	0.0000613510161075
0.9968750000000000	0.0000613707250514
0.9453125000000000	0.0000151215499691
0.9484374999999999	0.0000151463247526
0.5390625000000001	0.0000019149921841
0.4671875000000000	-0.0000015411907393
0.4703125000000000	-0.0000013912941481
0.4734375000000000	-0.0000012412622733
0.9515625000000000	0.0000151696400161
0.9546874999999999	0.0000151914935118
0.9578125000000000	0.0000152118831323
0.9609374999999999	0.0000152308069110
0.9640624999999999	0.0000152482630224
0.9671875000000000	0.0000152642497817
0.5265625000000000	0.0000013159370007
0.5296875000000000	0.0000014659253871
0.5328125000000000	0.0000016157736724
0.5359375000000001	0.0000017654674140
0.9703125000000000	0.0000152787656450
0.9734375000000000	0.0000152918092097
0.4765625000000000	-0.0000010911095750
0.4796874999999999	-0.0000009408505255
0.5203125000000001	0.0000010155977617
0.5234375000000000	0.0000011658229695
0.8757812500000000	0.0000035486357038
0.8773437500000001	0.0000035557399110
0.8789062500000000	0.0000035627584599
0.8804687499999999	0.0000035696911815
0.8820312500000000	0.0000035765379086
0.8835937500000000	0.0000035832984764
0.8851562499999999	0.0000035899727220
0.8867187500000000	0.0000035965604844
0.4351562500000000	-0.0000007712798035
0.4367187500000000	-0.0000007528319295
0.5882812500000001	0.0000010545290633
0.5898437500000002	0.0000010726174958
0.5914062500000001	0.0000010906801188
0.8882812499999999	0.0000036030616051
0.8898437500000000	0.0000036094759272
0.8914062500000000	0.0000036158032963
0.8929687500000001	0.0000036220435599
0.4382812500000000	-0.0000007343658798
0.4398437500000000	-0.0000007158820993
0.5789062500000000	0.0000009454809206
0.5804687500000001	0.0000009637150357
0.5820312500000000	0.0000009819259654
0.5835937500000001	0.0000010001132710
0.5851562500000000	0.0000010182765141
0.5867187500000002	0.0000010364152573
0.8945312500000000	0.0000036281965677
0.8960937500000001	0.0000036342621713
0.8976562500000000	0.0000036402402247
0.8992187500000000	0.0000036461305837
0.4414062500000000	-0.0000006973810334
0.4429687500000000	-0.0000006788631279
0.4445312500000000	-0.0000006603288290
0.4460937500000000	-0.0000006417785833
0.4476562500000000	-0.0000006232128377
0.4492187500000000	-0.0000006046320397
0.5757812500000001	0.0000009089448925
0.5773437500000000	0.0000009272240596
0.9007812500000001	0.0000036519331065
0.9023437500000000	0.0000036576476532
0.9039062499999999	0.0000036632740861
0.9054687500000000	0.0000036688122697
0.9070312500000000	0.0000036742620705
0.9085937500000001	0.0000036796233572
0.9101562500000000	0.0000036848960006
0.9117187500000001	0.0000036900798736
0.5632812500000000	0.0000007619614990
0.5648437500000001	0.0000007804032156
0.5664062500000000	0.0000007988261638
0.5679687500000001	0.0000008172298999
0.5695312500000000	0.0000008356139802
0.5710937500000002	0.0000008539779619
0.5726562500000001	0.0000008723214024
0.5742187500000000	0.0000008906438598
0.5570312500000001	0.0000006880158433
0.5585937500000000	0.0000007065281852
0.5601562499999999	0.0000007250235388
0.5617187500000000	0.0000007435014585
0.9132812500000000	0.0000036951748514
0.9148437500000002	0.0000037001808112
0.9164062500000001	0.0000037050976323
0.9179687500000000	0.0000037099251964
0.9195312500000001	0.0000037146633869
0.9210937500000000	0.0000037193120899
0.9226562500000000	0.0000037238711932
0.9242187500000001	0.0000037283405870
0.4507812500000000	-0.0000005860366369
0.4523437500000000	-0.0000005674270774
0.4539062500000000	-0.0000005488038096
0.4554687500000000	-0.0000005301672823
0.5507812500000000	0.0000006138055206
0.5523437500000001	0.0000006323813509
0.5539062500000000	0.0000006509419795
0.5554687500000000	0.0000006694869593
0.9257812500000000	0.0000037327201636
0.9273437500000001	0.0000037370098175
0.9289062500000000	0.0000037412094453
0.9304687500000000	0.0000037453189458
0.9320312500000001	0.0000037493382200
0.9335937500000000	0.0000037532671710
0.9351562499999999	0.0000037571057042
0.9367187500000000	0.0000037608537269
0.4570312500000001	-0.0000005115179445
0.4585937500000000	-0.0000004928562456
0.4601562500000000	-0.0000004741826352
0.4617187500000000	-0.0000004554975634
0.9382812500000000	0.0000037645111490
0.9398437500000001	0.0000037680778823
0.9414062500000000	0.0000037715538408
0.9429687499999999	0.0000037749389408
0.5445312500000001	0.0000005393591403
0.5460937500000000	0.0000005579912977
0.5476562500000000	0.0000005766100459
0.5492187500000001	0.0000005952149363
0.5414062500000001	0.0000005020563943
0.5429687500000000	0.0000005207140228
0.4632812500000000	-0.0000004368014802
0.4648437500000000	-0.0000004180948363
0.3785156250000000	-0.0000003565580731
0.3792968750000000	-0.0000003543728513
0.3800781249999999	-0.0000003521854938
0.3808593750000000	-0.0000003499960137
0.3816406250000000	-0.0000003478044243
0.3824218750000000	-0.0000003456107388
0.3832031250000000	-0.0000003434149703
0.3839843750000000	-0.0000003412171321
0.3847656250000000	-0.0000003390172374
0.3855468750000001	-0.0000003368152996
0.3863281250000000	-0.0000003346113318
0.3871093750000000	-0.0000003324053473
0.3878906250000000	-0.0000003301973594
0.3886718750000000	-0.0000003279873814
0.3894531250000000	-0.0000003257754267
0.3902343750000000	-0.0000003235615085
0.3910156250000000	-0.0000003213456402
0.3917968750000000	-0.0000003191278352
0.3925781250000000	-0.0000003169081067
0.3933593750000001	-0.0000003146864682
0.3941406250000000	-0.0000003124629331
0.3949218750000001	-0.0000003102375147
0.3957031250000000	-0.0000003080102265
0.3964843750000000	-0.0000003057810818
0.3972656250000001	-0.0000003035500941
0.3980468750000000	-0.0000003013172769
0.3988281250000000	-0.0000002990826436
0.3996093750000000	-0.0000002968462076
0.7003906250000000	0.0000005649839742
0.7011718750000001	0.0000005668837011
0.7019531250000001	0.0000005687800143
0.7027343750000000	0.0000005706729023
0.7035156250000000	0.0000005725623537
0.7042968750000000	0.0000005744483571
0.7050781250000000	0.0000005763309012
0.7058593750000001	0.0000005782099747
0.7066406250000000	0.0000005800855661
0.7074218750000001	0.0000005819576643
0.7082031250000000	0.0000005838262579
0.7089843750000001	0.0000005856913357
0.7097656250000001	0.0000005875528864
0.7105468750000001	0.0000005894108988
0.7113281250000001	0.0000005912653618
0.7121093750000002	0.0000005931162642
0.7128906250000001	0.0000005949635948
0.7136718750000002	0.0000005968073425
0.7144531250000001	0.0000005986474961
0.7152343750000002	0.0000006004840447
0.7160156250000002	0.0000006023169770
0.7167968750000001	0.0000006041462822
0.7175781250000001	0.0000006059719492
0.7183593750000001	0.0000006077939669
0.7191406250000001	0.0000006096123244
0.7199218750000002	0.0000006114270108
0.7207031250000001	0.0000006132380151
0.7214843750000001	0.0000006150453264
0.7222656250000000	0.0000006168489338
0.7230468750000001	0.0000006186488264
0.7238281250000000	0.0000006204449935
0.7246093750000001	0.0000006222374242
0.7253906250000001	0.0000006240261076
0.7261718750000001	0.0000006258110331
0.7269531250000001	0.0000006275921898
0.7277343750000002	0.0000006293695671
0.7285156250000001	0.0000006311431542
0.7292968750000001	0.0000006329129405
0.7300781250000000	0.0000006346789152
0.7308593750000001	0.0000006364410678
0.7316406250000000	0.0000006381993876
0.7324218750000001	0.0000006399538641
0.7332031250000001	0.0000006417044866
0.7339843750000000	0.0000006434512447
0.7347656250000000	0.0000006451941277
0.7355468750000000	0.0000006469331253
0.7363281250000000	0.0000006486682269
0.7371093750000001	0.0000006503994220
0.7378906250000000	0.0000006521267004
0.7386718750000001	0.0000006538500514
0.7394531250000000	0.0000006555694648
0.7402343750000001	0.0000006572849303
0.7410156250000001	0.0000006589964374
0.7417968750000000	0.0000006607039758
0.7425781250000000	0.0000006624075353
0.7433593750000000	0.0000006641071057
0.7441406250000000	0.0000006658026766
0.7449218750000001	0.0000006674942379
0.7457031250000000	0.0000006691817793
0.7464843750000000	0.0000006708652907
0.7472656249999999	0.0000006725447621
0.7480468750000000	0.0000006742201831
0.7488281250000000	0.0000006758915438
0.7496093750000000	0.0000006775588341
0.7503906250000000	0.0000006792220439
0.7511718750000000	0.0000006808811633
0.7519531250000000	0.0000006825361822
0.7527343750000001	0.0000006841870906
0.7535156250000000	0.0000006858338787
0.7542968750000000	0.0000006874765364
0.7550781249999999	0.0000006891150540
0.7558593750000000	0.0000006907494215
0.7566406250000000	0.0000006923796290
0.7574218750000000	0.0000006940056668
0.7582031250000000	0.0000006956275251
0.7589843749999999	0.0000006972451941
0.7597656249999999	0.0000006988586640
0.7605468750000000	0.0000007004679252
0.7613281249999999	0.0000007020729679
0.7621093750000000	0.0000007036737825
0.7628906249999999	0.0000007052703593
0.7636718750000000	0.0000007068626887
0.7644531250000000	0.0000007084507612
0.7652343750000000	0.0000007100345670
0.7660156250000000	0.0000007116140968
0.7667968750000000	0.0000007131893410
0.7675781250000000	0.0000007147602901
0.7683593750000001	0.0000007163269346
0.7691406250000000	0.0000007178892652
0.7699218750000001	0.0000007194472723
0.7707031250000000	0.0000007210009467
0.7714843750000001	0.0000007225502789
0.6847656249999999	0.0000005262903175
0.6855468750000000	0.0000005282558895
0.6863281250000000	0.0000005302182806
0.6871093750000000	0.0000005321774787
0.6878906250000000	0.0000005341334721
0.6886718750000000	0.0000005360862491
0.6894531250000000	0.0000005380357978
0.6902343750000001	0.0000005399821066
0.6910156250000000	0.0000005419251636
0.6917968750000001	0.0000005438649572
0.6925781250000000	0.0000005458014757
0.6933593750000001	0.0000005477347075
0.6941406250000001	0.0000005496646409
0.6949218750000001	0.0000005515912642
0.6957031250000001	0.0000005535145659
0.6964843750000002	0.0000005554345343
0.6972656250000001	0.0000005573511580
0.6980468750000001	0.0000005592644253
0.6988281250000000	0.0000005611743248
0.6996093750000001	0.0000005630808449
0.4003906250000000	-0.0000002946079824
0.4011718750000001	-0.0000002923679815
0.4019531250000000	-0.0000002901262184
0.4027343750000000	-0.0000002878827067
0.4035156250000000	-0.0000002856374597
0.4042968750000000	-0.0000002833904911
0.4050781250000000	-0.0000002811418144
0.4058593750000000	-0.0000002788914430
0.7722656250000001	0.0000007240952596
0.7730468750000000	0.0000007256358795
0.7738281250000000	0.0000007271721293
0.7746093750000000	0.0000007287039999
0.6503906250000001	0.0000004368386422
0.6511718750000002	0.0000004389321991
0.6519531250000001	0.0000004410231131
0.6527343750000002	0.0000004431113714
0.6535156250000002	0.0000004451969616
0.6542968750000001	0.0000004472798711
0.6550781250000001	0.0000004493600873
0.6558593750000001	0.0000004514375977
0.6566406250000001	0.0000004535123897
0.6574218750000002	0.0000004555844510
0.6582031250000001	0.0000004576537689
0.6589843750000001	0.0000004597203311
0.6597656250000000	0.0000004617841250
0.6605468750000001	0.0000004638451384
0.6613281250000000	0.0000004659033586
0.6621093750000001	0.0000004679587734
0.6628906250000001	0.0000004700113703
0.6636718750000001	0.0000004720611371
0.6644531250000001	0.0000004741080613
0.6652343750000002	0.0000004761521305
0.6660156250000001	0.0000004781933326
0.6667968750000001	0.0000004802316552
0.6675781250000000	0.0000004822670861
0.6683593750000001	0.0000004842996129
0.6691406250000000	0.0000004863292234
0.6699218750000001	0.0000004883559054
0.6707031250000001	0.0000004903796467
0.6714843750000000	0.0000004924004350
0.6722656250000000	0.0000004944182583
0.6730468750000000	0.0000004964331044
0.6738281250000000	0.0000004984449611
0.6746093750000001	0.0000005004538163
0.6753906250000000	0.0000005024596580
0.6761718750000001	0.0000005044624739
0.6769531250000000	0.0000005064622521
0.6777343750000001	0.0000005084589805
0.6785156250000001	0.0000005104526471
0.6792968750000000	0.0000005124432399
0.6800781250000000	0.0000005144307469
0.6808593750000000	0.0000005164151561
0.6816406250000000	0.0000005183964555
0.6824218750000001	0.0000005203746333
0.6832031250000000	0.0000005223496775
0.6839843750000000	0.0000005243215761
0.7753906250000000	0.0000007302314818
0.7761718750000001	0.0000007317545660
0.7769531250000000	0.0000007332732433
0.7777343750000000	0.0000007347875045
0.7785156249999999	0.0000007362973406
0.7792968750000000	0.0000007378027423
0.7800781250000000	0.0000007393037006
0.7808593750000000	0.0000007408002066
0.7816406250000000	0.0000007422922511
0.7824218750000000	0.0000007437798252
0.7832031250000000	0.0000007452629200
0.7839843750000001	0.0000007467415264
0.7847656250000000	0.0000007482156356
0.7855468750000001	0.0000007496852388
0.7863281250000000	0.0000007511503270
0.7871093750000001	0.0000007526108914
0.7878906250000001	0.0000007540669233
0.7886718750000001	0.0000007555184138
0.7894531250000001	0.0000007569653543
0.7902343750000002	0.0000007584077359
0.7910156250000001	0.0000007598455501
0.7917968750000001	0.0000007612787881
0.7925781250000000	0.0000007627074413
0.7933593750000001	0.0000007641315012
0.7941406250000000	0.0000007655509591
0.7949218750000001	0.0000007669658064
0.7957031250000001	0.0000007683760348
0.7964843750000000	0.0000007697816356
0.7972656250000000	0.0000007711826004
0.7980468750000000	0.0000007725789207
0.7988281250000000	0.0000007739705882
0.7996093750000001	0.0000007753575945
0.8003906250000000	0.0000007767399311
0.8011718750000001	0.0000007781175899
0.8019531250000000	0.0000007794905624
0.8027343750000001	0.0000007808588405
0.8035156250000001	0.0000007822224158
0.8042968750000000	0.0000007835812802
0.8050781250000000	0.0000007849354254
0.8058593750000000	0.0000007862848434
0.8066406250000000	0.0000007876295259
0.8074218750000001	0.0000007889694649
0.8082031250000000	0.0000007903046524
0.8089843750000000	0.0000007916350802
0.8097656249999999	0.0000007929607404
0.8105468750000000	0.0000007942816249
0.8113281250000000	0.0000007955977258
0.8121093750000000	0.0000007969090353
0.4066406250000000	-0.0000002766393907
0.4074218750000000	-0.0000002743856709
0.4082031250000000	-0.0000002721302972
0.4089843750000001	-0.0000002698732833
0.4097656250000000	-0.0000002676146426
0.4105468750000001	-0.0000002653543888
0.4113281250000000	-0.0000002630925356
0.4121093750000000	-0.0000002608290965
0.8128906250000000	0.0000007982155453
0.8136718750000000	0.0000007995172480
0.8144531250000000	0.0000008008141356
0.8152343750000001	0.0000008021062003
0.8160156250000000	0.0000008033934342
0.8167968750000001	0.0000008046758297
0.4128906250000001	-0.0000002585640852
0.4136718750000000	-0.0000002562975154
0.4144531250000000	-0.0000002540294006
0.4152343750000000	-0.0000002517597546
0.6425781250000001	0.0000004157604908
0.6433593750000002	0.0000004178797814
0.6441406250000001	0.0000004199965558
0.6449218750000002	0.0000004221108013
0.6457031250000002	0.0000004242225052
0.6464843750000001	0.0000004263316547
0.6472656250000001	0.0000004284382370
0.6480468750000001	0.0000004305422397
0.6488281250000001	0.0000004326436498
0.6496093750000002	0.0000004347424549
0.8175781250000000	0.0000008059533789
0.8183593750000001	0.0000008072260743
0.8191406250000001	0.0000008084939081
0.8199218750000001	0.0000008097568727
0.8207031250000001	0.0000008110149604
0.8214843750000002	0.0000008122681638
0.8222656250000001	0.0000008135164753
0.8230468750000001	0.0000008147598873
0.8238281250000000	0.0000008159983924
0.8246093750000001	0.0000008172319830
0.8253906250000000	0.0000008184606518
0.8261718750000001	0.0000008196843914
0.8269531250000001	0.0000008209031943
0.8277343750000000	0.0000008221170533
0.8285156250000000	0.0000008233259611
0.8292968750000000	0.0000008245299103
0.8300781250000000	0.0000008257288936
0.8308593750000001	0.0000008269229040
0.8316406250000000	0.0000008281119341
0.8324218750000001	0.0000008292959769
0.8332031250000000	0.0000008304750252
0.8339843750000001	0.0000008316490718
0.8347656250000001	0.0000008328181098
0.8355468750000001	0.0000008339821320
0.8363281250000001	0.0000008351411315
0.8371093750000002	0.0000008362951012
0.8378906250000001	0.0000008374440343
0.8386718750000002	0.0000008385879238
0.8394531250000001	0.0000008397267628
0.8402343750000002	0.0000008408605445
0.8410156250000002	0.0000008419892619
0.8417968750000001	0.0000008431129085
0.8425781250000001	0.0000008442314772
0.8433593750000001	0.0000008453449615
0.8441406250000001	0.0000008464533546
0.8449218750000002	0.0000008475566498
0.8457031250000001	0.0000008486548405
0.8464843750000001	0.0000008497479201
0.8472656250000000	0.0000008508358820
0.8480468750000001	0.0000008519187196
0.8488281250000000	0.0000008529964264
0.8496093750000001	0.0000008540689959
0.4160156250000000	-0.0000002494885909
0.4167968750000001	-0.0000002472159234
0.4175781250000000	-0.0000002449417657
0.4183593750000001	-0.0000002426661314
0.4191406250000000	-0.0000002403890344
0.4199218750000001	-0.0000002381104883
0.4207031250000001	-0.0000002358305068
0.4214843750000000	-0.0000002335491037
0.4222656250000001	-0.0000002312662927
0.4230468750000000	-0.0000002289820875
0.4238281250000000	-0.0000002266965020
0.4246093750000001	-0.0000002244095499
0.6191406250000001	0.0000003510756011
0.6199218750000002	0.0000003532643751
0.6207031250000001	0.0000003554510222
0.6214843750000002	0.0000003576355292
0.6222656250000002	0.0000003598178829
0.6230468750000001	0.0000003619980702
0.6238281250000001	0.0000003641760779
0.6246093750000001	0.0000003663518930
0.6253906250000001	0.0000003685255023
0.6261718750000002	0.0000003706968927
0.6269531250000001	0.0000003728660512
0.6277343750000001	0.0000003750329647
0.6285156250000000	0.0000003771976201
0.6292968750000001	0.0000003793600044
0.6300781250000000	0.0000003815201046
0.6308593750000001	0.0000003836779077
0.6316406250000001	0.0000003858334006
0.6324218750000001	0.0000003879865703
0.6332031250000001	0.0000003901374040
0.6339843750000002	0.0000003922858886
0.6347656250000001	0.0000003944320113
0.6355468750000002	0.0000003965757590
0.6363281250000001	0.0000003987171188
0.6371093750000002	0.0000004008560780
0.6378906250000002	0.0000004029926235
0.6386718750000002	0.0000004051267425
0.6394531250000002	0.0000004072584222
0.6402343750000002	0.0000004093876496
0.6410156250000002	0.0000004115144121
0.6417968750000002	0.0000004136386967
0.6003906250000001	0.0000002979414114
0.6011718750000001	0.0000003001772480
0.6019531250000001	0.0000003024112775
0.6027343750000002	0.0000003046434864
0.6035156250000001	0.0000003068738612
0.6042968750000001	0.0000003091023886
0.6050781250000000	0.0000003113290550
0.6058593750000001	0.0000003135538471
0.6066406250000000	0.0000003157767515
0.6074218750000001	0.0000003179977548
0.6082031250000001	0.0000003202168436
0.6089843750000000	0.0000003224340046
0.6097656250000000	0.0000003246492243
0.6105468750000000	0.0000003268624895
0.6113281250000000	0.0000003290737868
0.6121093750000001	0.0000003312831029
0.6128906250000000	0.0000003334904244
0.6136718750000001	0.0000003356957382
0.6144531250000000	0.0000003378990308
0.6152343750000001	0.0000003401002891
0.6160156250000001	0.0000003422994997
0.6167968750000001	0.0000003444966495
0.6175781250000001	0.0000003466917251
0.6183593750000002	0.0000003488847134
0.8503906250000001	0.0000008551364217
0.8511718750000001	0.0000008561986974
0.8519531250000001	0.0000008572558164
0.8527343750000002	0.0000008583077725
0.8535156250000001	0.0000008593545593
0.8542968750000001	0.0000008603961706
0.8550781250000000	0.0000008614326000
0.8558593750000001	0.0000008624638413
0.8566406250000000	0.0000008634898883
0.8574218750000001	0.0000008645107347
0.8582031250000001	0.0000008655263746
0.8589843750000000	0.0000008665368017
0.8597656250000000	0.0000008675420099
0.8605468750000000	0.0000008685419932
0.8613281250000000	0.0000008695367456
0.8621093750000001	0.0000008705262611
0.8628906250000000	0.0000008715105337
0.8636718750000001	0.0000008724895575
0.8644531250000000	0.0000008734633266
0.8652343750000001	0.0000008744318351
0.8660156250000001	0.0000008753950772
0.8667968750000000	0.0000008763530471
0.8675781250000000	0.0000008773057391
0.8683593750000000	0.0000008782531473
0.4253906250000000	-0.0000002221212450
0.4261718750000001	-0.0000002198316010
0.4269531250000000	-0.0000002175406318
0.4277343750000000	-0.0000002152483511
0.4285156250000001	-0.0000002129547728
0.4292968750000000	-0.0000002106599107
0.4300781250000000	-0.0000002083637786
0.4308593750000000	-0.0000002060663903
0.5972656250000000	0.0000002889802631
0.5980468750000001	0.0000002912231935
0.5988281250000000	0.0000002934643707
0.5996093750000001	0.0000002957037812
0.8691406250000000	0.0000008791952660
0.8699218750000001	0.0000008801320897
0.8707031250000000	0.0000008810636127
0.8714843750000000	0.0000008819898292
0.8722656249999999	0.0000008829107339
0.8730468750000000	0.0000008838263210
0.8738281250000000	0.0000008847365852
0.8746093750000000	0.0000008856415209
0.4316406250000000	-0.0000002037677596
0.4324218750000001	-0.0000002014679005
0.4332031250000000	-0.0000001991668268
0.4339843750000000	-0.0000001968645523
0.5925781250000001	0.0000002754866210
0.5933593750000001	0.0000002777397865
0.5941406250000001	0.0000002799912800
0.5949218750000002	0.0000002822410880
0.5957031250000001	0.0000002844891968
0.5964843750000001	0.0000002867355931
0.2767578125000000	-0.0000001546015186
0.2771484375000000	-0.0000001543766482
0.2775390625000000	-0.0000001541515454
0.2779296875000000	-0.0000001539262104
0.2783203125000000	-0.0000001537006436
0.2787109375000000	-0.0000001534748453
0.2791015625000000	-0.0000001532488158
0.2794921875000000	-0.0000001530225555
0.2798828125000000	-0.0000001527960648
0.2802734375000000	-0.0000001525693439
0.2806640625000000	-0.0000001523423932
0.2810546875000000	-0.0000001521152131
0.2814453125000000	-0.0000001518878038
0.2818359375000000	-0.0000001516601658
0.2822265625000000	-0.0000001514322994
0.2826171875000000	-0.0000001512042049
0.2830078125000000	-0.0000001509758827
0.2833984375000000	-0.0000001507473331
0.2837890625000000	-0.0000001505185565
0.2841796875000001	-0.0000001502895531
0.2845703125000000	-0.0000001500603234
0.2849609375000001	-0.0000001498308677
0.2853515625000000	-0.0000001496011863
0.2857421875000001	-0.0000001493712796
0.2861328125000001	-0.0000001491411479
0.2865234375000000	-0.0000001489107916
0.2869140625000000	-0.0000001486802110
0.2873046875000000	-0.0000001484494065
0.2876953125000000	-0.0000001482183784
0.2880859375000001	-0.0000001479871271
0.2884765625000000	-0.0000001477556528
0.2888671875000000	-0.0000001475239561
0.2892578125000000	-0.0000001472920371
0.2896484375000000	-0.0000001470598963
0.2900390625000000	-0.0000001468275340
0.2904296875000000	-0.0000001465949506
0.2908203125000000	-0.0000001463621464
0.2912109375000000	-0.0000001461291217
0.2916015625000000	-0.0000001458958770
0.2919921875000001	-0.0000001456624125
0.2923828125000000	-0.0000001454287286
0.2927734375000001	-0.0000001451948257
0.2931640625000000	-0.0000001449607041
0.2935546875000001	-0.0000001447263642
0.2939453125000001	-0.0000001444918062
0.2943359375000001	-0.0000001442570307
0.2947265625000001	-0.0000001440220379
0.2951171875000001	-0.0000001437868282
0.2955078125000001	-0.0000001435514019
0.2958984375000001	-0.0000001433157594
0.2962890625000000	-0.0000001430799011
0.2966796875000001	-0.0000001428438272
0.2970703125000000	-0.0000001426075383
0.2974609375000001	-0.0000001423710345
0.2978515625000001	-0.0000001421343163
0.2982421875000000	-0.0000001418973840
0.2986328125000000	-0.0000001416602380
0.2990234375000000	-0.0000001414228787
0.2994140625000000	-0.0000001411853063
0.2998046875000001	-0.0000001409475213
0.3001953125000000	-0.0000001407095240
0.3005859375000001	-0.0000001404713148
0.3009765625000000	-0.0000001402328940
0.3013671875000001	-0.0000001399942621
0.3017578125000001	-0.0000001397554192
0.3021484375000000	-0.0000001395163659
0.3025390625000000	-0.0000001392771024
0.3029296875000000	-0.0000001390376292
0.3033203125000000	-0.0000001387979465
0.3037109375000001	-0.0000001385580548
0.3041015625000000	-0.0000001383179544
0.3044921875000000	-0.0000001380776457
0.3048828125000000	-0.0000001378371290
0.3052734375000000	-0.0000001375964048
0.3056640625000000	-0.0000001373554732
0.3060546875000000	-0.0000001371143348
0.3064453125000000	-0.0000001368729899
0.3068359375000000	-0.0000001366314389
0.3072265625000000	-0.0000001363896820
0.3076171875000001	-0.0000001361477198
0.3080078125000000	-0.0000001359055524
0.3083984375000001	-0.0000001356631804
0.3087890625000000	-0.0000001354206041
0.3091796875000001	-0.0000001351778237
0.3095703125000001	-0.0000001349348398
0.3099609375000001	-0.0000001346916527
0.3103515625000001	-0.0000001344482627
0.3107421875000001	-0.0000001342046702
0.3111328125000001	-0.0000001339608755
0.3115234375000001	-0.0000001337168791
0.3119140625000000	-0.0000001334726813
0.3123046875000001	-0.0000001332282825
0.3126953125000000	-0.0000001329836830
0.3130859375000001	-0.0000001327388832
0.3134765625000001	-0.0000001324938835
0.3138671875000000	-0.0000001322486842
0.3142578125000000	-0.0000001320032858
0.3146484375000000	-0.0000001317576885
0.3150390625000000	-0.0000001315118928
0.3154296875000001	-0.0000001312658990
0.3158203125000000	-0.0000001310197075
0.3162109375000001	-0.0000001307733186
0.3166015625000000	-0.0000001305267328
0.3169921875000001	-0.0000001302799504
0.3173828125000001	-0.0000001300329718
0.3177734375000001	-0.0000001297857973
0.3181640625000001	-0.0000001295384274
0.3185546875000001	-0.0000001292908624
0.3189453125000001	-0.0000001290431026
0.3193359375000001	-0.0000001287951484
0.3197265625000001	-0.0000001285470003
0.3201171875000001	-0.0000001282986586
0.3205078125000001	-0.0000001280501236
0.3208984375000001	-0.0000001278013958
0.3212890625000001	-0.0000001275524754
0.3216796875000001	-0.0000001273033630
0.3220703125000001	-0.0000001270540588
0.3224609375000001	-0.0000001268045633
0.3228515625000001	-0.0000001265548767
0.3232421875000001	-0.0000001263049996
0.3236328125000000	-0.0000001260549322
0.3240234375000001	-0.0000001258046750
0.3244140625000000	-0.0000001255542283
0.3248046875000001	-0.0000001253035924
0.3251953125000001	-0.0000001250527679
0.3255859375000001	-0.0000001248017550
0.3259765625000001	-0.0000001245505541
0.3263671875000001	-0.0000001242991656
0.3267578125000001	-0.0000001240475900
0.3271484375000001	-0.0000001237958275
0.3275390625000000	-0.0000001235438785
0.3279296875000001	-0.0000001232917434
0.3283203125000000	-0.0000001230394227
0.3287109375000001	-0.0000001227869166
0.3291015625000001	-0.0000001225342256
0.3294921875000000	-0.0000001222813501
0.3298828125000000	-0.0000001220282903
0.3302734375000000	-0.0000001217750468
0.3306640625000000	-0.0000001215216199
0.3310546875000001	-0.0000001212680099
0.3314453125000000	-0.0000001210142173
0.3318359375000001	-0.0000001207602424
0.3322265625000000	-0.0000001205060856
0.3326171875000001	-0.0000001202517473
0.3330078125000001	-0.0000001199972279
0.3333984375000000	-0.0000001197425278
0.3337890625000000	-0.0000001194876473
0.3341796875000000	-0.0000001192325869
0.3345703125000000	-0.0000001189773468
0.3349609375000001	-0.0000001187219276
0.3353515625000000	-0.0000001184663295
0.3357421875000000	-0.0000001182105530
0.3361328125000000	-0.0000001179545985
0.3365234375000000	-0.0000001176984663
0.3369140625000000	-0.0000001174421569
0.3373046875000000	-0.0000001171856705
0.3376953125000000	-0.0000001169290077
0.3380859375000000	-0.0000001166721687
0.3384765625000000	-0.0000001164151540
0.3388671875000001	-0.0000001161579640
0.3392578125000000	-0.0000001159005990
0.3396484375000000	-0.0000001156430594
0.3400390625000000	-0.0000001153853457
0.3404296875000000	-0.0000001151274581
0.3408203125000000	-0.0000001148693972
0.3412109375000000	-0.0000001146111633
0.3416015625000000	-0.0000001143527567
0.3419921875000000	-0.0000001140941779
0.3423828125000000	-0.0000001138354273
0.3427734375000000	-0.0000001135765051
0.3431640625000000	-0.0000001133174120
0.3435546875000000	-0.0000001130581481
0.3439453125000000	-0.0000001127987140
0.3443359375000000	-0.0000001125391100
0.3447265625000000	-0.0000001122793364
0.3451171875000000	-0.0000001120193938
0.3455078125000000	-0.0000001117592824
0.3458984375000000	-0.0000001114990027
0.3462890625000000	-0.0000001112385551
0.3466796875000001	-0.0000001109779399
0.3470703125000000	-0.0000001107171576
0.3474609375000001	-0.0000001104562085
0.3478515625000000	-0.0000001101950930
0.3482421875000001	-0.0000001099338116
0.3486328125000001	-0.0000001096723646
0.3490234375000000	-0.0000001094107523
0.3494140625000000	-0.0000001091489754
0.3498046875000000	-0.0000001088870340
0.3501953125000000	-0.0000001086249286
0.3505859375000001	-0.0000001083626595
0.3509765625000000	-0.0000001081002273
0.3513671875000000	-0.0000001078376323
0.3517578125000000	-0.0000001075748748
0.3521484375000000	-0.0000001073119553
0.3525390625000000	-0.0000001070488742
0.3529296875000000	-0.0000001067856318
0.3533203125000000	-0.0000001065222286
0.3537109375000000	-0.0000001062586650
0.3541015625000000	-0.0000001059949413
0.3544921875000001	-0.0000001057310580
0.3548828125000000	-0.0000001054670154
0.3552734375000001	-0.0000001052028139
0.3556640625000000	-0.0000001049384540
0.3560546875000001	-0.0000001046739361
0.3564453125000001	-0.0000001044092604
0.3568359375000001	-0.0000001041444276
0.3572265625000001	-0.0000001038794378
0.3576171875000001	-0.0000001036142916
0.3580078125000001	-0.0000001033489894
0.3583984375000001	-0.0000001030835314
0.3587890625000000	-0.0000001028179182
0.3591796875000001	-0.0000001025521502
0.3595703125000000	-0.0000001022862276
0.3599609375000001	-0.0000001020201511
0.3603515625000001	-0.0000001017539208
0.3607421875000000	-0.0000001014875373
0.3611328125000000	-0.0000001012210009
0.3615234375000000	-0.0000001009543121
0.3619140625000000	-0.0000001006874712
0.3623046875000001	-0.0000001004204787
0.3626953125000000	-0.0000001001533349
0.3630859375000001	-0.0000000998860402
0.3634765625000000	-0.0000000996185951
0.3638671875000001	-0.0000000993510000
0.3642578125000001	-0.0000000990832552
0.3646484375000000	-0.0000000988153612
0.3650390625000000	-0.0000000985473183
0.3654296875000000	-0.0000000982791270
0.3658203125000000	-0.0000000980107877
0.3662109375000001	-0.0000000977423007
0.3666015625000000	-0.0000000974736665
0.3669921875000000	-0.0000000972048856
0.3673828125000000	-0.0000000969359582
0.3677734375000000	-0.0000000966668848
0.3681640625000000	-0.0000000963976657
0.3685546875000000	-0.0000000961283015
0.3689453125000000	-0.0000000958587926
0.3693359375000000	-0.0000000955891392
0.3697265625000000	-0.0000000953193418
0.3701171875000001	-0.0000000950494009
0.3705078125000000	-0.0000000947793168
0.3708984375000000	-0.0000000945090900
0.3712890625000000	-0.0000000942387208
0.3716796875000000	-0.0000000939682096
0.3720703125000000	-0.0000000936975570
0.3724609375000000	-0.0000000934267631
0.3728515625000000	-0.0000000931558286
0.3732421875000000	-0.0000000928847538
0.3736328125000000	-0.0000000926135390
0.3740234375000000	-0.0000000923421848
0.3744140625000000	-0.0000000920706914
0.3748046875000000	-0.0000000917990594
0.3751953125000000	-0.0000000915272892
0.3755859375000000	-0.0000000912553810
0.3759765625000000	-0.0000000909833354
0.3763671875000000	-0.0000000907111528
0.3767578125000000	-0.0000000904388335
0.3771484375000000	-0.0000000901663780
0.3775390625000000	-0.0000000898937867
0.3779296875000000	-0.0000000896210600
0.0534179687500000	-0.0000000590779255
0.0536132812500000	-0.0000000590717694
0.0538085937500000	-0.0000000590655911
0.0540039062500000	-0.0000000590593906
0.0541992187500000	-0.0000000590531678
0.0543945312500000	-0.0000000590469228
0.0545898437500000	-0.0000000590406555
0.0547851562500000	-0.0000000590343660
0.0549804687500000	-0.0000000590280543
0.0551757812500000	-0.0000000590217204
0.0553710937500000	-0.0000000590153642
0.0555664062500000	-0.0000000590089858
0.0557617187500000	-0.0000000590025852
0.0559570312500000	-0.0000000589961624
0.0561523437500000	-0.0000000589897174
0.0563476562500000	-0.0000000589832502
0.0565429687500000	-0.0000000589767608
0.0567382812500000	-0.0000000589702491
0.0569335937500000	-0.0000000589637153
0.0571289062500000	-0.0000000589571592
0.0573242187500000	-0.0000000589505810
0.0575195312500000	-0.0000000589439806
0.0577148437500000	-0.0000000589373579
0.0579101562500000	-0.0000000589307131
0.0581054687500000	-0.0000000589240461
0.0583007812500000	-0.0000000589173569
0.0584960937500000	-0.0000000589106456
0.0586914062500000	-0.0000000589039120
0.0588867187500000	-0.0000000588971563
0.0590820312500000	-0.0000000588903784
0.0592773437500000	-0.0000000588835783
0.0594726562500000	-0.0000000588767561
0.0596679687500000	-0.0000000588699117
0.0598632812500000	-0.0000000588630451
0.0600585937500000	-0.0000000588561563
0.0602539062500000	-0.0000000588492454
0.0604492187500000	-0.0000000588423124
0.0606445312500000	-0.0000000588353572
0.0608398437500000	-0.0000000588283798
0.0610351562500000	-0.0000000588213803
0.0612304687500000	-0.0000000588143587
0.0614257812500000	-0.0000000588073149
0.0616210937500000	-0.0000000588002489
0.0618164062500000	-0.0000000587931609
0.0620117187500000	-0.0000000587860507
0.0622070312500000	-0.0000000587789183
0.0624023437500000	-0.0000000587717638
0.0625976562500000	-0.0000000587645872
0.0627929687500000	-0.0000000587573885
0.0629882812500000	-0.0000000587501677
0.0631835937500000	-0.0000000587429247
0.0633789062500000	-0.0000000587356596
0.0635742187500000	-0.0000000587283724
0.0637695312500000	-0.0000000587210631
0.0639648437500000	-0.0000000587137317
0.0641601562500000	-0.0000000587063782
0.0643554687500000	-0.0000000586990025
0.0645507812500000	-0.0000000586916048
0.0647460937500000	-0.0000000586841850
0.0649414062500000	-0.0000000586767431
0.0651367187500000	-0.0000000586692791
0.0653320312500000	-0.0000000586617930
0.0655273437500000	-0.0000000586542848
0.0657226562500000	-0.0000000586467545
0.0659179687500000	-0.0000000586392022
0.0661132812500000	-0.0000000586316277
0.0663085937500000	-0.0000000586240312
0.0665039062500000	-0.0000000586164127
0.0666992187500000	-0.0000000586087720
0.0668945312500000	-0.0000000586011093
0.0670898437500000	-0.0000000585934246
0.0672851562500000	-0.0000000585857177
0.0674804687500000	-0.0000000585779888
0.0676757812500000	-0.0000000585702379
0.0678710937500000	-0.0000000585624649
0.0680664062500000	-0.0000000585546699
0.0682617187500000	-0.0000000585468528
0.0684570312500000	-0.0000000585390136
0.0686523437500000	-0.0000000585311525
0.0688476562500000	-0.0000000585232693
0.0690429687500000	-0.0000000585153640
0.0692382812500000	-0.0000000585074367
0.0694335937500000	-0.0000000584994874
0.0696289062500000	-0.0000000584915161
0.0698242187500000	-0.0000000584835228
0.0700195312500000	-0.0000000584755074
0.0702148437500000	-0.0000000584674700
0.0704101562500000	-0.0000000584594106
0.0706054687500000	-0.0000000584513292
0.0708007812500000	-0.0000000584432258
0.0709960937500000	-0.0000000584351004
0.0711914062500000	-0.0000000584269530
0.0713867187500000	-0.0000000584187836
0.0715820312500000	-0.0000000584105922
0.0717773437500000	-0.0000000584023788
0.0719726562500000	-0.0000000583941434
0.0721679687500000	-0.0000000583858860
0.0723632812500000	-0.0000000583776066
0.0725585937500000	-0.0000000583693053
0.0727539062500000	-0.0000000583609820
0.0729492187500000	-0.0000000583526367
0.0731445312500000	-0.0000000583442695
0.0733398437500000	-0.0000000583358802
0.0735351562500000	-0.0000000583274691
0.0737304687500000	-0.0000000583190359
0.0739257812500000	-0.0000000583105808
0.0741210937500000	-0.0000000583021038
0.0743164062500000	-0.0000000582936048
0.0745117187500000	-0.0000000582850838
0.0747070312500000	-0.0000000582765409
0.0749023437500000	-0.0000000582679761
0.0750976562500000	-0.0000000582593893
0.0752929687500000	-0.0000000582507806
0.0754882812500000	-0.0000000582421500
0.0756835937500000	-0.0000000582334974
0.0758789062500000	-0.0000000582248229
0.0760742187500000	-0.0000000582161265
0.0762695312500000	-0.0000000582074081
0.0764648437500000	-0.0000000581986679
0.0766601562500000	-0.0000000581899057
0.0768554687500000	-0.0000000581811217
0.0770507812500000	-0.0000000581723157
0.0772460937500000	-0.0000000581634878
0.0774414062500000	-0.0000000581546380
0.0776367187500000	-0.0000000581457664
0.0778320312500000	-0.0000000581368728
0.0780273437500000	-0.0000000581279574
0.0782226562500000	-0.0000000581190200
0.0784179687500000	-0.0000000581100608
0.0786132812500000	-0.0000000581010797
0.0788085937500000	-0.0000000580920768
0.0790039062500000	-0.0000000580830519
0.0791992187500000	-0.0000000580740052
0.0793945312500000	-0.0000000580649366
0.0795898437500000	-0.0000000580558462
0.0797851562500000	-0.0000000580467339
0.0799804687500000	-0.0000000580375998
0.0801757812500000	-0.0000000580284438
0.0803710937500000	-0.0000000580192659
0.0805664062500000	-0.0000000580100662
0.0807617187500000	-0.0000000580008447
0.0809570312500000	-0.0000000579916013
0.0811523437500000	-0.0000000579823361
0.0813476562500000	-0.0000000579730491
0.0815429687500000	-0.0000000579637402
0.0817382812500000	-0.0000000579544096
0.0819335937500000	-0.0000000579450571
0.0821289062500000	-0.0000000579356827
0.0823242187500000	-0.0000000579262866
0.0825195312500000	-0.0000000579168687
0.0827148437500000	-0.0000000579074289
0.0829101562500000	-0.0000000578979674
0.0831054687500000	-0.0000000578884840
0.0833007812500000	-0.0000000578789789
0.0834960937500000	-0.0000000578694520
0.0836914062500000	-0.0000000578599032
0.0838867187500000	-0.0000000578503327
0.0840820312500000	-0.0000000578407405
0.0842773437500000	-0.0000000578311264
0.0844726562500000	-0.0000000578214906
0.0846679687500000	-0.0000000578118330
0.0848632812500000	-0.0000000578021536
0.0850585937500000	-0.0000000577924525
0.0852539062500000	-0.0000000577827296
0.0854492187500000	-0.0000000577729849
0.0856445312500000	-0.0000000577632185
0.0858398437500000	-0.0000000577534304
0.0860351562500000	-0.0000000577436205
0.0862304687500000	-0.0000000577337889
0.0864257812500000	-0.0000000577239355
0.0866210937500000	-0.0000000577140604
0.0868164062500000	-0.0000000577041636
0.0870117187500000	-0.0000000576942450
0.0872070312500000	-0.0000000576843047
0.0874023437500000	-0.0000000576743427
0.0875976562500000	-0.0000000576643590
0.0877929687500000	-0.0000000576543536
0.0879882812500000	-0.0000000576443265
0.0881835937500000	-0.0000000576342777
0.0883789062500000	-0.0000000576242071
0.0885742187500000	-0.0000000576141149
0.0887695312500000	-0.0000000576040010
0.0889648437500000	-0.0000000575938654
0.0891601562500000	-0.0000000575837081
0.0893554687500000	-0.0000000575735291
0.0895507812500000	-0.0000000575633285
0.0897460937500000	-0.0000000575531062
0.0899414062500000	-0.0000000575428622
0.0901367187500000	-0.0000000575325965
0.0903320312500000	-0.0000000575223092
0.0905273437500000	-0.0000000575120003
0.0907226562500000	-0.0000000575016696
0.0909179687500000	-0.0000000574913174
0.0911132812500000	-0.0000000574809435
0.0913085937500000	-0.0000000574705479
0.0915039062500000	-0.0000000574601307
0.0916992187500000	-0.0000000574496919
0.0918945312500000	-0.0000000574392314
0.0920898437500000	-0.0000000574287493
0.0922851562500000	-0.0000000574182456
0.0924804687500000	-0.0000000574077203
0.0926757812500000	-0.0000000573971734
0.0928710937500000	-0.0000000573866048
0.0930664062500000	-0.0000000573760147
0.0932617187500000	-0.0000000573654029
0.0934570312500000	-0.0000000573547696
0.0936523437500000	-0.0000000573441146
0.0938476562500000	-0.0000000573334381
0.0940429687500000	-0.0000000573227400
0.0942382812500000	-0.0000000573120203
0.0944335937500000	-0.0000000573012790
0.0946289062500000	-0.0000000572905161
0.0948242187500000	-0.0000000572797317
0.0950195312500000	-0.0000000572689257
0.0952148437500000	-0.0000000572580982
0.0954101562500000	-0.0000000572472491
0.0956054687500000	-0.0000000572363784
0.0958007812500000	-0.0000000572254862
0.0959960937500000	-0.0000000572145724
0.0961914062500000	-0.0000000572036371
0.0963867187500000	-0.0000000571926803
0.0965820312500000	-0.0000000571817019
0.0967773437500000	-0.0000000571707020
0.0969726562500000	-0.0000000571596806
0.0971679687500000	-0.0000000571486377
0.0973632812500000	-0.0000000571375732
0.0975585937500000	-0.0000000571264872
0.0977539062500000	-0.0000000571153797
0.0979492187500000	-0.0000000571042508
0.0981445312500000	-0.0000000570931003
0.0983398437500000	-0.0000000570819283
0.0985351562500000	-0.0000000570707348
0.0987304687500000	-0.0000000570595199
0.0989257812500000	-0.0000000570482834
0.0991210937500000	-0.0000000570370255
0.0993164062500000	-0.0000000570257461
0.0995117187500000	-0.0000000570144453
0.0997070312500000	-0.0000000570031229
0.0999023437500000	-0.0000000569917791
0.1000976562500000	-0.0000000569804139
0.1002929687500000	-0.0000000569690272
0.1004882812500000	-0.0000000569576190
0.1006835937500000	-0.0000000569461895
0.1008789062500000	-0.0000000569347384
0.1010742187500000	-0.0000000569232659
0.1012695312500000	-0.0000000569117720
0.1014648437500000	-0.0000000569002567
0.1016601562500000	-0.0000000568887200
0.1018554687500000	-0.0000000568771618
0.1020507812500000	-0.0000000568655822
0.1022460937500000	-0.0000000568539812
0.1024414062500000	-0.0000000568423588
0.1026367187500000	-0.0000000568307150
0.1028320312500000	-0.0000000568190498
0.1030273437500000	-0.0000000568073632
0.1032226562500000	-0.0000000567956553
0.1034179687500000	-0.0000000567839259
0.1036132812500000	-0.0000000567721752
0.1038085937500000	-0.0000000567604030
0.1040039062500000	-0.0000000567486096
0.1041992187500000	-0.0000000567367947
0.1043945312500000	-0.0000000567249585
0.1045898437500000	-0.0000000567131009
0.1047851562500000	-0.0000000567012220
0.1049804687500000	-0.0000000566893217
0.1051757812500000	-0.0000000566774001
0.1053710937500000	-0.0000000566654572
0.1055664062500000	-0.0000000566534929
0.1057617187500000	-0.0000000566415073
0.1059570312500000	-0.0000000566295003
0.1061523437500000	-0.0000000566174721
0.1063476562500000	-0.0000000566054225
0.1065429687500000	-0.0000000565933516
0.1067382812500000	-0.0000000565812594
0.1069335937500000	-0.0000000565691459
0.1071289062500000	-0.0000000565570111
0.1073242187500000	-0.0000000565448550
0.1075195312500000	-0.0000000565326777
0.1077148437500000	-0.0000000565204790
0.1079101562500000	-0.0000000565082590
0.1081054687500000	-0.0000000564960178
0.1083007812500000	-0.0000000564837553
0.1084960937500000	-0.0000000564714716
0.1086914062500000	-0.0000000564591666
0.1088867187500000	-0.0000000564468403
0.1090820312500000	-0.0000000564344928
0.1092773437500000	-0.0000000564221240
0.1094726562500000	-0.0000000564097340
0.1096679687500000	-0.0000000563973227
0.1098632812500000	-0.0000000563848902
0.1100585937500000	-0.0000000563724365
0.1102539062500000	-0.0000000563599616
0.1104492187500000	-0.0000000563474654
0.1106445312500000	-0.0000000563349480
0.1108398437500000	-0.0000000563224094
0.1110351562500000	-0.0000000563098497
0.1112304687500000	-0.0000000562972687
0.1114257812500000	-0.0000000562846665
0.1116210937500000	-0.0000000562720431
0.1118164062500000	-0.0000000562593985
0.1120117187500000	-0.0000000562467328
0.1122070312500000	-0.0000000562340459
0.1124023437500000	-0.0000000562213378
0.1125976562500000	-0.0000000562086085
0.1127929687500000	-0.0000000561958581
0.1129882812500000	-0.0000000561830865
0.1131835937500000	-0.0000000561702938
0.1133789062500000	-0.0000000561574799
0.1135742187500000	-0.0000000561446449
0.1137695312500000	-0.0000000561317887
0.1139648437500000	-0.0000000561189114
0.1141601562500000	-0.0000000561060130
0.1143554687500000	-0.0000000560930934
0.1145507812500000	-0.0000000560801527
0.1147460937500000	-0.0000000560671910
0.1149414062500000	-0.0000000560542081
0.1151367187500000	-0.0000000560412041
0.1153320312500000	-0.0000000560281790
0.1155273437500000	-0.0000000560151328
0.1157226562500000	-0.0000000560020655
0.1159179687500000	-0.0000000559889771
0.1161132812500000	-0.0000000559758677
0.1163085937500000	-0.0000000559627372
0.1165039062500000	-0.0000000559495856
0.1166992187500000	-0.0000000559364129
0.1168945312500000	-0.0000000559232192
0.1170898437500000	-0.0000000559100044
0.1172851562500000	-0.0000000558967686
0.1174804687500000	-0.0000000558835118
0.1176757812500000	-0.0000000558702339
0.1178710937500000	-0.0000000558569349
0.1180664062500000	-0.0000000558436149
0.1182617187500000	-0.0000000558302740
0.1184570312500000	-0.0000000558169119
0.1186523437500000	-0.0000000558035289
0.1188476562500000	-0.0000000557901249
0.1190429687500000	-0.0000000557766998
0.1192382812500000	-0.0000000557632538
0.1194335937500000	-0.0000000557497867
0.1196289062500000	-0.0000000557362987
0.1198242187500000	-0.0000000557227897
0.1200195312500000	-0.0000000557092597
0.1202148437500000	-0.0000000556957087
0.1204101562500000	-0.0000000556821368
0.1206054687500000	-0.0000000556685439
0.1208007812500000	-0.0000000556549300
0.1209960937500000	-0.0000000556412952
0.1211914062500000	-0.0000000556276395
0.1213867187500000	-0.0000000556139628
0.1215820312500000	-0.0000000556002651
0.1217773437500000	-0.0000000555865465
0.1219726562500000	-0.0000000555728070
0.1221679687500000	-0.0000000555590466
0.1223632812500000	-0.0000000555452652
0.1225585937500000	-0.0000000555314630
0.1227539062500000	-0.0000000555176398
0.1229492187500000	-0.0000000555037957
0.1231445312500000	-0.0000000554899308
0.1233398437500000	-0.0000000554760449
0.1235351562500000	-0.0000000554621382
0.1237304687500000	-0.0000000554482106
0.1239257812500000	-0.0000000554342620
0.1241210937500000	-0.0000000554202927
0.1243164062500000	-0.0000000554063024
0.1245117187500000	-0.0000000553922913
0.1247070312500000	-0.0000000553782594
0.1249023437500000	-0.0000000553642066
0.1250976562500000	-0.0000000553501329
0.1252929687500000	-0.0000000553360384
0.1254882812500000	-0.0000000553219231
0.1256835937500000	-0.0000000553077870
0.1258789062500000	-0.0000000552936300
0.1260742187500000	-0.0000000552794522
0.1262695312500000	-0.0000000552652536
0.1264648437500000	-0.0000000552510342
0.1266601562500000	-0.0000000552367940
0.1268554687500000	-0.0000000552225330
0.1270507812500000	-0.0000000552082512
0.1272460937500000	-0.0000000551939486
0.1274414062500000	-0.0000000551796252
0.1276367187500000	-0.0000000551652811
0.1278320312500000	-0.0000000551509161
0.1280273437500000	-0.0000000551365305
0.1282226562500000	-0.0000000551221240
0.1284179687500000	-0.0000000551076968
0.1286132812500000	-0.0000000550932489
0.1288085937500000	-0.0000000550787802
0.1290039062500000	-0.0000000550642908
0.1291992187500000	-0.0000000550497807
0.1293945312500000	-0.0000000550352498
0.1295898437500000	-0.0000000550206982
0.1297851562500000	-0.0000000550061259
0.1299804687500000	-0.0000000549915329
0.1301757812500000	-0.0000000549769191
0.1303710937500000	-0.0000000549622847
0.1305664062500000	-0.0000000549476296
0.1307617187500000	-0.0000000549329538
0.1309570312500000	-0.0000000549182573
0.1311523437500000	-0.0000000549035401
0.1313476562500000	-0.0000000548888023
0.1315429687500000	-0.0000000548740438
0.1317382812500000	-0.0000000548592646
0.1319335937500000	-0.0000000548444648
0.1321289062500000	-0.0000000548296444
0.1323242187500000	-0.0000000548148033
0.1325195312500000	-0.0000000547999415
0.1327148437500000	-0.0000000547850591
0.1329101562500000	-0.0000000547701561
0.1331054687500000	-0.0000000547552325
0.1333007812500000	-0.0000000547402883
0.1334960937500000	-0.0000000547253234
0.1336914062500000	-0.0000000547103380
0.1338867187500000	-0.0000000546953319
0.1340820312500000	-0.0000000546803053
0.1342773437500000	-0.0000000546652581
0.1344726562500000	-0.0000000546501903
0.1346679687500000	-0.0000000546351019
0.1348632812500000	-0.0000000546199929
0.1350585937500000	-0.0000000546048634
0.1352539062500000	-0.0000000545897133
0.1354492187500000	-0.0000000545745427
0.1356445312500000	-0.0000000545593515
0.1358398437500000	-0.0000000545441398
0.1360351562500000	-0.0000000545289075
0.1362304687500000	-0.0000000545136547
0.1364257812500000	-0.0000000544983814
0.1366210937500000	-0.0000000544830876
0.1368164062500000	-0.0000000544677732
0.1370117187500000	-0.0000000544524384
0.1372070312500000	-0.0000000544370830
0.1374023437500000	-0.0000000544217072
0.1375976562500000	-0.0000000544063109
0.1377929687500000	-0.0000000543908940
0.1379882812500000	-0.0000000543754567
0.1381835937500000	-0.0000000543599990
0.1383789062500000	-0.0000000543445207
0.1385742187500000	-0.0000000543290220
0.1387695312500000	-0.0000000543135029
0.1389648437500000	-0.0000000542979633
0.1391601562500000	-0.0000000542824032
0.1393554687500000	-0.0000000542668228
0.1395507812500000	-0.0000000542512218
0.1397460937500000	-0.0000000542356005
0.1399414062500000	-0.0000000542199587
0.1401367187500000	-0.0000000542042966
0.1403320312500000	-0.0000000541886140
0.1405273437500000	-0.0000000541729110
0.1407226562500000	-0.0000000541571876
0.1409179687500000	-0.0000000541414439
0.1411132812500000	-0.0000000541256797
0.1413085937500000	-0.0000000541098952
0.1415039062500000	-0.0000000540940903
0.1416992187500000	-0.0000000540782650
0.1418945312500000	-0.0000000540624194
0.1420898437500000	-0.0000000540465534
0.1422851562500000	-0.0000000540306671
0.1424804687500000	-0.0000000540147604
0.1426757812500000	-0.0000000539988334
0.1428710937500000	-0.0000000539828860
0.1430664062500000	-0.0000000539669184
0.1432617187500000	-0.0000000539509304
0.1434570312500000	-0.0000000539349221
0.1436523437500000	-0.0000000539188935
0.1438476562500000	-0.0000000539028446
0.1440429687500000	-0.0000000538867754
0.1442382812500000	-0.0000000538706859
0.1444335937500000	-0.0000000538545761
0.1446289062500000	-0.0000000538384461
0.1448242187500000	-0.0000000538222958
0.1450195312500000	-0.0000000538061252
0.1452148437500000	-0.0000000537899344
0.1454101562500000	-0.0000000537737233
0.1456054687500000	-0.0000000537574920
0.1458007812500000	-0.0000000537412404
0.1459960937500000	-0.0000000537249686
0.1461914062500000	-0.0000000537086765
0.1463867187500000	-0.0000000536923643
0.1465820312500000	-0.0000000536760318
0.1467773437500000	-0.0000000536596791
0.1469726562500000	-0.0000000536433063
0.1471679687500000	-0.0000000536269132
0.1473632812500000	-0.0000000536104999
0.1475585937500000	-0.0000000535940665
0.1477539062500000	-0.0000000535776128
0.1479492187500000	-0.0000000535611390
0.1481445312500000	-0.0000000535446450
0.1483398437500000	-0.0000000535281309
0.1485351562500000	-0.0000000535115966
0.1487304687500000	-0.0000000534950422
0.1489257812500000	-0.0000000534784676
0.1491210937500000	-0.0000000534618729
0.1493164062500000	-0.0000000534452581
0.1495117187500000	-0.0000000534286231
0.1497070312500000	-0.0000000534119681
0.1499023437500000	-0.0000000533952929
0.1500976562500000	-0.0000000533785976
0.1502929687500000	-0.0000000533618822
0.1504882812500000	-0.0000000533451468
0.1506835937500000	-0.0000000533283912
0.1508789062500000	-0.0000000533116156
0.1510742187500000	-0.0000000532948199
0.1512695312500000	-0.0000000532780041
0.1514648437500000	-0.0000000532611683
0.1516601562500000	-0.0000000532443124
0.1518554687500000	-0.0000000532274365
0.1520507812500000	-0.0000000532105405
0.1522460937500000	-0.0000000531936245
0.1524414062500000	-0.0000000531766885
0.1526367187500000	-0.0000000531597324
0.1528320312500000	-0.0000000531427564
0.1530273437500000	-0.0000000531257603
0.1532226562500000	-0.0000000531087442
0.1534179687500000	-0.0000000530917081
0.1536132812500000	-0.0000000530746521
0.1538085937500000	-0.0000000530575760
0.1540039062500000	-0.0000000530404800
0.1541992187500000	-0.0000000530233640
0.1543945312500000	-0.0000000530062281
0.1545898437500000	-0.0000000529890722
0.1547851562500000	-0.0000000529718963
0.1549804687500000	-0.0000000529547005
0.1551757812500000	-0.0000000529374848
0.1553710937500000	-0.0000000529202491
0.1555664062500000	-0.0000000529029935
0.1557617187500000	-0.0000000528857180
0.1559570312500000	-0.0000000528684226
0.1561523437500000	-0.0000000528511072
0.1563476562500000	-0.0000000528337720
0.1565429687500000	-0.0000000528164169
0.1567382812500000	-0.0000000527990419
0.1569335937500000	-0.0000000527816470
0.1571289062500000	-0.0000000527642323
0.1573242187500000	-0.0000000527467976
0.1575195312500000	-0.0000000527293432
0.1577148437500000	-0.0000000527118688
0.1579101562500000	-0.0000000526943747
0.1581054687500000	-0.0000000526768606
0.1583007812500000	-0.0000000526593268
0.1584960937500000	-0.0000000526417731
0.1586914062500000	-0.0000000526241996
0.1588867187500000	-0.0000000526066063
0.1590820312500000	-0.0000000525889932
0.1592773437500000	-0.0000000525713603
0.1594726562500000	-0.0000000525537076
0.1596679687500001	-0.0000000525360351
0.1598632812500000	-0.0000000525183428
0.1600585937500001	-0.0000000525006308
0.1602539062500000	-0.0000000524828989
0.1604492187500000	-0.0000000524651474
0.1606445312500000	-0.0000000524473760
0.1608398437500000	-0.0000000524295850
0.1610351562500000	-0.0000000524117742
0.1612304687500000	-0.0000000523939436
0.1614257812500000	-0.0000000523760934
0.1616210937500000	-0.0000000523582234
0.1618164062500000	-0.0000000523403337
0.1620117187500000	-0.0000000523224242
0.1622070312500000	-0.0000000523044951
0.1624023437500000	-0.0000000522865463
0.1625976562500000	-0.0000000522685779
0.1627929687500000	-0.0000000522505897
0.1629882812500000	-0.0000000522325818
0.1631835937500000	-0.0000000522145543
0.1633789062500000	-0.0000000521965072
0.1635742187500000	-0.0000000521784404
0.1637695312500000	-0.0000000521603539
0.1639648437500000	-0.0000000521422478
0.1641601562500000	-0.0000000521241221
0.1643554687500000	-0.0000000521059767
0.1645507812500000	-0.0000000520878118
0.1647460937500000	-0.0000000520696272
0.1649414062500000	-0.0000000520514230
0.1651367187500000	-0.0000000520331992
0.1653320312500000	-0.0000000520149558
0.1655273437500000	-0.0000000519966929
0.1657226562500000	-0.0000000519784103
0.1659179687500000	-0.0000000519601082
0.1661132812500000	-0.0000000519417866
0.1663085937500000	-0.0000000519234453
0.1665039062500000	-0.0000000519050846
0.1666992187500000	-0.0000000518867043
0.1668945312500000	-0.0000000518683044
0.1670898437500000	-0.0000000518498850
0.1672851562500000	-0.0000000518314461
0.1674804687500000	-0.0000000518129877
0.1676757812500000	-0.0000000517945098
0.1678710937500000	-0.0000000517760124
0.1680664062500000	-0.0000000517574955
0.1682617187500000	-0.0000000517389591
0.1684570312500000	-0.0000000517204032
0.1686523437500000	-0.0000000517018278
0.1688476562500000	-0.0000000516832330
0.1690429687500000	-0.0000000516646187
0.1692382812500000	-0.0000000516459850
0.1694335937500000	-0.0000000516273318
0.1696289062500000	-0.0000000516086592
0.1698242187500000	-0.0000000515899672
0.1700195312500000	-0.0000000515712557
0.1702148437500000	-0.0000000515525248
0.1704101562500000	-0.0000000515337745
0.1706054687500000	-0.0000000515150048
0.1708007812500000	-0.0000000514962157
0.1709960937500000	-0.0000000514774073
0.1711914062500000	-0.0000000514585794
0.1713867187500000	-0.0000000514397322
0.1715820312500000	-0.0000000514208656
0.1717773437500000	-0.0000000514019796
0.1719726562500000	-0.0000000513830743
0.1721679687500000	-0.0000000513641496
0.1723632812500000	-0.0000000513452056
0.1725585937500000	-0.0000000513262423
0.1727539062500000	-0.0000000513072597
0.1729492187500000	-0.0000000512882577
0.1731445312500000	-0.0000000512692364
0.1733398437500000	-0.0000000512501958
0.1735351562500000	-0.0000000512311359
0.1737304687500000	-0.0000000512120568
0.1739257812500000	-0.0000000511929583
0.1741210937500000	-0.0000000511738406
0.1743164062500000	-0.0000000511547036
0.1745117187500000	-0.0000000511355474
0.1747070312500000	-0.0000000511163719
0.1749023437500000	-0.0000000510971771
0.1750976562500000	-0.0000000510779631
0.1752929687500000	-0.0000000510587299
0.1754882812500000	-0.0000000510394775
0.1756835937500000	-0.0000000510202058
0.1758789062500000	-0.0000000510009150
0.1760742187500000	-0.0000000509816049
0.1762695312500000	-0.0000000509622756
0.1764648437500000	-0.0000000509429272
0.1766601562500000	-0.0000000509235596
0.1768554687500000	-0.0000000509041728
0.1770507812500000	-0.0000000508847668
0.1772460937500000	-0.0000000508653417
0.1774414062500000	-0.0000000508458974
0.1776367187500000	-0.0000000508264340
0.1778320312500000	-0.0000000508069514
0.1780273437500000	-0.0000000507874498
0.1782226562500000	-0.0000000507679289
0.1784179687500000	-0.0000000507483890
0.1786132812500000	-0.0000000507288300
0.1788085937500000	-0.0000000507092519
0.1790039062500000	-0.0000000506896547
0.1791992187500000	-0.0000000506700384
0.1793945312500000	-0.0000000506504030
0.1795898437500000	-0.0000000506307485
0.1797851562500000	-0.0000000506110750
0.1799804687500000	-0.0000000505913825
0.1801757812500000	-0.0000000505716709
0.1803710937500000	-0.0000000505519402
0.1805664062500000	-0.0000000505321905
0.1807617187500000	-0.0000000505124218
0.1809570312500000	-0.0000000504926341
0.1811523437500000	-0.0000000504728273
0.1813476562500000	-0.0000000504530016
0.1815429687500000	-0.0000000504331569
0.1817382812500000	-0.0000000504132931
0.1819335937500000	-0.0000000503934104
0.1821289062500000	-0.0000000503735088
0.1823242187500000	-0.0000000503535881
0.1825195312500000	-0.0000000503336485
0.1827148437500000	-0.0000000503136900
0.1829101562500000	-0.0000000502937125
0.1831054687500000	-0.0000000502737160
0.1833007812500000	-0.0000000502537007
0.1834960937500000	-0.0000000502336664
0.1836914062500000	-0.0000000502136132
0.1838867187500000	-0.0000000501935411
0.1840820312500000	-0.0000000501734501
0.1842773437500000	-0.0000000501533402
0.1844726562500000	-0.0000000501332115
0.1846679687500000	-0.0000000501130638
0.1848632812500000	-0.0000000500928973
0.1850585937500000	-0.0000000500727119
0.1852539062500000	-0.0000000500525077
0.1854492187500000	-0.0000000500322846
0.1856445312500000	-0.0000000500120427
0.1858398437500000	-0.0000000499917820
0.1860351562500000	-0.0000000499715024
0.1862304687500000	-0.0000000499512041
0.1864257812500000	-0.0000000499308869
0.1866210937500000	-0.0000000499105509
0.1868164062500000	-0.0000000498901961
0.1870117187500000	-0.0000000498698226
0.1872070312500000	-0.0000000498494303
0.1874023437500000	-0.0000000498290192
0.1875976562500000	-0.0000000498085893
0.1877929687500000	-0.0000000497881407
0.1879882812500000	-0.0000000497676734
0.1881835937500000	-0.0000000497471873
0.1883789062500000	-0.0000000497266824
0.1885742187500000	-0.0000000497061589
0.1887695312500000	-0.0000000496856166
0.1889648437500000	-0.0000000496650557
0.1891601562500000	-0.0000000496444760
0.1893554687500000	-0.0000000496238777
0.1895507812500000	-0.0000000496032606
0.1897460937500000	-0.0000000495826249
0.1899414062500000	-0.0000000495619705
0.1901367187500000	-0.0000000495412975
0.1903320312500000	-0.0000000495206058
0.1905273437500000	-0.0000000494998955
0.1907226562500000	-0.0000000494791665
0.1909179687500000	-0.0000000494584189
0.1911132812500000	-0.0000000494376527
0.1913085937500000	-0.0000000494168678
0.1915039062500000	-0.0000000493960644
0.1916992187500000	-0.0000000493752424
0.1918945312500000	-0.0000000493544017
0.1920898437500000	-0.0000000493335425
0.1922851562500000	-0.0000000493126647
0.1924804687500000	-0.0000000492917684
0.1926757812500000	-0.0000000492708535
0.1928710937500000	-0.0000000492499200
0.1930664062500000	-0.0000000492289680
0.1932617187500000	-0.0000000492079975
0.1934570312500000	-0.0000000491870084
0.1936523437500000	-0.0000000491660008
0.1938476562500000	-0.0000000491449747
0.1940429687500000	-0.0000000491239301
0.1942382812500000	-0.0000000491028670
0.1944335937500000	-0.0000000490817855
0.1946289062500000	-0.0000000490606854
0.1948242187500000	-0.0000000490395669
0.1950195312500000	-0.0000000490184299
0.1952148437500000	-0.0000000489972744
0.1954101562500000	-0.0000000489761005
0.1956054687500000	-0.0000000489549082
0.1958007812500000	-0.0000000489336974
0.1959960937500000	-0.0000000489124683
0.1961914062500000	-0.0000000488912207
0.1963867187500000	-0.0000000488699546
0.1965820312500000	-0.0000000488486702
0.1967773437500000	-0.0000000488273674
0.1969726562500000	-0.0000000488060462
0.1971679687500000	-0.0000000487847067
0.1973632812500000	-0.0000000487633487
0.1975585937500000	-0.0000000487419725
0.1977539062500000	-0.0000000487205778
0.1979492187500000	-0.0000000486991648
0.1981445312500000	-0.0000000486777335
0.1983398437500000	-0.0000000486562839
0.1985351562500000	-0.0000000486348159
0.1987304687500000	-0.0000000486133296
0.1989257812500000	-0.0000000485918251
0.1991210937500000	-0.0000000485703022
0.1993164062500000	-0.0000000485487610
0.1995117187500000	-0.0000000485272016
0.1997070312500000	-0.0000000485056239
0.1999023437500000	-0.0000000484840279
0.2000976562500000	-0.0000000484624137
0.2002929687500000	-0.0000000484407812
0.2004882812500000	-0.0000000484191305
0.2006835937500000	-0.0000000483974616
0.2008789062500000	-0.0000000483757744
0.2010742187500000	-0.0000000483540690
0.2012695312500000	-0.0000000483323454
0.2014648437500000	-0.0000000483106037
0.2016601562500000	-0.0000000482888437
0.2018554687500000	-0.0000000482670656
0.2020507812500000	-0.0000000482452692
0.2022460937500000	-0.0000000482234548
0.2024414062500000	-0.0000000482016221
0.2026367187500000	-0.0000000481797713
0.2028320312500000	-0.0000000481579024
0.2030273437500000	-0.0000000481360154
0.2032226562500000	-0.0000000481141102
0.2034179687500000	-0.0000000480921869
0.2036132812500000	-0.0000000480702455
0.2038085937500000	-0.0000000480482860
0.2040039062500000	-0.0000000480263084
0.2041992187500000	-0.0000000480043127
0.2043945312500000	-0.0000000479822990
0.2045898437500000	-0.0000000479602672
0.2047851562500000	-0.0000000479382173
0.2049804687500000	-0.0000000479161494
0.2051757812500000	-0.0000000478940634
0.2053710937500000	-0.0000000478719594
0.2055664062500000	-0.0000000478498374
0.2057617187500000	-0.0000000478276974
0.2059570312500000	-0.0000000478055393
0.2061523437500000	-0.0000000477833633
0.2063476562500000	-0.0000000477611693
0.2065429687500000	-0.0000000477389573
0.2067382812500000	-0.0000000477167273
0.2069335937500000	-0.0000000476944794
0.2071289062500000	-0.0000000476722135
0.2073242187500000	-0.0000000476499296
0.2075195312500000	-0.0000000476276278
0.2077148437500000	-0.0000000476053081
0.2079101562500000	-0.0000000475829704
0.2081054687500000	-0.0000000475606149
0.2083007812500000	-0.0000000475382414
0.2084960937500000	-0.0000000475158501
0.2086914062500000	-0.0000000474934408
0.2088867187500000	-0.0000000474710137
0.2090820312500000	-0.0000000474485687
0.2092773437500000	-0.0000000474261058
0.2094726562500000	-0.0000000474036250
0.2096679687500000	-0.0000000473811265
0.2098632812500000	-0.0000000473586101
0.2100585937500000	-0.0000000473360758
0.2102539062500000	-0.0000000473135237
0.2104492187500000	-0.0000000472909539
0.2106445312500000	-0.0000000472683662
0.2108398437500000	-0.0000000472457607
0.2110351562500000	-0.0000000472231374
0.2112304687500000	-0.0000000472004964
0.2114257812500000	-0.0000000471778375
0.2116210937500000	-0.0000000471551610
0.2118164062500000	-0.0000000471324666
0.2120117187500000	-0.0000000471097545
0.2122070312500000	-0.0000000470870247
0.2124023437500000	-0.0000000470642772
0.2125976562500000	-0.0000000470415119
0.2127929687500000	-0.0000000470187289
0.2129882812500000	-0.0000000469959283
0.2131835937500000	-0.0000000469731099
0.2133789062500000	-0.0000000469502738
0.2135742187500000	-0.0000000469274201
0.2137695312500000	-0.0000000469045487
0.2139648437500000	-0.0000000468816596
0.2141601562500000	-0.0000000468587529
0.2143554687500000	-0.0000000468358285
0.2145507812500000	-0.0000000468128865
0.2147460937500000	-0.0000000467899269
0.2149414062500000	-0.0000000467669497
0.2151367187500000	-0.0000000467439549
0.2153320312500000	-0.0000000467209424
0.2155273437500000	-0.0000000466979124
0.2157226562500000	-0.0000000466748648
0.2159179687500000	-0.0000000466517996
0.2161132812500000	-0.0000000466287168
0.2163085937500000	-0.0000000466056165
0.2165039062500000	-0.0000000465824987
0.2166992187500000	-0.0000000465593633
0.2168945312500000	-0.0000000465362104
0.2170898437500000	-0.0000000465130399
0.2172851562500000	-0.0000000464898520
0.2174804687500000	-0.0000000464666465
0.2176757812500000	-0.0000000464434236
0.2178710937500000	-0.0000000464201832
0.2180664062500000	-0.0000000463969252
0.2182617187500000	-0.0000000463736499
0.2184570312500000	-0.0000000463503570
0.2186523437500000	-0.0000000463270467
0.2188476562500000	-0.0000000463037190
0.2190429687500000	-0.0000000462803738
0.2192382812500000	-0.0000000462570112
0.2194335937500000	-0.0000000462336312
0.2196289062500000	-0.0000000462102338
0.2198242187500000	-0.0000000461868190
0.2200195312500000	-0.0000000461633868
0.2202148437500000	-0.0000000461399372
0.2204101562500000	-0.0000000461164703
0.2206054687500000	-0.0000000460929859
0.2208007812500000	-0.0000000460694843
0.2209960937500000	-0.0000000460459653
0.2211914062500000	-0.0000000460224289
0.2213867187500000	-0.0000000459988752
0.2215820312500000	-0.0000000459753042
0.2217773437500000	-0.0000000459517159
0.2219726562500000	-0.0000000459281103
0.2221679687500000	-0.0000000459044874
0.2223632812500000	-0.0000000458808472
0.2225585937500000	-0.0000000458571898
0.2227539062500000	-0.0000000458335151
0.2229492187500000	-0.0000000458098231
0.2231445312500000	-0.0000000457861138
0.2233398437500000	-0.0000000457623874
0.2235351562500000	-0.0000000457386437
0.2237304687500000	-0.0000000457148828
0.2239257812500000	-0.0000000456911047
0.2241210937500000	-0.0000000456673093
0.2243164062500000	-0.0000000456434968
0.2245117187500000	-0.0000000456196671
0.2247070312500000	-0.0000000455958202
0.2249023437500000	-0.0000000455719562
0.2250976562500000	-0.0000000455480750
0.2252929687500000	-0.0000000455241766
0.2254882812500000	-0.0000000455002611
0.2256835937500000	-0.0000000454763285
0.2258789062500000	-0.0000000454523787
0.2260742187500000	-0.0000000454284119
0.2262695312500000	-0.0000000454044279
0.2264648437500000	-0.0000000453804268
0.2266601562500000	-0.0000000453564087
0.2268554687500000	-0.0000000453323735
0.2270507812500000	-0.0000000453083212
0.2272460937500000	-0.0000000452842518
0.2274414062500000	-0.0000000452601654
0.2276367187500000	-0.0000000452360620
0.2278320312500000	-0.0000000452119415
0.2280273437500000	-0.0000000451878040
0.2282226562500000	-0.0000000451636495
0.2284179687500000	-0.0000000451394780
0.2286132812500000	-0.0000000451152895
0.2288085937500000	-0.0000000450910840
0.2290039062500000	-0.0000000450668616
0.2291992187500000	-0.0000000450426221
0.2293945312500000	-0.0000000450183657
0.2295898437500000	-0.0000000449940924
0.2297851562500000	-0.0000000449698021
0.2299804687500000	-0.0000000449454949
0.2301757812500000	-0.0000000449211708
0.2303710937500000	-0.0000000448968297
0.2305664062500000	-0.0000000448724718
0.2307617187500000	-0.0000000448480969
0.2309570312500000	-0.0000000448237052
0.2311523437500000	-0.0000000447992966
0.2313476562500000	-0.0000000447748711
0.2315429687500000	-0.0000000447504288
0.2317382812500000	-0.0000000447259696
0.2319335937500000	-0.0000000447014936
0.2321289062500000	-0.0000000446770007
0.2323242187500000	-0.0000000446524911
0.2325195312500000	-0.0000000446279646
0.2327148437500000	-0.0000000446034213
0.2329101562500000	-0.0000000445788612
0.2331054687500000	-0.0000000445542844
0.2333007812500000	-0.0000000445296907
0.2334960937500000	-0.0000000445050803
0.2336914062500000	-0.0000000444804532
0.2338867187500000	-0.0000000444558093
0.2340820312500000	-0.0000000444311486
0.2342773437500000	-0.0000000444064713
0.2344726562500000	-0.0000000443817772
0.2346679687500000	-0.0000000443570664
0.2348632812500000	-0.0000000443323389
0.2350585937500000	-0.0000000443075947
0.2352539062500000	-0.0000000442828338
0.2354492187500000	-0.0000000442580563
0.2356445312500000	-0.0000000442332621
0.2358398437500000	-0.0000000442084512
0.2360351562500000	-0.0000000441836237
0.2362304687500000	-0.0000000441587796
0.2364257812500000	-0.0000000441339188
0.2366210937500000	-0.0000000441090414
0.2368164062500000	-0.0000000440841474
0.2370117187500000	-0.0000000440592368
0.2372070312500000	-0.0000000440343097
0.2374023437500000	-0.0000000440093659
0.2375976562500000	-0.0000000439844056
0.2377929687500000	-0.0000000439594287
0.2379882812500000	-0.0000000439344353
0.2381835937500000	-0.0000000439094253
0.2383789062500000	-0.0000000438843988
0.2385742187500000	-0.0000000438593557
0.2387695312500000	-0.0000000438342962
0.2389648437500000	-0.0000000438092202
0.2391601562500000	-0.0000000437841276
0.2393554687500000	-0.0000000437590186
0.2395507812500000	-0.0000000437338931
0.2397460937500000	-0.0000000437087511
0.2399414062500000	-0.0000000436835927
0.2401367187500000	-0.0000000436584178
0.2403320312500000	-0.0000000436332265
0.2405273437500000	-0.0000000436080188
0.2407226562500000	-0.0000000435827946
0.2409179687500000	-0.0000000435575541
0.2411132812500000	-0.0000000435322971
0.2413085937500000	-0.0000000435070238
0.2415039062500000	-0.0000000434817340
0.2416992187500000	-0.0000000434564279
0.2418945312500000	-0.0000000434311055
0.2420898437500000	-0.0000000434057666
0.2422851562500000	-0.0000000433804115
0.2424804687500000	-0.0000000433550400
0.2426757812500000	-0.0000000433296522
0.2428710937500000	-0.0000000433042481
0.2430664062500000	-0.0000000432788276
0.2432617187500000	-0.0000000432533909
0.2434570312500000	-0.0000000432279379
0.2436523437500000	-0.0000000432024686
0.2438476562500000	-0.0000000431769831
0.2440429687500000	-0.0000000431514813
0.2442382812500000	-0.0000000431259632
0.2444335937500000	-0.0000000431004289
0.2446289062500000	-0.0000000430748784
0.2448242187500000	-0.0000000430493117
0.2450195312500000	-0.0000000430237287
0.2452148437500000	-0.0000000429981296
0.2454101562500000	-0.0000000429725142
0.2456054687500000	-0.0000000429468827
0.2458007812500000	-0.0000000429212350
0.2459960937500000	-0.0000000428955712
0.2461914062500000	-0.0000000428698912
0.2463867187500000	-0.0000000428441951
0.2465820312500000	-0.0000000428184828
0.2467773437500000	-0.0000000427927544
0.2469726562500000	-0.0000000427670100
0.2471679687500000	-0.0000000427412494
0.2473632812500000	-0.0000000427154727
0.2475585937500000	-0.0000000426896799
0.2477539062500000	-0.0000000426638711
0.2479492187500000	-0.0000000426380462
0.2481445312500000	-0.0000000426122052
0.2483398437500000	-0.0000000425863482
0.2485351562500000	-0.0000000425604752
0.2487304687500000	-0.0000000425345861
0.2489257812500000	-0.0000000425086810
0.2491210937500000	-0.0000000424827600
0.2493164062500000	-0.0000000424568229
0.2495117187500000	-0.0000000424308698
0.2497070312500000	-0.0000000424049008
0.2499023437500000	-0.0000000423789158
0.2500976562500000	-0.0000000423529148
0.2502929687500000	-0.0000000423268979
0.2504882812500000	-0.0000000423008651
0.2506835937500000	-0.0000000422748163
0.2508789062500000	-0.0000000422487517
0.2510742187500000	-0.0000000422226711
0.2512695312500001	-0.0000000421965746
0.2514648437500000	-0.0000000421704622
0.2516601562500000	-0.0000000421443340
0.2518554687500000	-0.0000000421181899
0.2520507812500000	-0.0000000420920299
0.2522460937500000	-0.0000000420658541
0.2524414062500000	-0.0000000420396624
0.2526367187499999	-0.0000000420134549
0.2528320312500000	-0.0000000419872316
0.2530273437500000	-0.0000000419609925
0.2532226562500000	-0.0000000419347376
0.2534179687500000	-0.0000000419084669
0.2536132812500000	-0.0000000418821805
0.2538085937500000	-0.0000000418558782
0.2540039062500000	-0.0000000418295602
0.2541992187500000	-0.0000000418032265
0.2543945312500000	-0.0000000417768770
0.2545898437499999	-0.0000000417505118
0.2547851562500000	-0.0000000417241308
0.2549804687499999	-0.0000000416977342
0.2551757812500000	-0.0000000416713218
0.2553710937500000	-0.0000000416448938
0.2555664062499999	-0.0000000416184501
0.2557617187500000	-0.0000000415919907
0.2559570312500000	-0.0000000415655156
0.2561523437500000	-0.0000000415390250
0.2563476562500000	-0.0000000415125186
0.2565429687499999	-0.0000000414859967
0.2567382812500000	-0.0000000414594591
0.2569335937500000	-0.0000000414329059
0.2571289062500000	-0.0000000414063371
0.2573242187500000	-0.0000000413797527
0.2575195312500000	-0.0000000413531528
0.2577148437500000	-0.0000000413265372
0.2579101562500000	-0.0000000412999061
0.2581054687500000	-0.0000000412732595
0.2583007812500000	-0.0000000412465973
0.2584960937500000	-0.0000000412199196
0.2586914062500000	-0.0000000411932264
0.2588867187500000	-0.0000000411665177
0.2590820312500001	-0.0000000411397934
0.2592773437500000	-0.0000000411130537
0.2594726562500000	-0.0000000410862985
0.2596679687500000	-0.0000000410595278
0.2598632812500000	-0.0000000410327417
0.2600585937500001	-0.0000000410059401
0.2602539062500000	-0.0000000409791231
0.2604492187500000	-0.0000000409522907
0.2606445312500001	-0.0000000409254428
0.2608398437500000	-0.0000000408985795
0.2610351562500001	-0.0000000408717009
0.2612304687500000	-0.0000000408448068
0.2614257812500000	-0.0000000408178974
0.2616210937500000	-0.0000000407909726
0.2618164062500000	-0.0000000407640324
0.2620117187500000	-0.0000000407370769
0.2622070312500000	-0.0000000407101061
0.2624023437500000	-0.0000000406831199
0.2625976562500000	-0.0000000406561184
0.2627929687500000	-0.0000000406291016
0.2629882812500001	-0.0000000406020695
0.2631835937500000	-0.0000000405750221
0.2633789062500000	-0.0000000405479595
0.2635742187500000	-0.0000000405208815
0.2637695312500000	-0.0000000404937884
0.2639648437500000	-0.0000000404666799
0.2641601562500000	-0.0000000404395563
0.2643554687499999	-0.0000000404124174
0.2645507812500000	-0.0000000403852633
0.2647460937500000	-0.0000000403580940
0.2649414062500000	-0.0000000403309095
0.2651367187500000	-0.0000000403037098
0.2653320312500000	-0.0000000402764949
0.2655273437500000	-0.0000000402492649
0.2657226562500000	-0.0000000402220197
0.2659179687500000	-0.0000000401947594
0.2661132812500000	-0.0000000401674839
0.2663085937500000	-0.0000000401401933
0.2665039062500000	-0.0000000401128877
0.2666992187500000	-0.0000000400855669
0.2668945312500001	-0.0000000400582310
0.2670898437500000	-0.0000000400308800
0.2672851562500000	-0.0000000400035140
0.2674804687500000	-0.0000000399761329
0.2676757812500000	-0.0000000399487367
0.2678710937500001	-0.0000000399213255
0.2680664062500000	-0.0000000398938993
0.2682617187500000	-0.0000000398664581
0.2684570312500001	-0.0000000398390018
0.2686523437500000	-0.0000000398115305
0.2688476562500001	-0.0000000397840443
0.2690429687500000	-0.0000000397565431
0.2692382812500000	-0.0000000397290269
0.2694335937500001	-0.0000000397014957
0.2696289062500000	-0.0000000396739497
0.2698242187500001	-0.0000000396463886
0.2700195312500001	-0.0000000396188127
0.2702148437500000	-0.0000000395912218
0.2704101562500001	-0.0000000395636160
0.2706054687500000	-0.0000000395359953
0.2708007812500001	-0.0000000395083598
0.2709960937500000	-0.0000000394807093
0.2711914062500000	-0.0000000394530440
0.2713867187500000	-0.0000000394253639
0.2715820312500000	-0.0000000393976689
0.2717773437500001	-0.0000000393699591
0.2719726562500000	-0.0000000393422344
0.2721679687500000	-0.0000000393144949
0.2723632812500001	-0.0000000392867407
0.2725585937500000	-0.0000000392589716
0.2727539062500001	-0.0000000392311878
0.2729492187500000	-0.0000000392033891
0.2731445312500000	-0.0000000391755758
0.2733398437500000	-0.0000000391477477
0.2735351562500000	-0.0000000391199048
0.2737304687500000	-0.0000000390920472
0.2739257812500000	-0.0000000390641749
0.2741210937500000	-0.0000000390362879
0.2743164062500000	-0.0000000390083862
0.2745117187500000	-0.0000000389804698
0.2747070312500001	-0.0000000389525387
0.2749023437500000	-0.0000000389245930
0.2750976562500000	-0.0000000388966326
0.2752929687500000	-0.0000000388686575
0.2754882812500000	-0.0000000388406678
0.2756835937500001	-0.0000000388126636
0.2758789062500000	-0.0000000387846446
0.2760742187500000	-0.0000000387566111
0.2762695312500001	-0.0000000387285630
0.2764648437500000	-0.0000000387005003
0.0000488281250000	-0.0000000149802808
0.0001464843750000	-0.0000000149802792
0.0002441406250000	-0.0000000149802761
0.0003417968750000	-0.0000000149802717
0.0004394531250000	-0.0000000149802658
0.0005371093750000	-0.0000000149802585
0.0006347656250000	-0.0000000149802498
0.0007324218750000	-0.0000000149802397
0.0008300781250000	-0.0000000149802282
0.0009277343750000	-0.0000000149802153
0.0010253906250000	-0.0000000149802009
0.0011230468750000	-0.0000000149801852
0.0012207031250000	-0.0000000149801680
0.0013183593750000	-0.0000000149801495
0.0014160156250000	-0.0000000149801295
0.0015136718750000	-0.0000000149801081
0.0016113281250000	-0.0000000149800853
0.0017089843750000	-0.0000000149800611
0.0018066406250000	-0.0000000149800355
0.0019042968750000	-0.0000000149800085
0.0020019531250000	-0.0000000149799800
0.0020996093750000	-0.0000000149799502
0.0021972656250000	-0.0000000149799189
0.0022949218750000	-0.0000000149798863
0.0023925781250000	-0.0000000149798522
0.0024902343750000	-0.0000000149798167
0.0025878906250000	-0.0000000149797798
0.0026855468750000	-0.0000000149797415
0.0027832031250000	-0.0000000149797018
0.0028808593750000	-0.0000000149796607
0.0029785156250000	-0.0000000149796181
0.0030761718750000	-0.0000000149795742
0.0031738281250000	-0.0000000149795288
0.0032714843750000	-0.0000000149794821
0.0033691406250000	-0.0000000149794339
0.0034667968750000	-0.0000000149793843
0.0035644531250000	-0.0000000149793333
0.0036621093750000	-0.0000000149792809
0.0037597656250000	-0.0000000149792271
0.0038574218750000	-0.0000000149791719
0.0039550781250000	-0.0000000149791153
0.0040527343750000	-0.0000000149790572
0.0041503906250000	-0.0000000149789978
0.0042480468750000	-0.0000000149789369
0.0043457031250000	-0.0000000149788746
0.0044433593750000	-0.0000000149788109
0.0045410156250000	-0.0000000149787458
0.0046386718750000	-0.0000000149786793
0.0047363281250000	-0.0000000149786114
0.0048339843750000	-0.0000000149785421
0.0049316406250000	-0.0000000149784714
0.0050292968750000	-0.0000000149783992
0.0051269531250000	-0.0000000149783257
0.0052246093750000	-0.0000000149782507
0.0053222656250000	-0.0000000149781743
0.0054199218750000	-0.0000000149780966
0.0055175781250000	-0.0000000149780174
0.0056152343750000	-0.0000000149779368
0.0057128906250000	-0.0000000149778548
0.0058105468750000	-0.0000000149777713
0.0059082031250000	-0.0000000149776865
0.0060058593750000	-0.0000000149776003
0.0061035156250000	-0.0000000149775126
0.0062011718750000	-0.0000000149774236
0.0062988281250000	-0.0000000149773331
0.0063964843750000	-0.0000000149772412
0.0064941406250000	-0.0000000149771479
0.0065917968750000	-0.0000000149770532
0.0066894531250000	-0.0000000149769571
0.0067871093750000	-0.0000000149768596
0.0068847656250000	-0.0000000149767607
0.0069824218750000	-0.0000000149766603
0.0070800781250000	-0.0000000149765586
0.0071777343750000	-0.0000000149764554
0.0072753906250000	-0.0000000149763509
0.0073730468750000	-0.0000000149762449
0.0074707031250000	-0.0000000149761375
0.0075683593750000	-0.0000000149760287
0.0076660156250000	-0.0000000149759185
0.0077636718750000	-0.0000000149758069
0.0078613281250000	-0.0000000149756939
0.0079589843750000	-0.0000000149755794
0.0080566406250000	-0.0000000149754636
0.0081542968750000	-0.0000000149753463
0.0082519531250000	-0.0000000149752277
0.0083496093750000	-0.0000000149751076
0.0084472656250000	-0.0000000149749861
0.0085449218750000	-0.0000000149748632
0.0086425781250000	-0.0000000149747389
0.0087402343750000	-0.0000000149746132
0.0088378906250000	-0.0000000149744861
0.0089355468750000	-0.0000000149743576
0.0090332031250000	-0.0000000149742276
0.0091308593750000	-0.0000000149740963
0.0092285156250000	-0.0000000149739635
0.0093261718750000	-0.0000000149738294
0.0094238281250000	-0.0000000149736938
0.0095214843750000	-0.0000000149735568
0.0096191406250000	-0.0000000149734184
0.0097167968750000	-0.0000000149732786
0.0098144531250000	-0.0000000149731374
0.0099121093750000	-0.0000000149729948
0.0100097656250000	-0.0000000149728507
0.0101074218750000	-0.0000000149727053
0.0102050781250000	-0.0000000149725584
0.0103027343750000	-0.0000000149724102
0.0104003906250000	-0.0000000149722605
0.0104980468750000	-0.0000000149721094
0.0105957031250000	-0.0000000149719570
0.0106933593750000	-0.0000000149718031
0.0107910156250000	-0.0000000149716478
0.0108886718750000	-0.0000000149714910
0.0109863281250000	-0.0000000149713329
0.0110839843750000	-0.0000000149711734
0.0111816406250000	-0.0000000149710124
0.0112792968750000	-0.0000000149708501
0.0113769531250000	-0.0000000149706863
0.0114746093750000	-0.0000000149705212
0.0115722656250000	-0.0000000149703546
0.0116699218750000	-0.0000000149701866
0.0117675781250000	-0.0000000149700172
0.0118652343750000	-0.0000000149698464
0.0119628906250000	-0.0000000149696742
0.0120605468750000	-0.0000000149695005
0.0121582031250000	-0.0000000149693255
0.0122558593750000	-0.0000000149691491
0.0123535156250000	-0.0000000149689712
0.0124511718750000	-0.0000000149687920
0.0125488281250000	-0.0000000149686113
0.0126464843750000	-0.0000000149684292
0.0127441406250000	-0.0000000149682457
0.0128417968750000	-0.0000000149680608
0.0129394531250000	-0.0000000149678745
0.0130371093750000	-0.0000000149676868
0.0131347656250000	-0.0000000149674977
0.0132324218750000	-0.0000000149673072
0.0133300781250000	-0.0000000149671152
0.0134277343750000	-0.0000000149669219
0.0135253906250000	-0.0000000149667271
0.0136230468750000	-0.0000000149665310
0.0137207031250000	-0.0000000149663334
0.0138183593750000	-0.0000000149661344
0.0139160156250000	-0.0000000149659340
0.0140136718750000	-0.0000000149657322
0.0141113281250000	-0.0000000149655290
0.0142089843750000	-0.0000000149653244
0.0143066406250000	-0.0000000149651184
0.0144042968750000	-0.0000000149649109
0.0145019531250000	-0.0000000149647021
0.0145996093750000	-0.0000000149644918
0.0146972656250000	-0.0000000149642802
0.0147949218750000	-0.0000000149640671
0.0148925781250000	-0.0000000149638526
0.0149902343750000	-0.0000000149636367
0.0150878906250000	-0.0000000149634194
0.0151855468750000	-0.0000000149632007
0.0152832031250000	-0.0000000149629806
0.0153808593750000	-0.0000000149627591
0.0154785156250000	-0.0000000149625362
0.0155761718750000	-0.0000000149623118
0.0156738281250000	-0.0000000149620861
0.0157714843750000	-0.0000000149618589
0.0158691406250000	-0.0000000149616304
0.0159667968750000	-0.0000000149614004
0.0160644531250000	-0.0000000149611690
0.0161621093750000	-0.0000000149609362
0.0162597656250000	-0.0000000149607021
0.0163574218750000	-0.0000000149604665
0.0164550781250000	-0.0000000149602294
0.0165527343750000	-0.0000000149599910
0.0166503906250000	-0.0000000149597512
0.0167480468750000	-0.0000000149595100
0.0168457031250000	-0.0000000149592673
0.0169433593750000	-0.0000000149590233
0.0170410156250000	-0.0000000149587778
0.0171386718750000	-0.0000000149585309
0.0172363281250000	-0.0000000149582827
0.0173339843750000	-0.0000000149580330
0.0174316406250000	-0.0000000149577819
0.0175292968750000	-0.0000000149575294
0.0176269531250000	-0.0000000149572755
0.0177246093750000	-0.0000000149570202
0.0178222656250000	-0.0000000149567635
0.0179199218750000	-0.0000000149565053
0.0180175781250000	-0.0000000149562458
0.0181152343750000	-0.0000000149559848
0.0182128906250000	-0.0000000149557225
0.0183105468750000	-0.0000000149554587
0.0184082031250000	-0.0000000149551936
0.0185058593750000	-0.0000000149549270
0.0186035156250000	-0.0000000149546590
0.0187011718750000	-0.0000000149543896
0.0187988281250000	-0.0000000149541188
0.0188964843750000	-0.0000000149538466
0.0189941406250000	-0.0000000149535730
0.0190917968750000	-0.0000000149532980
0.0191894531250000	-0.0000000149530215
0.0192871093750000	-0.0000000149527437
0.0193847656250000	-0.0000000149524645
0.0194824218750000	-0.0000000149521838
0.0195800781250000	-0.0000000149519018
0.0196777343750000	-0.0000000149516183
0.0197753906250000	-0.0000000149513334
0.0198730468750000	-0.0000000149510471
0.0199707031250000	-0.0000000149507595
0.0200683593750000	-0.0000000149504704
0.0201660156250000	-0.0000000149501799
0.0202636718750000	-0.0000000149498879
0.0203613281250000	-0.0000000149495946
0.0204589843750000	-0.0000000149492999
0.0205566406250000	-0.0000000149490038
0.0206542968750000	-0.0000000149487062
0.0207519531250000	-0.0000000149484073
0.0208496093750000	-0.0000000149481069
0.0209472656250000	-0.0000000149478052
0.0210449218750000	-0.0000000149475020
0.0211425781250000	-0.0000000149471975
0.0212402343750000	-0.0000000149468915
0.0213378906250000	-0.0000000149465841
0.0214355468750000	-0.0000000149462753
0.0215332031250000	-0.0000000149459651
0.0216308593750000	-0.0000000149456535
0.0217285156250000	-0.0000000149453405
0.0218261718750000	-0.0000000149450261
0.0219238281250000	-0.0000000149447102
0.0220214843750000	-0.0000000149443930
0.0221191406250000	-0.0000000149440744
0.0222167968750000	-0.0000000149437543
0.0223144531250000	-0.0000000149434329
0.0224121093750000	-0.0000000149431100
0.0225097656250000	-0.0000000149427857
0.0226074218750000	-0.0000000149424601
0.0227050781250000	-0.0000000149421330
0.0228027343750000	-0.0000000149418045
0.0229003906250000	-0.0000000149414746
0.0229980468750000	-0.0000000149411433
0.0230957031250000	-0.0000000149408106
0.0231933593750000	-0.0000000149404765
0.0232910156250000	-0.0000000149401410
0.0233886718750000	-0.0000000149398041
0.0234863281250000	-0.0000000149394657
0.0235839843750000	-0.0000000149391260
0.0236816406250000	-0.0000000149387848
0.0237792968750000	-0.0000000149384423
0.0238769531250000	-0.0000000149380983
0.0239746093750000	-0.0000000149377530
0.0240722656250000	-0.0000000149374062
0.0241699218750000	-0.0000000149370580
0.0242675781250000	-0.0000000149367085
0.0243652343750000	-0.0000000149363575
0.0244628906250000	-0.0000000149360051
0.0245605468750000	-0.0000000149356513
0.0246582031250000	-0.0000000149352961
0.0247558593750000	-0.0000000149349395
0.0248535156250000	-0.0000000149345815
0.0249511718750000	-0.0000000149342221
0.0250488281250000	-0.0000000149338612
0.0251464843750000	-0.0000000149334990
0.0252441406250000	-0.0000000149331354
0.0253417968750000	-0.0000000149327703
0.0254394531250000	-0.0000000149324039
0.0255371093750000	-0.0000000149320360
0.0256347656250000	-0.0000000149316668
0.0257324218750000	-0.0000000149312961
0.0258300781250000	-0.0000000149309240
0.0259277343750000	-0.0000000149305506
0.0260253906250000	-0.0000000149301757
0.0261230468750000	-0.0000000149297994
0.0262207031250000	-0.0000000149294217
0.0263183593750000	-0.0000000149290426
0.0264160156250000	-0.0000000149286621
0.0265136718750000	-0.0000000149282802
0.0266113281250000	-0.0000000149278969
0.0267089843750000	-0.0000000149275122
0.0268066406250000	-0.0000000149271261
0.0269042968750000	-0.0000000149267386
0.0270019531250000	-0.0000000149263496
0.0270996093750000	-0.0000000149259593
0.0271972656250000	-0.0000000149255675
0.0272949218750000	-0.0000000149251744
0.0273925781250000	-0.0000000149247799
0.0274902343750000	-0.0000000149243839
0.0275878906250000	-0.0000000149239865
0.0276855468750000	-0.0000000149235878
0.0277832031250000	-0.0000000149231876
0.0278808593750000	-0.0000000149227860
0.0279785156250000	-0.0000000149223831
0.0280761718750000	-0.0000000149219787
0.0281738281250000	-0.0000000149215729
0.0282714843750000	-0.0000000149211657
0.0283691406250000	-0.0000000149207571
0.0284667968750000	-0.0000000149203471
0.0285644531250000	-0.0000000149199357
0.0286621093750000	-0.0000000149195229
0.0287597656250000	-0.0000000149191087
0.0288574218750000	-0.0000000149186931
0.0289550781250000	-0.0000000149182760
0.0290527343750000	-0.0000000149178576
0.0291503906250000	-0.0000000149174378
0.0292480468750000	-0.0000000149170166
0.0293457031250000	-0.0000000149165939
0.0294433593750000	-0.0000000149161699
0.0295410156250000	-0.0000000149157444
0.0296386718750000	-0.0000000149153176
0.0297363281250000	-0.0000000149148893
0.0298339843750000	-0.0000000149144597
0.0299316406250000	-0.0000000149140286
0.0300292968750000	-0.0000000149135961
0.0301269531250000	-0.0000000149131623
0.0302246093750000	-0.0000000149127270
0.0303222656250000	-0.0000000149122903
0.0304199218750000	-0.0000000149118522
0.0305175781250000	-0.0000000149114128
0.0306152343750000	-0.0000000149109719
0.0307128906250000	-0.0000000149105296
0.0308105468750000	-0.0000000149100859
0.0309082031250000	-0.0000000149096408
0.0310058593750000	-0.0000000149091943
0.0311035156250000	-0.0000000149087464
0.0312011718750000	-0.0000000149082971
0.0312988281250000	-0.0000000149078464
0.0313964843750000	-0.0000000149073943
0.0314941406250000	-0.0000000149069407
0.0315917968750000	-0.0000000149064858
0.0316894531250000	-0.0000000149060295
0.0317871093750000	-0.0000000149055718
0.0318847656250000	-0.0000000149051126
0.0319824218750000	-0.0000000149046521
0.0320800781250000	-0.0000000149041902
0.0321777343750000	-0.0000000149037268
0.0322753906250000	-0.0000000149032621
0.0323730468750000	-0.0000000149027960
0.0324707031250000	-0.0000000149023284
0.0325683593750000	-0.0000000149018595
0.0326660156250000	-0.0000000149013891
0.0327636718750000	-0.0000000149009174
0.0328613281250000	-0.0000000149004442
0.0329589843750000	-0.0000000148999696
0.0330566406250000	-0.0000000148994937
0.0331542968750000	-0.0000000148990163
0.0332519531250000	-0.0000000148985376
0.0333496093750000	-0.0000000148980574
0.0334472656250000	-0.0000000148975758
0.0335449218750000	-0.0000000148970928
0.0336425781250000	-0.0000000148966085
0.0337402343750000	-0.0000000148961227
0.0338378906250000	-0.0000000148956355
0.0339355468750000	-0.0000000148951469
0.0340332031250000	-0.0000000148946570
0.0341308593750000	-0.0000000148941656
0.0342285156250000	-0.0000000148936728
0.0343261718750000	-0.0000000148931786
0.0344238281250000	-0.0000000148926830
0.0345214843750000	-0.0000000148921860
0.0346191406250000	-0.0000000148916876
0.0347167968750000	-0.0000000148911878
0.0348144531250000	-0.0000000148906866
0.0349121093750000	-0.0000000148901840
0.0350097656250000	-0.0000000148896800
0.0351074218750000	-0.0000000148891746
0.0352050781250000	-0.0000000148886678
0.0353027343750000	-0.0000000148881596
0.0354003906250000	-0.0000000148876500
0.0354980468750000	-0.0000000148871390
0.0355957031250000	-0.0000000148866266
0.0356933593750000	-0.0000000148861128
0.0357910156250000	-0.0000000148855976
0.0358886718750000	-0.0000000148850810
0.0359863281250000	-0.0000000148845630
0.0360839843750000	-0.0000000148840435
0.0361816406250000	-0.0000000148835227
0.0362792968750000	-0.0000000148830005
0.0363769531250000	-0.0000000148824769
0.0364746093750000	-0.0000000148819519
0.0365722656250000	-0.0000000148814255
0.0366699218750000	-0.0000000148808976
0.0367675781250000	-0.0000000148803684
0.0368652343750000	-0.0000000148798378
0.0369628906250000	-0.0000000148793058
0.0370605468750000	-0.0000000148787724
0.0371582031250000	-0.0000000148782375
0.0372558593750000	-0.0000000148777013
0.0373535156250000	-0.0000000148771637
0.0374511718750000	-0.0000000148766247
0.0375488281250000	-0.0000000148760843
0.0376464843750000	-0.0000000148755424
0.0377441406250000	-0.0000000148749992
0.0378417968750000	-0.0000000148744546
0.0379394531250000	-0.0000000148739086
0.0380371093750000	-0.0000000148733611
0.0381347656250000	-0.0000000148728123
0.0382324218750000	-0.0000000148722621
0.0383300781250000	-0.0000000148717105
0.0384277343750000	-0.0000000148711574
0.0385253906250000	-0.0000000148706030
0.0386230468750000	-0.0000000148700472
0.0387207031250000	-0.0000000148694900
0.0388183593750000	-0.0000000148689314
0.0389160156250000	-0.0000000148683713
0.0390136718750000	-0.0000000148678099
0.0391113281250000	-0.0000000148672471
0.0392089843750000	-0.0000000148666829
0.0393066406250000	-0.0000000148661173
0.0394042968750000	-0.0000000148655502
0.0395019531250000	-0.0000000148649818
0.0395996093750000	-0.0000000148644120
0.0396972656250000	-0.0000000148638408
0.0397949218750000	-0.0000000148632682
0.0398925781250000	-0.0000000148626942
0.0399902343750000	-0.0000000148621188
0.0400878906250000	-0.0000000148615419
0.0401855468750000	-0.0000000148609637
0.0402832031250000	-0.0000000148603841
0.0403808593750000	-0.0000000148598031
0.0404785156250000	-0.0000000148592207
0.0405761718750000	-0.0000000148586369
0.0406738281250000	-0.0000000148580517
0.0407714843750000	-0.0000000148574651
0.0408691406250000	-0.0000000148568771
0.0409667968750000	-0.0000000148562877
0.0410644531250000	-0.0000000148556969
0.0411621093750000	-0.0000000148551047
0.0412597656250000	-0.0000000148545111
0.0413574218750000	-0.0000000148539161
0.0414550781250000	-0.0000000148533197
0.0415527343750000	-0.0000000148527220
0.0416503906250000	-0.0000000148521228
0.0417480468750000	-0.0000000148515222
0.0418457031250000	-0.0000000148509202
0.0419433593750000	-0.0000000148503168
0.0420410156250000	-0.0000000148497120
0.0421386718750000	-0.0000000148491059
0.0422363281250000	-0.0000000148484983
0.0423339843750000	-0.0000000148478893
0.0424316406250000	-0.0000000148472790
0.0425292968750000	-0.0000000148466672
0.0426269531250000	-0.0000000148460540
0.0427246093750000	-0.0000000148454395
0.0428222656250000	-0.0000000148448235
0.0429199218750000	-0.0000000148442062
0.0430175781250000	-0.0000000148435874
0.0431152343750000	-0.0000000148429673
0.0432128906250000	-0.0000000148423457
0.0433105468750000	-0.0000000148417228
0.0434082031250000	-0.0000000148410984
0.0435058593750000	-0.0000000148404727
0.0436035156250000	-0.0000000148398456
0.0437011718750000	-0.0000000148392170
0.0437988281250000	-0.0000000148385871
0.0438964843750000	-0.0000000148379558
0.0439941406250000	-0.0000000148373231
0.0440917968750000	-0.0000000148366890
0.0441894531250000	-0.0000000148360534
0.0442871093750000	-0.0000000148354165
0.0443847656250000	-0.0000000148347782
0.0444824218750000	-0.0000000148341385
0.0445800781250000	-0.0000000148334974
0.0446777343750000	-0.0000000148328549
0.0447753906250000	-0.0000000148322110
0.0448730468750000	-0.0000000148315658
0.0449707031250000	-0.0000000148309191
0.0450683593750000	-0.0000000148302710
0.0451660156250000	-0.0000000148296215
0.0452636718750000	-0.0000000148289706
0.0453613281250000	-0.0000000148283184
0.0454589843750000	-0.0000000148276647
0.0455566406250000	-0.0000000148270097
0.0456542968750000	-0.0000000148263532
0.0457519531250000	-0.0000000148256954
0.0458496093750000	-0.0000000148250361
0.0459472656250000	-0.0000000148243755
0.0460449218750000	-0.0000000148237134
0.0461425781250000	-0.0000000148230500
0.0462402343750000	-0.0000000148223852
0.0463378906250000	-0.0000000148217190
0.0464355468750000	-0.0000000148210513
0.0465332031250000	-0.0000000148203823
0.0466308593750000	-0.0000000148197119
0.0467285156250000	-0.0000000148190401
0.0468261718750000	-0.0000000148183669
0.0469238281250000	-0.0000000148176923
0.0470214843750000	-0.0000000148170164
0.0471191406250000	-0.0000000148163390
0.0472167968750000	-0.0000000148156602
0.0473144531250000	-0.0000000148149800
0.0474121093750000	-0.0000000148142985
0.0475097656250000	-0.0000000148136155
0.0476074218750000	-0.0000000148129312
0.0477050781250000	-0.0000000148122454
0.0478027343750000	-0.0000000148115583
0.0479003906250000	-0.0000000148108697
0.0479980468750000	-0.0000000148101798
0.0480957031250000	-0.0000000148094885
0.0481933593750000	-0.0000000148087958
0.0482910156250000	-0.0000000148081017
0.0483886718750000	-0.0000000148074062
0.0484863281250000	-0.0000000148067093
0.0485839843750000	-0.0000000148060110
0.0486816406250000	-0.0000000148053113
0.0487792968750000	-0.0000000148046102
0.0488769531250000	-0.0000000148039077
0.0489746093750000	-0.0000000148032039
0.0490722656250000	-0.0000000148024986
0.0491699218750000	-0.0000000148017920
0.0492675781250000	-0.0000000148010839
0.0493652343750000	-0.0000000148003745
0.0494628906250000	-0.0000000147996637
0.0495605468750000	-0.0000000147989514
0.0496582031250000	-0.0000000147982378
0.0497558593750000	-0.0000000147975228
0.0498535156250000	-0.0000000147968064
0.0499511718750000	-0.0000000147960886
0.0500488281250000	-0.0000000147953694
0.0501464843750000	-0.0000000147946488
0.0502441406250000	-0.0000000147939269
0.0503417968750000	-0.0000000147932035
0.0504394531250000	-0.0000000147924787
0.0505371093750000	-0.0000000147917526
0.0506347656250000	-0.0000000147910250
0.0507324218750000	-0.0000000147902961
0.0508300781250000	-0.0000000147895658
0.0509277343750000	-0.0000000147888341
0.0510253906250000	-0.0000000147881010
0.0511230468750000	-0.0000000147873665
0.0512207031250000	-0.0000000147866306
0.0513183593750000	-0.0000000147858933
0.0514160156250000	-0.0000000147851546
0.0515136718750000	-0.0000000147844145
0.0516113281250000	-0.0000000147836731
0.0517089843750000	-0.0000000147829302
0.0518066406250000	-0.0000000147821860
0.0519042968750000	-0.0000000147814403
0.0520019531250000	-0.0000000147806933
0.0520996093750000	-0.0000000147799449
0.0521972656250000	-0.0000000147791951
0.0522949218750000	-0.0000000147784439
0.0523925781250000	-0.0000000147776913
0.0524902343750000	-0.0000000147769373
0.0525878906250000	-0.0000000147761819
0.0526855468750000	-0.0000000147754252
0.0527832031250000	-0.0000000147746670
0.0528808593750000	-0.0000000147739075
0.0529785156250000	-0.0000000147731465
0.0530761718750000	-0.0000000147723842
0.0531738281250000	-0.0000000147716205
0.0532714843750000	-0.0000000147708554
