0.8250000000000001	0.0000217380681340
0.8750000000000000	0.0000019222520779
0.9250000000000000	0.0000001002320765
0.9750000000000000	0.0000000030895952
0.7625000000000000	0.0000523765711472
0.7875000000000001	0.0000232993430793
0.6937500000000001	0.0000591052164734
0.4812500000000000	-0.0000029421040841
0.4937500000000000	-0.0000007825629038
0.5062500000000000	0.0000029970833107
0.5187500000000000	0.0000087052733062
0.7062500000000000	0.0000485406566987
0.7187500000000001	0.0000384784167206
0.7312500000000001	0.0000294529067534
0.7437500000000000	0.0000217760671923
0.6281250000000000	0.0000224643206828
0.6343750000000001	0.0000225830972024
0.6406250000000002	0.0000224751869412
0.6468750000000001	0.0000221478555265
0.5531250000000001	0.0000084185877047
0.5593750000000000	0.0000098967790953
0.5656250000000000	0.0000114209781767
0.4531250000000000	-0.0000010071000354
0.4593750000000000	-0.0000010400876971
0.6531250000000002	0.0000216141302057
0.6593750000000000	0.0000208921170641
0.5406250000000001	0.0000056971238002
0.5468750000000000	0.0000070116640346
0.6656250000000001	0.0000200041285296
0.6718750000000000	0.0000189756752353
0.6781250000000001	0.0000178343813043
0.6843750000000000	0.0000166088829025
0.4656250000000000	-0.0000010384093830
0.4718750000000000	-0.0000009912673193
0.5281250000000000	0.0000034066422510
0.5343750000000000	0.0000044915169570
0.4046875000000000	-0.0000000989804957
0.4078125000000000	-0.0000001081347036
0.4109375000000001	-0.0000001177634771
0.4140625000000000	-0.0000001278349611
0.4171875000000000	-0.0000001383061532
0.4203125000000001	-0.0000001491216824
0.4234375000000000	-0.0000001602125797
0.4265625000000001	-0.0000001714950611
0.4296875000000000	-0.0000001828693415
0.4328125000000000	-0.0000001942185031
0.4359375000000000	-0.0000002054074433
0.4390625000000000	-0.0000002162819276
0.4421875000000000	-0.0000002266677762
0.4453125000000000	-0.0000002363702133
0.4484375000000000	-0.0000002451734079
0.6015625000000001	0.0000048457553395
0.6046875000000000	0.0000049786716571
0.6078125000000001	0.0000051006011465
0.6109375000000000	0.0000052108282903
0.6140625000000001	0.0000053087164474
0.6171875000000001	0.0000053937139739
0.6203125000000002	0.0000054653593890
0.6234375000000001	0.0000055232855201
0.5703125000000001	0.0000031101904715
0.5734375000000000	0.0000033020693511
0.5765625000000001	0.0000034926244531
0.5796875000000000	0.0000036808252677
0.5828125000000001	0.0000038656296719
0.5859375000000001	0.0000040459935053
0.5890625000000002	0.0000042208803769
0.5921875000000001	0.0000043892715742
0.5953125000000001	0.0000045501759416
0.5984375000000001	0.0000047026395952
0.2992187500000000	-0.0000000002659123
0.3007812500000001	-0.0000000002900768
0.3023437500000000	-0.0000000003162605
0.3039062500000000	-0.0000000003446147
0.3054687500000000	-0.0000000003753005
0.3070312500000000	-0.0000000004084892
0.3085937500000001	-0.0000000004443627
0.3101562500000001	-0.0000000004831142
0.3117187500000000	-0.0000000005249484
0.3132812500000001	-0.0000000005700824
0.3148437500000000	-0.0000000006187459
0.3164062500000001	-0.0000000006711818
0.3179687500000001	-0.0000000007276469
0.3195312500000001	-0.0000000007884121
0.3210937500000001	-0.0000000008537631
0.3226562500000001	-0.0000000009240011
0.3242187500000001	-0.0000000009994429
0.3257812500000001	-0.0000000010804216
0.3273437500000000	-0.0000000011672871
0.3289062500000001	-0.0000000012604065
0.3304687500000000	-0.0000000013601646
0.3320312500000001	-0.0000000014669642
0.3335937500000000	-0.0000000015812264
0.3351562500000000	-0.0000000017033913
0.3367187500000000	-0.0000000018339178
0.3382812500000000	-0.0000000019732842
0.3398437500000000	-0.0000000021219881
0.3414062500000000	-0.0000000022805470
0.3429687500000000	-0.0000000024494977
0.3445312500000000	-0.0000000026293968
0.3460937500000000	-0.0000000028208205
0.3476562500000001	-0.0000000030243643
0.3492187500000000	-0.0000000032406426
0.3507812500000000	-0.0000000034702888
0.3523437500000000	-0.0000000037139544
0.3539062500000000	-0.0000000039723083
0.3554687500000001	-0.0000000042460364
0.3570312500000001	-0.0000000045358407
0.3585937500000000	-0.0000000048424378
0.3601562500000001	-0.0000000051665584
0.3617187500000000	-0.0000000055089454
0.3632812500000001	-0.0000000058703525
0.3648437500000000	-0.0000000062515427
0.3664062500000000	-0.0000000066532863
0.3679687500000000	-0.0000000070763586
0.3695312500000000	-0.0000000075215379
0.3710937500000000	-0.0000000079896025
0.3726562500000000	-0.0000000084813286
0.3742187500000000	-0.0000000089974865
0.3757812500000000	-0.0000000095388380
0.3773437500000000	-0.0000000101061327
0.3789062500000000	-0.0000000107001038
0.3804687500000000	-0.0000000113214646
0.3820312500000000	-0.0000000119709042
0.3835937500000000	-0.0000000126490822
0.3851562500000000	-0.0000000133566247
0.3867187500000000	-0.0000000140941184
0.3882812500000000	-0.0000000148621056
0.3898437500000000	-0.0000000156610782
0.3914062500000000	-0.0000000164914717
0.3929687500000000	-0.0000000173536589
0.3945312500000001	-0.0000000182479432
0.3960937500000000	-0.0000000191745514
0.3976562500000000	-0.0000000201336272
0.3992187500000000	-0.0000000211252228
0.4007812500000000	-0.0000000221492920
0.4023437500000000	-0.0000000232056813
0.0003906250000000	-0.0000000000000000
0.0011718750000000	-0.0000000000000000
0.0019531250000000	-0.0000000000000000
0.0027343750000000	-0.0000000000000000
0.0035156250000000	-0.0000000000000000
0.0042968750000000	-0.0000000000000000
0.0050781250000000	-0.0000000000000000
0.0058593750000000	-0.0000000000000000
0.0066406250000000	-0.0000000000000000
0.0074218750000000	-0.0000000000000000
0.0082031250000000	-0.0000000000000000
0.0089843750000000	-0.0000000000000000
0.0097656250000000	-0.0000000000000000
0.0105468750000000	-0.0000000000000000
0.0113281250000000	-0.0000000000000000
0.0121093750000000	-0.0000000000000000
0.0128906250000000	-0.0000000000000000
0.0136718750000000	-0.0000000000000000
0.0144531250000000	-0.0000000000000000
0.0152343750000000	-0.0000000000000000
0.0160156250000000	-0.0000000000000000
0.0167968750000000	-0.0000000000000000
0.0175781250000000	-0.0000000000000000
0.0183593750000000	-0.0000000000000000
0.0191406250000000	-0.0000000000000000
0.0199218750000000	-0.0000000000000000
0.0207031250000000	-0.0000000000000000
0.0214843750000000	-0.0000000000000000
0.0222656250000000	-0.0000000000000000
0.0230468750000000	-0.0000000000000000
0.0238281250000000	-0.0000000000000000
0.0246093750000000	-0.0000000000000000
0.0253906250000000	-0.0000000000000000
0.0261718750000000	-0.0000000000000000
0.0269531250000000	-0.0000000000000000
0.0277343750000000	-0.0000000000000000
0.0285156250000000	-0.0000000000000000
0.0292968750000000	-0.0000000000000000
0.0300781250000000	-0.0000000000000000
0.0308593750000000	-0.0000000000000000
0.0316406250000000	-0.0000000000000000
0.0324218750000000	-0.0000000000000000
0.0332031250000000	-0.0000000000000000
0.0339843750000000	-0.0000000000000000
0.0347656250000000	-0.0000000000000000
0.0355468750000000	-0.0000000000000000
0.0363281250000000	-0.0000000000000000
0.0371093750000000	-0.0000000000000000
0.0378906250000000	-0.0000000000000000
0.0386718750000000	-0.0000000000000000
0.0394531250000000	-0.0000000000000000
0.0402343750000000	-0.0000000000000000
0.0410156250000000	-0.0000000000000000
0.0417968750000000	-0.0000000000000000
0.0425781250000000	-0.0000000000000000
0.0433593750000000	-0.0000000000000000
0.0441406250000000	-0.0000000000000000
0.0449218750000000	-0.0000000000000000
0.0457031250000000	-0.0000000000000000
0.0464843750000000	-0.0000000000000000
0.0472656250000000	-0.0000000000000000
0.0480468750000000	-0.0000000000000000
0.0488281250000000	-0.0000000000000000
0.0496093750000000	-0.0000000000000000
0.0503906250000000	-0.0000000000000000
0.0511718750000000	-0.0000000000000000
0.0519531250000000	-0.0000000000000000
0.0527343750000000	-0.0000000000000000
0.0535156250000000	-0.0000000000000000
0.0542968750000000	-0.0000000000000000
0.0550781250000000	-0.0000000000000000
0.0558593750000000	-0.0000000000000000
0.0566406250000000	-0.0000000000000000
0.0574218750000000	-0.0000000000000000
0.0582031250000000	-0.0000000000000000
0.0589843750000000	-0.0000000000000000
0.0597656250000000	-0.0000000000000000
0.0605468750000000	-0.0000000000000000
0.0613281250000000	-0.0000000000000000
0.0621093750000000	-0.0000000000000000
0.0628906250000000	-0.0000000000000000
0.0636718750000000	-0.0000000000000000
0.0644531250000000	-0.0000000000000000
0.0652343750000000	-0.0000000000000000
0.0660156250000000	-0.0000000000000000
0.0667968750000000	-0.0000000000000000
0.0675781250000000	-0.0000000000000000
0.0683593750000000	-0.0000000000000000
0.0691406250000000	-0.0000000000000000
0.0699218750000000	-0.0000000000000000
0.0707031250000000	-0.0000000000000000
0.0714843750000000	-0.0000000000000000
0.0722656250000000	-0.0000000000000000
0.0730468750000000	-0.0000000000000000
0.0738281250000000	-0.0000000000000000
0.0746093750000000	-0.0000000000000000
0.0753906250000000	-0.0000000000000000
0.0761718750000000	-0.0000000000000000
0.0769531250000000	-0.0000000000000000
0.0777343750000000	-0.0000000000000000
0.0785156250000000	-0.0000000000000000
0.0792968750000000	-0.0000000000000000
0.0800781250000000	-0.0000000000000000
0.0808593750000000	-0.0000000000000000
0.0816406250000000	-0.0000000000000000
0.0824218750000000	-0.0000000000000000
0.0832031250000000	-0.0000000000000000
0.0839843750000000	-0.0000000000000000
0.0847656250000000	-0.0000000000000000
0.0855468750000000	-0.0000000000000000
0.0863281250000000	-0.0000000000000000
0.0871093750000000	-0.0000000000000000
0.0878906250000000	-0.0000000000000000
0.0886718750000000	-0.0000000000000000
0.0894531250000000	-0.0000000000000000
0.0902343750000000	-0.0000000000000000
0.0910156250000000	-0.0000000000000000
0.0917968750000000	-0.0000000000000000
0.0925781250000000	-0.0000000000000000
0.0933593750000000	-0.0000000000000000
0.0941406250000000	-0.0000000000000000
0.0949218750000000	-0.0000000000000000
0.0957031250000000	-0.0000000000000000
0.0964843750000000	-0.0000000000000000
0.0972656250000000	-0.0000000000000000
0.0980468750000000	-0.0000000000000000
0.0988281250000000	-0.0000000000000000
0.0996093750000000	-0.0000000000000000
0.1003906250000000	-0.0000000000000000
0.1011718750000000	-0.0000000000000000
0.1019531250000000	-0.0000000000000000
0.1027343750000000	-0.0000000000000000
0.1035156250000000	-0.0000000000000000
0.1042968750000000	-0.0000000000000000
0.1050781250000000	-0.0000000000000000
0.1058593750000000	-0.0000000000000000
0.1066406250000000	-0.0000000000000000
0.1074218750000000	-0.0000000000000000
0.1082031250000000	-0.0000000000000000
0.1089843750000000	-0.0000000000000000
0.1097656250000000	-0.0000000000000000
0.1105468750000000	-0.0000000000000000
0.1113281250000000	-0.0000000000000000
0.1121093750000000	-0.0000000000000000
0.1128906250000000	-0.0000000000000000
0.1136718750000000	-0.0000000000000000
0.1144531250000000	-0.0000000000000001
0.1152343750000000	-0.0000000000000001
0.1160156250000000	-0.0000000000000001
0.1167968750000000	-0.0000000000000001
0.1175781250000000	-0.0000000000000001
0.1183593750000000	-0.0000000000000001
0.1191406250000000	-0.0000000000000001
0.1199218750000000	-0.0000000000000001
0.1207031250000000	-0.0000000000000001
0.1214843750000000	-0.0000000000000001
0.1222656250000000	-0.0000000000000001
0.1230468750000000	-0.0000000000000001
0.1238281250000000	-0.0000000000000001
0.1246093750000000	-0.0000000000000001
0.1253906250000000	-0.0000000000000001
0.1261718750000000	-0.0000000000000002
0.1269531250000000	-0.0000000000000002
0.1277343750000000	-0.0000000000000002
0.1285156250000000	-0.0000000000000002
0.1292968750000000	-0.0000000000000002
0.1300781250000000	-0.0000000000000002
0.1308593750000000	-0.0000000000000002
0.1316406250000000	-0.0000000000000003
0.1324218750000000	-0.0000000000000003
0.1332031250000000	-0.0000000000000003
0.1339843750000000	-0.0000000000000003
0.1347656250000000	-0.0000000000000003
0.1355468750000000	-0.0000000000000004
0.1363281250000000	-0.0000000000000004
0.1371093750000000	-0.0000000000000004
0.1378906250000000	-0.0000000000000005
0.1386718750000000	-0.0000000000000005
0.1394531250000000	-0.0000000000000005
0.1402343750000000	-0.0000000000000006
0.1410156250000000	-0.0000000000000006
0.1417968750000000	-0.0000000000000007
0.1425781250000000	-0.0000000000000007
0.1433593750000000	-0.0000000000000008
0.1441406250000000	-0.0000000000000008
0.1449218750000000	-0.0000000000000009
0.1457031250000000	-0.0000000000000009
0.1464843750000000	-0.0000000000000010
0.1472656250000000	-0.0000000000000011
0.1480468750000000	-0.0000000000000012
0.1488281250000000	-0.0000000000000012
0.1496093750000000	-0.0000000000000013
0.1503906250000000	-0.0000000000000014
0.1511718750000000	-0.0000000000000015
0.1519531250000000	-0.0000000000000016
0.1527343750000000	-0.0000000000000017
0.1535156250000000	-0.0000000000000019
0.1542968750000000	-0.0000000000000020
0.1550781250000000	-0.0000000000000021
0.1558593750000000	-0.0000000000000023
0.1566406250000000	-0.0000000000000025
0.1574218750000000	-0.0000000000000026
0.1582031250000000	-0.0000000000000028
0.1589843750000000	-0.0000000000000030
0.1597656250000000	-0.0000000000000032
0.1605468750000000	-0.0000000000000034
0.1613281250000000	-0.0000000000000037
0.1621093750000000	-0.0000000000000039
0.1628906250000000	-0.0000000000000042
0.1636718750000000	-0.0000000000000045
0.1644531250000000	-0.0000000000000048
0.1652343750000000	-0.0000000000000051
0.1660156250000000	-0.0000000000000055
0.1667968750000000	-0.0000000000000059
0.1675781250000000	-0.0000000000000063
0.1683593750000000	-0.0000000000000067
0.1691406250000000	-0.0000000000000072
0.1699218750000000	-0.0000000000000076
0.1707031250000000	-0.0000000000000082
0.1714843750000000	-0.0000000000000087
0.1722656250000000	-0.0000000000000093
0.1730468750000000	-0.0000000000000099
0.1738281250000000	-0.0000000000000106
0.1746093750000000	-0.0000000000000113
0.1753906250000000	-0.0000000000000121
0.1761718750000000	-0.0000000000000129
0.1769531250000000	-0.0000000000000137
0.1777343750000000	-0.0000000000000147
0.1785156250000000	-0.0000000000000156
0.1792968750000000	-0.0000000000000167
0.1800781250000000	-0.0000000000000178
0.1808593750000000	-0.0000000000000190
0.1816406250000000	-0.0000000000000202
0.1824218750000000	-0.0000000000000215
0.1832031250000000	-0.0000000000000229
0.1839843750000000	-0.0000000000000245
0.1847656250000000	-0.0000000000000261
0.1855468750000000	-0.0000000000000277
0.1863281250000000	-0.0000000000000296
0.1871093750000000	-0.0000000000000315
0.1878906250000000	-0.0000000000000335
0.1886718750000000	-0.0000000000000357
0.1894531250000000	-0.0000000000000380
0.1902343750000000	-0.0000000000000404
0.1910156250000000	-0.0000000000000430
0.1917968750000000	-0.0000000000000458
0.1925781250000000	-0.0000000000000487
0.1933593750000000	-0.0000000000000518
0.1941406250000000	-0.0000000000000551
0.1949218750000000	-0.0000000000000586
0.1957031250000000	-0.0000000000000624
0.1964843750000000	-0.0000000000000663
0.1972656250000000	-0.0000000000000705
0.1980468750000000	-0.0000000000000749
0.1988281250000000	-0.0000000000000797
0.1996093750000000	-0.0000000000000846
0.2003906250000000	-0.0000000000000899
0.2011718750000000	-0.0000000000000956
0.2019531250000000	-0.0000000000001015
0.2027343750000000	-0.0000000000001078
0.2035156250000000	-0.0000000000001145
0.2042968750000000	-0.0000000000001216
0.2050781250000000	-0.0000000000001291
0.2058593750000000	-0.0000000000001371
0.2066406250000000	-0.0000000000001455
0.2074218750000000	-0.0000000000001544
0.2082031250000000	-0.0000000000001639
0.2089843750000000	-0.0000000000001739
0.2097656250000000	-0.0000000000001845
0.2105468750000000	-0.0000000000001957
0.2113281250000000	-0.0000000000002076
0.2121093750000000	-0.0000000000002201
0.2128906250000000	-0.0000000000002334
0.2136718750000000	-0.0000000000002475
0.2144531250000000	-0.0000000000002623
0.2152343750000000	-0.0000000000002781
0.2160156250000000	-0.0000000000002947
0.2167968750000000	-0.0000000000003123
0.2175781250000000	-0.0000000000003309
0.2183593750000000	-0.0000000000003505
0.2191406250000000	-0.0000000000003713
0.2199218750000000	-0.0000000000003932
0.2207031250000000	-0.0000000000004164
0.2214843750000000	-0.0000000000004409
0.2222656250000000	-0.0000000000004668
0.2230468750000000	-0.0000000000004941
0.2238281250000000	-0.0000000000005229
0.2246093750000000	-0.0000000000005534
0.2253906250000000	-0.0000000000005856
0.2261718750000000	-0.0000000000006195
0.2269531250000000	-0.0000000000006554
0.2277343750000000	-0.0000000000006932
0.2285156250000000	-0.0000000000007331
0.2292968750000000	-0.0000000000007752
0.2300781250000000	-0.0000000000008196
0.2308593750000000	-0.0000000000008664
0.2316406250000000	-0.0000000000009158
0.2324218750000000	-0.0000000000009679
0.2332031250000000	-0.0000000000010228
0.2339843750000000	-0.0000000000010806
0.2347656250000000	-0.0000000000011416
0.2355468750000000	-0.0000000000012059
0.2363281250000000	-0.0000000000012736
0.2371093750000000	-0.0000000000013450
0.2378906250000000	-0.0000000000014201
0.2386718750000000	-0.0000000000014993
0.2394531250000000	-0.0000000000015826
0.2402343750000000	-0.0000000000016704
0.2410156250000000	-0.0000000000017628
0.2417968750000000	-0.0000000000018600
0.2425781250000000	-0.0000000000019624
0.2433593750000000	-0.0000000000020701
0.2441406250000000	-0.0000000000021834
0.2449218750000000	-0.0000000000023026
0.2457031250000000	-0.0000000000024281
0.2464843750000000	-0.0000000000025600
0.2472656250000000	-0.0000000000026987
0.2480468750000000	-0.0000000000028445
0.2488281250000000	-0.0000000000029978
0.2496093750000000	-0.0000000000031590
0.2503906250000000	-0.0000000000033284
0.2511718750000000	-0.0000000000035064
0.2519531250000000	-0.0000000000036934
0.2527343750000000	-0.0000000000038899
0.2535156250000000	-0.0000000000040962
0.2542968750000000	-0.0000000000043130
0.2550781249999999	-0.0000000000045406
0.2558593750000000	-0.0000000000047796
0.2566406250000000	-0.0000000000050304
0.2574218750000000	-0.0000000000052937
0.2582031250000000	-0.0000000000055701
0.2589843750000000	-0.0000000000058601
0.2597656250000000	-0.0000000000061643
0.2605468750000001	-0.0000000000064835
0.2613281250000000	-0.0000000000068183
0.2621093750000000	-0.0000000000071694
0.2628906250000000	-0.0000000000075376
0.2636718750000000	-0.0000000000079236
0.2644531250000000	-0.0000000000083282
0.2652343750000000	-0.0000000000087523
0.2660156250000000	-0.0000000000091968
0.2667968750000000	-0.0000000000096625
0.2675781250000000	-0.0000000000101505
0.2683593750000001	-0.0000000000106616
0.2691406250000000	-0.0000000000111970
0.2699218750000001	-0.0000000000117576
0.2707031250000000	-0.0000000000123447
0.2714843750000000	-0.0000000000129592
0.2722656250000001	-0.0000000000136026
0.2730468750000000	-0.0000000000142759
0.2738281250000000	-0.0000000000149805
0.2746093750000000	-0.0000000000157178
0.2753906250000000	-0.0000000000164891
0.2761718750000001	-0.0000000000172958
0.2769531250000000	-0.0000000000181396
0.2777343750000000	-0.0000000000190220
0.2785156250000000	-0.0000000000199445
0.2792968750000000	-0.0000000000209089
0.2800781250000000	-0.0000000000219170
0.2808593750000000	-0.0000000000229705
0.2816406250000000	-0.0000000000240713
0.2824218750000000	-0.0000000000252215
0.2832031250000000	-0.0000000000264229
0.2839843750000001	-0.0000000000276778
0.2847656250000000	-0.0000000000289884
0.2855468750000001	-0.0000000000303568
0.2863281250000000	-0.0000000000317854
0.2871093750000000	-0.0000000000332767
0.2878906250000001	-0.0000000000348332
0.2886718750000000	-0.0000000000364574
0.2894531250000000	-0.0000000000381521
0.2902343750000000	-0.0000000000399200
0.2910156250000000	-0.0000000000417642
0.2917968750000001	-0.0000000000436874
0.2925781250000000	-0.0000000000456930
0.2933593750000001	-0.0000000000477839
0.2941406250000000	-0.0000000000499636
0.2949218750000001	-0.0000000000522356
0.2957031250000001	-0.0000000000546032
0.2964843750000000	-0.0000000000570702
0.2972656250000001	-0.0000000000596404
0.2980468750000000	-0.0000000000623177
