0.9250000000000000	0.5000000000000000	0.0000000000413310
0.9750000000000000	0.5000000000000000	0.0000000000421106
0.8625000000000000	0.5000000000000000	0.0000000013220130
0.8875000000000000	0.5000000000000000	0.0000000013634226
0.8062500000000000	0.5000000000000000	0.0000000128209776
0.8187500000000001	0.5000000000000000	0.0000000131553537
0.8312500000000000	0.5000000000000000	0.0000000027371180
0.8437500000000001	0.5000000000000000	0.0000000027966913
0.7906250000000001	0.5000000000000000	0.0000000078395084
0.7968750000000000	0.5000000000000000	0.0000000079558482
0.7781250000000000	0.5000000000000000	0.0000000154674113
0.7843750000000000	0.5000000000000000	0.0000000157164965
0.0015625000000000	0.5000000000000000	-0.0000000069888425
0.0046875000000000	0.5000000000000000	-0.0000000069881689
0.0078125000000000	0.5000000000000000	-0.0000000069864753
0.0109375000000000	0.5000000000000000	-0.0000000069844549
0.0140625000000000	0.5000000000000000	-0.0000000069815615
0.0171875000000000	0.5000000000000000	-0.0000000069781950
0.0203125000000000	0.5000000000000000	-0.0000000069740464
0.0234375000000000	0.5000000000000000	-0.0000000069693352
0.0265625000000000	0.5000000000000000	-0.0000000069638956
0.0296875000000000	0.5000000000000000	-0.0000000069578416
0.0328125000000000	0.5000000000000000	-0.0000000069510898
0.0359375000000000	0.5000000000000000	-0.0000000069436953
0.0390625000000000	0.5000000000000000	-0.0000000069356208
0.0421875000000000	0.5000000000000000	-0.0000000069268886
0.0453125000000000	0.5000000000000000	-0.0000000069174878
0.0484375000000000	0.5000000000000000	-0.0000000069074212
0.0515625000000000	0.5000000000000000	-0.0000000068966953
0.0546875000000000	0.5000000000000000	-0.0000000068852982
0.0578125000000000	0.5000000000000000	-0.0000000068732520
0.0609375000000000	0.5000000000000000	-0.0000000068605288
0.0640625000000000	0.5000000000000000	-0.0000000068471706
0.0671875000000000	0.5000000000000000	-0.0000000068331262
0.0703125000000000	0.5000000000000000	-0.0000000068184680
0.0734375000000000	0.5000000000000000	-0.0000000068031077
0.0765625000000000	0.5000000000000000	-0.0000000067871672
0.0796875000000000	0.5000000000000000	-0.0000000067704969
0.0828125000000000	0.5000000000000000	-0.0000000067532995
0.0859375000000000	0.5000000000000000	-0.0000000067353254
0.0890625000000000	0.5000000000000000	-0.0000000067169091
0.0921875000000000	0.5000000000000000	-0.0000000066976379
0.0953125000000000	0.5000000000000000	-0.0000000066780598
0.0984375000000000	0.5000000000000000	-0.0000000066574984
0.1015625000000000	0.5000000000000000	-0.0000000066368446
0.1046875000000000	0.5000000000000000	-0.0000000066150001
0.2265625000000000	0.5000000000000000	-0.0000000102155576
0.2296875000000000	0.5000000000000000	-0.0000000101283777
0.2328125000000000	0.5000000000000000	-0.0000000119856854
0.2359375000000000	0.5000000000000000	-0.0000000118792566
0.2390625000000000	0.5000000000000000	-0.0000000143777491
0.2421875000000000	0.5000000000000000	-0.0000000142449339
0.2453125000000000	0.5000000000000000	-0.0000000175701335
0.2484375000000000	0.5000000000000000	-0.0000000174013095
0.2140625000000000	0.5000000000000000	-0.0000000079950118
0.2171875000000000	0.5000000000000000	-0.0000000079320365
0.2203125000000000	0.5000000000000000	-0.0000000089235110
0.2234375000000000	0.5000000000000000	-0.0000000088503385
0.7515624999999999	0.5000000000000000	0.0000000146165286
0.7546875000000001	0.5000000000000000	0.0000000147573349
0.7578125000000000	0.5000000000000000	0.0000000108351564
0.7609375000000000	0.5000000000000000	0.0000000109354900
0.1078125000000000	0.5000000000000000	-0.0000000065934017
0.1109375000000000	0.5000000000000000	-0.0000000065702811
0.1140625000000000	0.5000000000000000	-0.0000000065479365
0.1171875000000000	0.5000000000000000	-0.0000000065235464
0.1203125000000000	0.5000000000000000	-0.0000000065007561
0.1234375000000000	0.5000000000000000	-0.0000000064751020
0.1265625000000000	0.5000000000000000	-0.0000000064523182
0.1296875000000000	0.5000000000000000	-0.0000000064254038
0.1328125000000000	0.5000000000000000	-0.0000000064033025
0.1359375000000000	0.5000000000000000	-0.0000000063751282
0.1390625000000000	0.5000000000000000	-0.0000000063547129
0.1421875000000000	0.5000000000000000	-0.0000000063252734
0.1453125000000000	0.5000000000000000	-0.0000000063080210
0.1484375000000000	0.5000000000000000	-0.0000000062773024
0.1515625000000000	0.5000000000000000	-0.0000000062653680
0.1546875000000000	0.5000000000000000	-0.0000000062333428
0.1578125000000000	0.5000000000000000	-0.0000000062298427
0.1609375000000000	0.5000000000000000	-0.0000000061964621
0.1640625000000000	0.5000000000000000	-0.0000000062058604
0.1671875000000000	0.5000000000000000	-0.0000000061710443
0.1703125000000000	0.5000000000000000	-0.0000000061996744
0.1734375000000000	0.5000000000000000	-0.0000000061632944
0.1765625000000000	0.5000000000000000	-0.0000000062200548
0.1796875000000000	0.5000000000000000	-0.0000000061819128
0.1828125000000000	0.5000000000000000	-0.0000000062791807
0.1859375000000000	0.5000000000000000	-0.0000000062389761
0.2015625000000000	0.5000000000000000	-0.0000000068884607
0.2046875000000000	0.5000000000000000	-0.0000000068384454
0.2078125000000000	0.5000000000000000	-0.0000000073399908
0.2109375000000000	0.5000000000000000	-0.0000000072844715
0.1890625000000000	0.5000000000000000	-0.0000000063937935
0.1921875000000000	0.5000000000000000	-0.0000000063510778
0.1953125000000000	0.5000000000000000	-0.0000000065866682
0.1984375000000000	0.5000000000000000	-0.0000000065407816
0.7640625000000000	0.5000000000000000	0.0000000079637006
0.7671874999999999	0.5000000000000000	0.0000000080345801
0.7703125000000001	0.5000000000000000	0.0000000058035654
0.7734375000000000	0.5000000000000000	0.0000000058532050
0.5007812500000000	0.5000000000000000	0.0000000129411624
0.7164062500000001	0.5000000000000000	0.0000000167431029
0.7179687500000000	0.5000000000000000	0.0000000168443601
0.7195312500000002	0.5000000000000000	0.0000000147871470
0.7210937500000001	0.5000000000000000	0.0000000148747974
0.7226562500000000	0.5000000000000000	0.0000000130311101
0.7242187500000001	0.5000000000000000	0.0000000131068217
0.2757812500000000	0.5000000000000000	-0.0000000127641946
0.2773437500000000	0.5000000000000000	-0.0000000126901734
0.2789062500000000	0.5000000000000000	-0.0000000144160651
0.2804687500000000	0.5000000000000000	-0.0000000143307842
0.2820312500000000	0.5000000000000000	-0.0000000162589343
0.2835937500000000	0.5000000000000000	-0.0000000161608115
0.2851562500000001	0.5000000000000000	-0.0000000183095740
0.2867187500000000	0.5000000000000000	-0.0000000181968378
0.4992187500000000	0.5000000000000000	-0.0000000041167959
0.7257812500000000	0.5000000000000000	0.0000000114585435
0.7273437500000002	0.5000000000000000	0.0000000115238041
0.7289062500000001	0.5000000000000000	0.0000000100538106
0.7304687500000000	0.5000000000000000	0.0000000101099436
0.7320312500000001	0.5000000000000000	0.0000000088021235
0.7335937500000000	0.5000000000000000	0.0000000088503031
0.7351562500000000	0.5000000000000000	0.0000000076895657
0.7367187500000001	0.5000000000000000	0.0000000077308308
0.2632812500000000	0.5000000000000000	-0.0000000077594780
0.2648437500000000	0.5000000000000000	-0.0000000077178994
0.2664062500000000	0.5000000000000000	-0.0000000087988446
0.2679687500000000	0.5000000000000000	-0.0000000087507590
0.2695312500000001	0.5000000000000000	-0.0000000099703187
0.2710937500000000	0.5000000000000000	-0.0000000099147451
0.2726562500000000	0.5000000000000000	-0.0000000112873334
0.2742187500000000	0.5000000000000000	-0.0000000112231621
0.7382812500000000	0.5000000000000000	0.0000000067031012
0.7398437500000001	0.5000000000000000	0.0000000067383690
0.7414062500000000	0.5000000000000000	0.0000000058305739
0.7429687500000000	0.5000000000000000	0.0000000058606518
0.2570312500000000	0.5000000000000000	-0.0000000060277144
0.2585937500000000	0.5000000000000000	-0.0000000059966601
0.2601562500000000	0.5000000000000000	-0.0000000068396629
0.2617187500000000	0.5000000000000000	-0.0000000068037265
0.7445312500000001	0.5000000000000000	0.0000000050606961
0.7460937500000000	0.5000000000000000	0.0000000050862930
0.7476562500000000	0.5000000000000000	0.0000000043830298
0.7492187500000000	0.5000000000000000	0.0000000044047667
0.2507812500000000	0.5000000000000000	-0.0000000046849375
0.2523437500000000	0.5000000000000000	-0.0000000046617299
0.2539062500000000	0.5000000000000000	-0.0000000053128040
0.2554687500000000	0.5000000000000000	-0.0000000052859648
0.6738281250000000	0.5000000000000000	0.0000000182076744
0.6746093750000000	0.5000000000000000	0.0000000182810737
0.5066406250000000	0.5000000000000000	0.0000000152277414
0.5074218750000000	0.5000000000000000	0.0000000169844698
0.3253906250000000	0.5000000000000000	-0.0000000178225188
0.3261718750000001	0.5000000000000000	-0.0000000177508114
0.6753906250000000	0.5000000000000000	0.0000000173796975
0.6761718750000001	0.5000000000000000	0.0000000174489899
0.6769531250000000	0.5000000000000000	0.0000000165798181
0.6777343750000001	0.5000000000000000	0.0000000166451994
0.6785156250000000	0.5000000000000000	0.0000000158076650
0.6792968750000000	0.5000000000000000	0.0000000158693237
0.6800781250000001	0.5000000000000000	0.0000000150628338
0.6808593749999999	0.5000000000000000	0.0000000151209516
0.6816406250000000	0.5000000000000000	0.0000000143448898
0.6824218750000000	0.5000000000000000	0.0000000143996414
0.6832031250000000	0.5000000000000000	0.0000000136533703
0.6839843750000001	0.5000000000000000	0.0000000137049237
0.3160156250000000	0.5000000000000000	-0.0000000133597802
0.3167968750000001	0.5000000000000000	-0.0000000133094221
0.3175781250000000	0.5000000000000000	-0.0000000140367470
0.3183593750000001	0.5000000000000000	-0.0000000139832655
0.3191406250000001	0.5000000000000000	-0.0000000147398397
0.3199218750000001	0.5000000000000000	-0.0000000146830700
0.3207031250000001	0.5000000000000000	-0.0000000154695313
0.3214843750000000	0.5000000000000000	-0.0000000154093017
0.3222656250000001	0.5000000000000000	-0.0000000162262686
0.3230468750000001	0.5000000000000000	-0.0000000161624007
0.3238281250000000	0.5000000000000000	-0.0000000170104691
0.3246093750000001	0.5000000000000000	-0.0000000169427777
0.4917968750000000	0.5000000000000000	-0.0000000158292372
0.4925781250000000	0.5000000000000000	-0.0000000163811481
0.4933593750000000	0.5000000000000000	-0.0000000146262797
0.5035156250000000	0.5000000000000000	0.0000000082260686
0.5042968750000000	0.5000000000000000	0.0000000099886938
0.5050781249999999	0.5000000000000000	0.0000000117354855
0.5058593750000000	0.5000000000000000	0.0000000134956107
0.6847656249999999	0.5000000000000000	0.0000000129877878
0.6855468750000000	0.5000000000000000	0.0000000130363046
0.6863281250000000	0.5000000000000000	0.0000000123476324
0.6871093750000000	0.5000000000000000	0.0000000123932675
0.3128906250000001	0.5000000000000000	-0.0000000120822154
0.3136718750000000	0.5000000000000000	-0.0000000120376349
0.3144531250000000	0.5000000000000000	-0.0000000127084424
0.3152343750000001	0.5000000000000000	-0.0000000126610491
0.6878906250000001	0.5000000000000000	0.0000000117323741
0.6886718749999999	0.5000000000000000	0.0000000117752762
0.6894531250000000	0.5000000000000000	0.0000000111414655
0.6902343750000000	0.5000000000000000	0.0000000111817771
0.6910156250000000	0.5000000000000000	0.0000000105743437
0.6917968750000001	0.5000000000000000	0.0000000106122016
0.6925781250000000	0.5000000000000000	0.0000000100304333
0.6933593750000001	0.5000000000000000	0.0000000100659681
0.6941406250000000	0.5000000000000000	0.0000000095091479
0.6949218750000001	0.5000000000000000	0.0000000095424846
0.6957031250000001	0.5000000000000000	0.0000000090098921
0.6964843750000003	0.5000000000000000	0.0000000090411504
0.6972656250000001	0.5000000000000000	0.0000000085320640
0.6980468750000000	0.5000000000000000	0.0000000085613581
0.6988281250000000	0.5000000000000000	0.0000000080750566
0.6996093750000001	0.5000000000000000	0.0000000081024955
0.3003906250000000	0.5000000000000000	-0.0000000079090752
0.3011718750000001	0.5000000000000000	-0.0000000078822375
0.3019531250000000	0.5000000000000000	-0.0000000083548451
0.3027343750000000	0.5000000000000000	-0.0000000083262002
0.3035156250000001	0.5000000000000000	-0.0000000088210929
0.3042968750000000	0.5000000000000000	-0.0000000087905340
0.3050781250000000	0.5000000000000000	-0.0000000093084255
0.3058593750000000	0.5000000000000000	-0.0000000092758408
0.3066406250000000	0.5000000000000000	-0.0000000098174459
0.3074218750000001	0.5000000000000000	-0.0000000097827184
0.3082031250000000	0.5000000000000000	-0.0000000103487510
0.3089843750000001	0.5000000000000000	-0.0000000103117582
0.3097656250000000	0.5000000000000000	-0.0000000109029301
0.3105468750000001	0.5000000000000000	-0.0000000108635439
0.3113281250000001	0.5000000000000000	-0.0000000114805624
0.3121093750000000	0.5000000000000000	-0.0000000114386489
0.7003906250000000	0.5000000000000000	0.0000000076382597
0.7011718750000001	0.5000000000000000	0.0000000076639474
0.7019531250000000	0.5000000000000000	0.0000000072210617
0.7027343750000000	0.5000000000000000	0.0000000072450974
0.7035156250000001	0.5000000000000000	0.0000000068228510
0.7042968749999999	0.5000000000000000	0.0000000068453290
0.7050781250000000	0.5000000000000000	0.0000000064430173
0.7058593750000000	0.5000000000000000	0.0000000064640276
0.7066406250000000	0.5000000000000000	0.0000000060809533
0.7074218750000001	0.5000000000000000	0.0000000061005814
0.7082031250000000	0.5000000000000000	0.0000000057360560
0.7089843750000001	0.5000000000000000	0.0000000057543831
0.2941406250000000	0.5000000000000000	-0.0000000063185816
0.2949218750000001	0.5000000000000000	-0.0000000062980030
0.2957031250000001	0.5000000000000000	-0.0000000066885353
0.2964843750000000	0.5000000000000000	-0.0000000066665282
0.2972656250000001	0.5000000000000000	-0.0000000070765301
0.2980468750000000	0.5000000000000000	-0.0000000070530067
0.2988281250000000	0.5000000000000000	-0.0000000074831736
0.2996093750000001	0.5000000000000000	-0.0000000074580415
0.4941406250000000	0.5000000000000000	-0.0000000128980564
0.4949218750000001	0.5000000000000000	-0.0000000111393810
0.4957031250000000	0.5000000000000000	-0.0000000093955337
0.4964843750000000	0.5000000000000000	-0.0000000076339457
0.5019531250000000	0.5000000000000000	0.0000000047046946
0.5027343750000001	0.5000000000000000	0.0000000064689191
0.7097656250000000	0.5000000000000000	0.0000000054077275
0.7105468750000001	0.5000000000000000	0.0000000054248309
0.7113281250000001	0.5000000000000000	0.0000000050953765
0.7121093750000003	0.5000000000000000	0.0000000051113295
0.2878906250000001	0.5000000000000000	-0.0000000050071790
0.2886718750000000	0.5000000000000000	-0.0000000049915199
0.2894531250000000	0.5000000000000000	-0.0000000053109540
0.2902343750000000	0.5000000000000000	-0.0000000052941762
0.2910156250000000	0.5000000000000000	-0.0000000056303873
0.2917968750000001	0.5000000000000000	-0.0000000056124193
0.2925781250000000	0.5000000000000000	-0.0000000059660654
0.2933593750000001	0.5000000000000000	-0.0000000059468318
0.7128906250000001	0.5000000000000000	0.0000000047984190
0.7136718750000002	0.5000000000000000	0.0000000048132911
0.7144531250000001	0.5000000000000000	0.0000000045162795
0.7152343750000002	0.5000000000000000	0.0000000045301366
0.4972656250000000	0.5000000000000000	-0.0000000058787658
0.4980468750000000	0.5000000000000000	-0.0000000041151643
0.5361328125000000	0.5000000000000000	0.0000000179023087
0.5365234375000001	0.5000000000000000	0.0000000180946498
0.5369140625000002	0.5000000000000000	0.0000000249865217
0.6095703125000000	0.5000000000000000	0.0000000250801352
0.6103515625000000	0.5000000000000000	0.0000000180836790
0.6107421875000001	0.5000000000000000	0.0000000181450515
0.6111328125000000	0.5000000000000000	0.0000000178940760
0.6115234375000000	0.5000000000000000	0.0000000179543419
0.6119140625000001	0.5000000000000000	0.0000000177033894
0.6123046875000000	0.5000000000000000	0.0000000177625610
0.3912109375000000	0.5000000000000000	-0.0000000160054574
0.4626953125000000	0.5000000000000000	-0.0000000182580020
0.4630859375000000	0.5000000000000000	-0.0000000180673431
0.4634765625000000	0.5000000000000000	-0.0000000179800566
0.4638671875000001	0.5000000000000000	-0.0000000177882405
0.5314453125000000	0.5000000000000000	0.0000000160940100
0.5318359374999999	0.5000000000000000	0.0000000162928562
0.5322265625000000	0.5000000000000000	0.0000000164098467
0.5326171875000001	0.5000000000000000	0.0000000166076570
0.5330078125000000	0.5000000000000000	0.0000000167200132
0.5333984375000000	0.5000000000000000	0.0000000169167678
0.5337890625000001	0.5000000000000000	0.0000000170244235
0.5341796875000000	0.5000000000000000	0.0000000172201029
0.5345703125000001	0.5000000000000000	0.0000000173229951
0.5349609375000000	0.5000000000000000	0.0000000175175803
0.5353515625000000	0.5000000000000000	0.0000000176156488
0.5357421875000001	0.5000000000000000	0.0000000178091211
0.6189453125000002	0.5000000000000000	0.0000000159528150
0.6193359375000000	0.5000000000000000	0.0000000160026996
0.6197265625000001	0.5000000000000000	0.0000000157560165
0.6201171875000002	0.5000000000000000	0.0000000158049322
0.6205078125000001	0.5000000000000000	0.0000000155590523
0.6208984375000002	0.5000000000000000	0.0000000156070117
0.6212890625000003	0.5000000000000000	0.0000000153619982
0.6216796875000001	0.5000000000000000	0.0000000154090139
0.6220703125000002	0.5000000000000000	0.0000000151649284
0.6224609375000001	0.5000000000000000	0.0000000152110131
0.6228515625000002	0.5000000000000000	0.0000000149679161
0.6232421875000000	0.5000000000000000	0.0000000150130823
0.6236328125000001	0.5000000000000000	0.0000000147710326
0.6240234375000000	0.5000000000000000	0.0000000148152929
0.6244140625000001	0.5000000000000000	0.0000000145743480
0.6248046875000002	0.5000000000000000	0.0000000146177150
0.3876953125000000	0.5000000000000000	-0.0000000175923052
0.3880859375000000	0.5000000000000000	-0.0000000175336225
0.3884765625000000	0.5000000000000000	-0.0000000177830976
0.3888671875000000	0.5000000000000000	-0.0000000177233264
0.3892578125000000	0.5000000000000000	-0.0000000179728470
0.3896484375000000	0.5000000000000000	-0.0000000179119748
0.3900390625000000	0.5000000000000000	-0.0000000181614633
0.3904296875000000	0.5000000000000000	-0.0000000180994780
0.5251953125000000	0.5000000000000000	0.0000000133745494
0.5255859375000000	0.5000000000000000	0.0000000135809261
0.5259765625000001	0.5000000000000000	0.0000000137322740
0.5263671875000000	0.5000000000000000	0.0000000139377863
0.5267578125000001	0.5000000000000000	0.0000000140851293
0.5271484375000000	0.5000000000000000	0.0000000142897543
0.5275390625000000	0.5000000000000000	0.0000000144330043
0.5279296874999999	0.5000000000000000	0.0000000146367200
0.5283203125000000	0.5000000000000000	0.0000000147757915
0.5287109374999999	0.5000000000000000	0.0000000149785757
0.5291015625000000	0.5000000000000000	0.0000000151133858
0.5294921875000000	0.5000000000000000	0.0000000153152171
0.5298828124999999	0.5000000000000000	0.0000000154456856
0.5302734375000000	0.5000000000000000	0.0000000156465426
0.5306640625000001	0.5000000000000000	0.0000000157725922
0.5310546875000000	0.5000000000000000	0.0000000159724541
0.6126953125000001	0.5000000000000000	0.0000000175117085
0.6130859375000000	0.5000000000000000	0.0000000175697981
0.6134765625000000	0.5000000000000000	0.0000000173191215
0.6138671875000001	0.5000000000000000	0.0000000173761416
0.6142578125000000	0.5000000000000000	0.0000000171257156
0.6146484375000001	0.5000000000000000	0.0000000171816787
0.6150390625000002	0.5000000000000000	0.0000000169315768
0.6154296875000000	0.5000000000000000	0.0000000169864954
0.6158203125000001	0.5000000000000000	0.0000000167367899
0.6162109375000000	0.5000000000000000	0.0000000167906765
0.6166015625000001	0.5000000000000000	0.0000000165414386
0.6169921875000002	0.5000000000000000	0.0000000165943058
0.6173828125000000	0.5000000000000000	0.0000000163456052
0.6177734375000001	0.5000000000000000	0.0000000163974656
0.6181640625000002	0.5000000000000000	0.0000000161493707
0.6185546875000001	0.5000000000000000	0.0000000162002369
0.3751953125000000	0.5000000000000000	-0.0000000144665991
0.3755859375000000	0.5000000000000000	-0.0000000144236270
0.3759765625000000	0.5000000000000000	-0.0000000146628243
0.3763671875000000	0.5000000000000000	-0.0000000146189649
0.3767578125000000	0.5000000000000000	-0.0000000148592787
0.3771484375000000	0.5000000000000000	-0.0000000148145193
0.3775390625000000	0.5000000000000000	-0.0000000150558929
0.3779296875000000	0.5000000000000000	-0.0000000150102208
0.3783203125000000	0.5000000000000000	-0.0000000152525961
0.3787109375000000	0.5000000000000000	-0.0000000152059989
0.3791015625000000	0.5000000000000000	-0.0000000154493160
0.3794921875000000	0.5000000000000000	-0.0000000154017810
0.3798828124999999	0.5000000000000000	-0.0000000156459790
0.3802734375000000	0.5000000000000000	-0.0000000155974935
0.3806640625000000	0.5000000000000000	-0.0000000158425101
0.3810546875000000	0.5000000000000000	-0.0000000157930616
0.3814453125000000	0.5000000000000000	-0.0000000160388328
0.3818359375000000	0.5000000000000000	-0.0000000159884086
0.3822265625000000	0.5000000000000000	-0.0000000162348694
0.3826171875000000	0.5000000000000000	-0.0000000161834568
0.3830078125000000	0.5000000000000000	-0.0000000164305407
0.3833984375000000	0.5000000000000000	-0.0000000163781272
0.3837890625000000	0.5000000000000000	-0.0000000166257662
0.3841796875000000	0.5000000000000000	-0.0000000165723393
0.3845703125000000	0.5000000000000000	-0.0000000168204644
0.3849609375000000	0.5000000000000000	-0.0000000167660113
0.3853515625000000	0.5000000000000000	-0.0000000170145522
0.3857421875000001	0.5000000000000000	-0.0000000169590605
0.3861328125000000	0.5000000000000000	-0.0000000172079454
0.3865234375000000	0.5000000000000000	-0.0000000171514025
0.3869140625000000	0.5000000000000000	-0.0000000174005586
0.3873046875000000	0.5000000000000000	-0.0000000173429520
0.4642578125000000	0.5000000000000000	-0.0000000176960161
0.4646484375000000	0.5000000000000000	-0.0000000175030607
0.4650390625000000	0.5000000000000000	-0.0000000174059517
0.4654296875000000	0.5000000000000000	-0.0000000172118750
0.4658203125000000	0.5000000000000000	-0.0000000171099376
0.4662109375000000	0.5000000000000000	-0.0000000169147580
0.4666015625000000	0.5000000000000000	-0.0000000168080514
0.4669921875000000	0.5000000000000000	-0.0000000166117879
0.4673828125000000	0.5000000000000000	-0.0000000165003743
0.4677734375000000	0.5000000000000000	-0.0000000163030461
0.4681640625000000	0.5000000000000000	-0.0000000161869906
0.4685546875000000	0.5000000000000000	-0.0000000159886175
0.4689453125000000	0.5000000000000000	-0.0000000158679880
0.4693359375000000	0.5000000000000000	-0.0000000156685899
0.4697265625000000	0.5000000000000000	-0.0000000155434573
0.4701171875000000	0.5000000000000000	-0.0000000153430546
0.4705078125000000	0.5000000000000000	-0.0000000152134927
0.4708984375000000	0.5000000000000000	-0.0000000150121061
0.4712890625000000	0.5000000000000000	-0.0000000148781912
0.4716796875000000	0.5000000000000000	-0.0000000146758419
0.4720703125000000	0.5000000000000000	-0.0000000145376534
0.4724609375000000	0.5000000000000000	-0.0000000143343627
0.4728515625000000	0.5000000000000000	-0.0000000141919826
0.4732421875000000	0.5000000000000000	-0.0000000139877724
0.4736328124999999	0.5000000000000000	-0.0000000138412853
0.4740234375000000	0.5000000000000000	-0.0000000136361777
0.4744140625000000	0.5000000000000000	-0.0000000134856708
0.4748046875000000	0.5000000000000000	-0.0000000132796882
0.6251953125000000	0.5000000000000000	0.0000000143779309
0.6255859375000001	0.5000000000000000	0.0000000144204172
0.6259765625000002	0.5000000000000000	0.0000000141818485
0.6263671875000001	0.5000000000000000	0.0000000142234665
0.6267578125000002	0.5000000000000000	0.0000000139861664
0.6271484375000000	0.5000000000000000	0.0000000140269287
0.6275390625000001	0.5000000000000000	0.0000000137909488
0.6279296875000000	0.5000000000000000	0.0000000138308677
0.6283203125000001	0.5000000000000000	0.0000000135962582
0.6287109375000000	0.5000000000000000	0.0000000136353463
0.6291015625000000	0.5000000000000000	0.0000000134021559
0.6294921875000001	0.5000000000000000	0.0000000134404254
0.3705078125000000	0.5000000000000000	-0.0000000132977561
0.3708984375000000	0.5000000000000000	-0.0000000132598469
0.3712890625000000	0.5000000000000000	-0.0000000134912333
0.3716796875000000	0.5000000000000000	-0.0000000134525112
0.3720703125000000	0.5000000000000000	-0.0000000136853245
0.3724609375000000	0.5000000000000000	-0.0000000136457774
0.3728515625000000	0.5000000000000000	-0.0000000138799694
0.3732421875000000	0.5000000000000000	-0.0000000138395846
0.3736328125000000	0.5000000000000000	-0.0000000140751059
0.3740234375000000	0.5000000000000000	-0.0000000140338712
0.3744140625000000	0.5000000000000000	-0.0000000142706708
0.3748046875000000	0.5000000000000000	-0.0000000142285737
0.6298828125000000	0.5000000000000000	0.0000000132087014
0.6302734375000001	0.5000000000000000	0.0000000132461646
0.6306640625000002	0.5000000000000000	0.0000000130159529
0.6310546875000000	0.5000000000000000	0.0000000130526221
0.6314453125000001	0.5000000000000000	0.0000000128239668
0.6318359375000000	0.5000000000000000	0.0000000128598541
0.6322265625000001	0.5000000000000000	0.0000000126327982
0.6326171875000002	0.5000000000000000	0.0000000126679158
0.6330078125000000	0.5000000000000000	0.0000000124425005
0.6333984375000001	0.5000000000000000	0.0000000124768605
0.6337890625000002	0.5000000000000000	0.0000000122531258
0.6341796875000001	0.5000000000000000	0.0000000122867401
0.6345703125000002	0.5000000000000000	0.0000000120647243
0.6349609375000000	0.5000000000000000	0.0000000120976049
0.6353515625000001	0.5000000000000000	0.0000000118773450
0.6357421875000002	0.5000000000000000	0.0000000119095038
0.6361328125000001	0.5000000000000000	0.0000000116910351
0.6365234375000002	0.5000000000000000	0.0000000117224838
0.6369140625000003	0.5000000000000000	0.0000000115058405
0.6373046875000001	0.5000000000000000	0.0000000115365909
0.5220703125000001	0.5000000000000000	0.0000000118972704
0.5224609375000000	0.5000000000000000	0.0000000121068732
0.5228515625000001	0.5000000000000000	0.0000000122733088
0.5232421875000000	0.5000000000000000	0.0000000124821406
0.5236328125000000	0.5000000000000000	0.0000000126449489
0.5240234374999999	0.5000000000000000	0.0000000128529858
0.5244140625000000	0.5000000000000000	0.0000000130120688
0.5248046875000001	0.5000000000000000	0.0000000132192872
0.3626953125000000	0.5000000000000000	-0.0000000114089449
0.3630859375000001	0.5000000000000000	-0.0000000113784992
0.3634765625000000	0.5000000000000000	-0.0000000115932977
0.3638671875000001	0.5000000000000000	-0.0000000115621591
0.3642578125000001	0.5000000000000000	-0.0000000117787842
0.3646484375000000	0.5000000000000000	-0.0000000117469408
0.3650390625000000	0.5000000000000000	-0.0000000119653591
0.3654296875000000	0.5000000000000000	-0.0000000119327994
0.3658203125000000	0.5000000000000000	-0.0000000121529760
0.3662109375000001	0.5000000000000000	-0.0000000121196881
0.3666015625000000	0.5000000000000000	-0.0000000123415867
0.3669921875000000	0.5000000000000000	-0.0000000123075587
0.3673828125000000	0.5000000000000000	-0.0000000125311416
0.3677734375000000	0.5000000000000000	-0.0000000124963616
0.3681640625000000	0.5000000000000000	-0.0000000127215894
0.3685546875000000	0.5000000000000000	-0.0000000126860454
0.3689453125000000	0.5000000000000000	-0.0000000129128776
0.3693359375000000	0.5000000000000000	-0.0000000128765573
0.3697265625000000	0.5000000000000000	-0.0000000131049517
0.3701171875000001	0.5000000000000000	-0.0000000130678431
0.4751953125000000	0.5000000000000000	-0.0000000131252513
0.4755859375000000	0.5000000000000000	-0.0000000129184166
0.4759765625000000	0.5000000000000000	-0.0000000127601422
0.4763671875000000	0.5000000000000000	-0.0000000125524783
0.4767578125000000	0.5000000000000000	-0.0000000123904612
0.4771484375000000	0.5000000000000000	-0.0000000121819916
0.4775390624999999	0.5000000000000000	-0.0000000120163290
0.4779296875000000	0.5000000000000000	-0.0000000118070774
0.6376953125000002	0.5000000000000000	0.0000000113218054
0.6380859375000001	0.5000000000000000	0.0000000113518690
0.6384765625000002	0.5000000000000000	0.0000000111389726
0.6388671875000003	0.5000000000000000	0.0000000111683610
0.6392578125000001	0.5000000000000000	0.0000000109573834
0.6396484375000002	0.5000000000000000	0.0000000109861080
0.6400390625000003	0.5000000000000000	0.0000000107770773
0.6404296875000002	0.5000000000000000	0.0000000108051495
0.6408203125000003	0.5000000000000000	0.0000000105980928
0.6412109375000001	0.5000000000000000	0.0000000106255238
0.6416015625000002	0.5000000000000000	0.0000000104204664
0.6419921875000001	0.5000000000000000	0.0000000104472675
0.6423828125000002	0.5000000000000000	0.0000000102442335
0.6427734375000000	0.5000000000000000	0.0000000102704157
0.6431640625000001	0.5000000000000000	0.0000000100694278
0.6435546875000002	0.5000000000000000	0.0000000100950021
0.6439453125000001	0.5000000000000000	0.0000000098960817
0.6443359375000002	0.5000000000000000	0.0000000099210590
0.6447265625000003	0.5000000000000000	0.0000000097242261
0.6451171875000001	0.5000000000000000	0.0000000097486171
0.6455078125000002	0.5000000000000000	0.0000000095538905
0.6458984375000001	0.5000000000000000	0.0000000095777059
0.6462890625000002	0.5000000000000000	0.0000000093851028
0.6466796875000000	0.5000000000000000	0.0000000094083532
0.6470703125000001	0.5000000000000000	0.0000000092178897
0.6474609375000000	0.5000000000000000	0.0000000092405856
0.6478515625000001	0.5000000000000000	0.0000000090522766
0.6482421875000002	0.5000000000000000	0.0000000090744283
0.6486328125000000	0.5000000000000000	0.0000000088882872
0.6490234375000001	0.5000000000000000	0.0000000089099050
0.6494140625000002	0.5000000000000000	0.0000000087259442
0.6498046875000001	0.5000000000000000	0.0000000087470381
0.5189453125000001	0.5000000000000000	0.0000000103516617
0.5193359375000000	0.5000000000000000	0.0000000105641050
0.5197265625000000	0.5000000000000000	0.0000000107440231
0.5201171875000001	0.5000000000000000	0.0000000109557933
0.5205078125000000	0.5000000000000000	0.0000000111324992
0.5208984375000001	0.5000000000000000	0.0000000113435715
0.5212890625000002	0.5000000000000000	0.0000000115169582
0.5216796875000000	0.5000000000000000	0.0000000117273079
0.3501953125000000	0.5000000000000000	-0.0000000086444261
0.3505859375000001	0.5000000000000000	-0.0000000086235563
0.3509765625000000	0.5000000000000000	-0.0000000088057302
0.3513671875000000	0.5000000000000000	-0.0000000087843414
0.3517578125000000	0.5000000000000000	-0.0000000089686881
0.3521484375000000	0.5000000000000000	-0.0000000089467699
0.3525390625000000	0.5000000000000000	-0.0000000091332775
0.3529296875000000	0.5000000000000000	-0.0000000091108200
0.3533203125000000	0.5000000000000000	-0.0000000092994755
0.3537109375000000	0.5000000000000000	-0.0000000092764681
0.3541015625000000	0.5000000000000000	-0.0000000094672573
0.3544921875000001	0.5000000000000000	-0.0000000094436899
0.3548828125000000	0.5000000000000000	-0.0000000096365970
0.3552734375000001	0.5000000000000000	-0.0000000096124589
0.3556640625000000	0.5000000000000000	-0.0000000098074671
0.3560546875000001	0.5000000000000000	-0.0000000097827478
0.4783203125000000	0.5000000000000000	-0.0000000116378690
0.4787109375000000	0.5000000000000000	-0.0000000114278593
0.4791015625000000	0.5000000000000000	-0.0000000112552070
0.4794921874999999	0.5000000000000000	-0.0000000110444635
0.4798828124999999	0.5000000000000000	-0.0000000108684714
0.4802734375000000	0.5000000000000000	-0.0000000106570186
0.4806640624999999	0.5000000000000000	-0.0000000104777932
0.4810546875000000	0.5000000000000000	-0.0000000102656559
0.5126953125000000	0.5000000000000000	0.0000000070894799
0.5130859374999999	0.5000000000000000	0.0000000073063822
0.5134765625000000	0.5000000000000000	0.0000000075079064
0.5138671875000000	0.5000000000000000	0.0000000077243434
0.5142578124999999	0.5000000000000000	0.0000000079235815
0.5146484375000000	0.5000000000000000	0.0000000081395263
0.5150390625000001	0.5000000000000000	0.0000000083363564
0.5154296875000000	0.5000000000000000	0.0000000085517827
0.5158203125000000	0.5000000000000000	0.0000000087460846
0.5162109374999999	0.5000000000000000	0.0000000089609660
0.5166015625000000	0.5000000000000000	0.0000000091526211
0.5169921875000001	0.5000000000000000	0.0000000093669315
0.5173828125000000	0.5000000000000000	0.0000000095558231
0.5177734375000000	0.5000000000000000	0.0000000097695367
0.5181640625000001	0.5000000000000000	0.0000000099555495
0.5185546875000000	0.5000000000000000	0.0000000101686407
0.6501953125000002	0.5000000000000000	0.0000000085652687
0.6505859375000000	0.5000000000000000	0.0000000085858489
0.6509765625000001	0.5000000000000000	0.0000000084062807
0.6513671875000002	0.5000000000000000	0.0000000084263570
0.6517578125000001	0.5000000000000000	0.0000000082489987
0.6521484375000002	0.5000000000000000	0.0000000082685809
0.6525390625000003	0.5000000000000000	0.0000000080934401
0.6529296875000001	0.5000000000000000	0.0000000081125379
0.6533203125000002	0.5000000000000000	0.0000000079396209
0.6537109375000001	0.5000000000000000	0.0000000079582439
0.6541015625000002	0.5000000000000000	0.0000000077875560
0.6544921875000000	0.5000000000000000	0.0000000078057136
0.6548828125000001	0.5000000000000000	0.0000000076372590
0.6552734375000000	0.5000000000000000	0.0000000076549605
0.6556640625000001	0.5000000000000000	0.0000000074887422
0.6560546875000002	0.5000000000000000	0.0000000075059969
0.6564453125000000	0.5000000000000000	0.0000000073420170
0.6568359375000001	0.5000000000000000	0.0000000073588339
0.6572265625000002	0.5000000000000000	0.0000000071970934
0.6576171875000001	0.5000000000000000	0.0000000072134816
0.6580078125000002	0.5000000000000000	0.0000000070539803
0.6583984375000000	0.5000000000000000	0.0000000070699486
0.6587890625000001	0.5000000000000000	0.0000000069126857
0.6591796875000000	0.5000000000000000	0.0000000069282428
0.3564453125000001	0.5000000000000000	-0.0000000099798390
0.3568359375000001	0.5000000000000000	-0.0000000099545276
0.3572265625000001	0.5000000000000000	-0.0000000101536823
0.3576171875000001	0.5000000000000000	-0.0000000101277681
0.3580078125000001	0.5000000000000000	-0.0000000103289655
0.3583984375000001	0.5000000000000000	-0.0000000103024374
0.3587890625000000	0.5000000000000000	-0.0000000105056554
0.3591796875000001	0.5000000000000000	-0.0000000104785026
0.3595703125000000	0.5000000000000000	-0.0000000106837175
0.3599609375000001	0.5000000000000000	-0.0000000106559287
0.3603515625000001	0.5000000000000000	-0.0000000108631158
0.3607421875000000	0.5000000000000000	-0.0000000108346798
0.3611328125000000	0.5000000000000000	-0.0000000110438126
0.3615234375000000	0.5000000000000000	-0.0000000110147182
0.3619140625000000	0.5000000000000000	-0.0000000112257692
0.3623046875000001	0.5000000000000000	-0.0000000111960049
0.4814453124999999	0.5000000000000000	-0.0000000100833055
0.4818359375000000	0.5000000000000000	-0.0000000098705088
0.4822265625000000	0.5000000000000000	-0.0000000096851440
0.4826171875000000	0.5000000000000000	-0.0000000094717132
0.4830078125000000	0.5000000000000000	-0.0000000092834464
0.4833984375000000	0.5000000000000000	-0.0000000090694070
0.4837890625000000	0.5000000000000000	-0.0000000088783527
0.4841796875000000	0.5000000000000000	-0.0000000086637304
0.4845703125000000	0.5000000000000000	-0.0000000084700048
0.4849609375000000	0.5000000000000000	-0.0000000082548256
0.4853515625000000	0.5000000000000000	-0.0000000080585467
0.4857421875000000	0.5000000000000000	-0.0000000078428369
0.3439453125000000	0.5000000000000000	-0.0000000074157251
0.3443359375000000	0.5000000000000000	-0.0000000073986593
0.3447265625000000	0.5000000000000000	-0.0000000075631662
0.3451171875000000	0.5000000000000000	-0.0000000075456578
0.3455078125000000	0.5000000000000000	-0.0000000077123902
0.3458984375000000	0.5000000000000000	-0.0000000076944300
0.3462890625000000	0.5000000000000000	-0.0000000078633851
0.3466796875000001	0.5000000000000000	-0.0000000078449639
0.3470703125000000	0.5000000000000000	-0.0000000080161381
0.3474609375000001	0.5000000000000000	-0.0000000079972464
0.3478515625000000	0.5000000000000000	-0.0000000081706348
0.3482421875000001	0.5000000000000000	-0.0000000081512632
0.3486328125000001	0.5000000000000000	-0.0000000083268598
0.3490234375000000	0.5000000000000000	-0.0000000083069985
0.3494140625000000	0.5000000000000000	-0.0000000084847961
0.3498046875000000	0.5000000000000000	-0.0000000084644356
0.6595703125000001	0.5000000000000000	0.0000000067732163
0.6599609375000000	0.5000000000000000	0.0000000067883709
0.6603515625000000	0.5000000000000000	0.0000000066355777
0.6607421875000001	0.5000000000000000	0.0000000066503383
0.6611328125000000	0.5000000000000000	0.0000000064997747
0.6615234375000001	0.5000000000000000	0.0000000065141496
0.6619140625000002	0.5000000000000000	0.0000000063658109
0.6623046875000000	0.5000000000000000	0.0000000063798084
0.6626953125000001	0.5000000000000000	0.0000000062336889
0.6630859375000000	0.5000000000000000	0.0000000062473171
0.6634765625000001	0.5000000000000000	0.0000000061034105
0.6638671875000002	0.5000000000000000	0.0000000061166774
0.6650390625000002	0.5000000000000000	0.0000000058483862
0.6654296875000001	0.5000000000000000	0.0000000058609542
0.4861328125000000	0.5000000000000000	-0.0000000076441244
0.4865234375000000	0.5000000000000000	-0.0000000074279102
0.4869140625000000	0.5000000000000000	-0.0000000072268854
0.4873046875000000	0.5000000000000000	-0.0000000070101936
0.5103515624999999	0.5000000000000000	0.0000000058192005
0.5107421875000000	0.5000000000000000	0.0000000060373375
0.5111328124999999	0.5000000000000000	0.0000000062449744
0.5115234375000000	0.5000000000000000	0.0000000064627269
0.5119140625000000	0.5000000000000000	0.0000000066684519
0.5123046874999999	0.5000000000000000	0.0000000068857929
0.3376953125000000	0.5000000000000000	-0.0000000063014305
0.3380859375000000	0.5000000000000000	-0.0000000062875901
0.3384765625000000	0.5000000000000000	-0.0000000064343162
0.3388671875000001	0.5000000000000000	-0.0000000064201022
0.3392578125000000	0.5000000000000000	-0.0000000065690398
0.3396484375000000	0.5000000000000000	-0.0000000065544440
0.3400390625000000	0.5000000000000000	-0.0000000067055980
0.3404296875000000	0.5000000000000000	-0.0000000066906120
0.3408203125000000	0.5000000000000000	-0.0000000068439867
0.3412109375000000	0.5000000000000000	-0.0000000068286021
0.3416015625000000	0.5000000000000000	-0.0000000069842005
0.3419921875000000	0.5000000000000000	-0.0000000069684088
0.3423828125000000	0.5000000000000000	-0.0000000071262333
0.3427734375000000	0.5000000000000000	-0.0000000071100256
0.3431640625000000	0.5000000000000000	-0.0000000072700776
0.3435546875000000	0.5000000000000000	-0.0000000072534453
0.3361328125000000	0.5000000000000000	-0.0000000060411802
0.3365234375000000	0.5000000000000000	-0.0000000060280629
0.3369140625000000	0.5000000000000000	-0.0000000061703846
0.3373046875000000	0.5000000000000000	-0.0000000061569099
0.4876953125000000	0.5000000000000000	-0.0000000068069793
0.4880859375000000	0.5000000000000000	-0.0000000065898365
0.4884765625000000	0.5000000000000000	-0.0000000063845571
0.4888671875000000	0.5000000000000000	-0.0000000061669902
0.6642578125000000	0.5000000000000000	0.0000000059749763
0.6646484375000001	0.5000000000000000	0.0000000059878899
0.6658203125000002	0.5000000000000000	0.0000000057236391
0.6662109375000000	0.5000000000000000	0.0000000057358692
0.6666015625000001	0.5000000000000000	0.0000000056007330
0.6669921875000000	0.5000000000000000	0.0000000056126327
0.6673828125000000	0.5000000000000000	0.0000000054796651
0.6677734375000000	0.5000000000000000	0.0000000054912418
0.6681640625000000	0.5000000000000000	0.0000000053604318
0.6685546875000001	0.5000000000000000	0.0000000053716929
0.5095703125000000	0.5000000000000000	0.0000000053912851
0.5099609374999998	0.5000000000000000	0.0000000056097792
0.3314453125000000	0.5000000000000000	-0.0000000053045741
0.3318359375000001	0.5000000000000000	-0.0000000052934419
0.3322265625000000	0.5000000000000000	-0.0000000054227556
0.3326171875000001	0.5000000000000000	-0.0000000054113112
0.3330078125000001	0.5000000000000000	-0.0000000055427671
0.3333984375000000	0.5000000000000000	-0.0000000055310031
0.3337890625000000	0.5000000000000000	-0.0000000056646125
0.3341796875000000	0.5000000000000000	-0.0000000056525216
0.3345703125000000	0.5000000000000000	-0.0000000057882951
0.3349609375000001	0.5000000000000000	-0.0000000057758697
0.3353515625000000	0.5000000000000000	-0.0000000059138171
0.3357421875000000	0.5000000000000000	-0.0000000059010497
0.4892578124999999	0.5000000000000000	-0.0000000059597713
0.4896484375000000	0.5000000000000000	-0.0000000057418076
0.4900390625000000	0.5000000000000000	-0.0000000055327760
0.4904296875000000	0.5000000000000000	-0.0000000053144426
0.6689453125000000	0.5000000000000000	0.0000000052430286
0.6693359375000001	0.5000000000000000	0.0000000052539812
0.6697265625000002	0.5000000000000000	0.0000000051274504
0.6701171875000000	0.5000000000000000	0.0000000051381015
0.6705078125000001	0.5000000000000000	0.0000000050136911
0.6708984375000000	0.5000000000000000	0.0000000050240477
0.6712890625000000	0.5000000000000000	0.0000000049017440
0.6716796875000000	0.5000000000000000	0.0000000049118130
0.6720703125000000	0.5000000000000000	0.0000000047916017
0.6724609374999999	0.5000000000000000	0.0000000048013898
0.6728515625000000	0.5000000000000000	0.0000000046832562
0.6732421875000000	0.5000000000000000	0.0000000046927699
0.5080078125000000	0.5000000000000000	0.0000000045296546
0.5083984374999999	0.5000000000000000	0.0000000047487804
0.5087890625000000	0.5000000000000000	0.0000000049613840
0.5091796874999999	0.5000000000000000	0.0000000051802077
0.3267578125000001	0.5000000000000000	-0.0000000046335926
0.3271484375000001	0.5000000000000000	-0.0000000046241889
0.3275390625000000	0.5000000000000000	-0.0000000047409212
0.3279296875000001	0.5000000000000000	-0.0000000047312462
0.3283203125000000	0.5000000000000000	-0.0000000048500400
0.3287109375000001	0.5000000000000000	-0.0000000048400872
0.3291015625000001	0.5000000000000000	-0.0000000049609573
0.3294921875000000	0.5000000000000000	-0.0000000049507199
0.3298828125000000	0.5000000000000000	-0.0000000050736809
0.3302734375000000	0.5000000000000000	-0.0000000050631521
0.3306640625000000	0.5000000000000000	-0.0000000051882176
0.3310546875000001	0.5000000000000000	-0.0000000051773908
0.4908203125000000	0.5000000000000000	-0.0000000051037267
0.4912109375000000	0.5000000000000000	-0.0000000048850510
0.5629882812500000	0.5000000000000000	0.0000000059447208
0.5631835937499999	0.5000000000000000	0.0000000059629019
0.5633789062500000	0.5000000000000000	0.0000000059516297
0.5635742187500000	0.5000000000000000	0.0000000059697167
0.5637695312500001	0.5000000000000000	0.0000000059581356
0.5639648437500000	0.5000000000000000	0.0000000059761286
0.5641601562500000	0.5000000000000000	0.0000000059642401
0.5643554687500000	0.5000000000000000	0.0000000059821389
0.5645507812500000	0.5000000000000000	0.0000000059699445
0.5647460937500001	0.5000000000000000	0.0000000059877490
0.5649414062500001	0.5000000000000000	0.0000000059752504
0.5651367187500000	0.5000000000000000	0.0000000059929606
0.5653320312500001	0.5000000000000000	0.0000000059801593
0.5655273437500000	0.5000000000000000	0.0000000059977751
0.5657226562500001	0.5000000000000000	0.0000000059846728
0.5659179687500000	0.5000000000000000	0.0000000060021942
0.5661132812500000	0.5000000000000000	0.0000000059887926
0.5663085937500000	0.5000000000000000	0.0000000060062194
0.5665039062500000	0.5000000000000000	0.0000000059925203
0.5666992187500001	0.5000000000000000	0.0000000060098526
0.5668945312500001	0.5000000000000000	0.0000000059958576
0.5670898437500000	0.5000000000000000	0.0000000060130953
0.5672851562500001	0.5000000000000000	0.0000000059988063
0.5674804687500000	0.5000000000000000	0.0000000060159494
0.5676757812500001	0.5000000000000000	0.0000000060013682
0.5678710937500001	0.5000000000000000	0.0000000060184166
0.5680664062500002	0.5000000000000000	0.0000000060035450
0.5682617187500001	0.5000000000000000	0.0000000060204988
0.5684570312500001	0.5000000000000000	0.0000000060053388
0.5686523437500001	0.5000000000000000	0.0000000060221978
0.5688476562500001	0.5000000000000000	0.0000000060067513
0.5690429687500000	0.5000000000000000	0.0000000060235157
0.5692382812500001	0.5000000000000000	0.0000000060077845
0.5694335937500000	0.5000000000000000	0.0000000060244542
0.5696289062500001	0.5000000000000000	0.0000000060084405
0.5698242187500001	0.5000000000000000	0.0000000060250154
0.5700195312500002	0.5000000000000000	0.0000000060087211
0.5702148437500001	0.5000000000000000	0.0000000060252014
0.5704101562500001	0.5000000000000000	0.0000000060086285
0.5706054687500001	0.5000000000000000	0.0000000060250141
0.5708007812500001	0.5000000000000000	0.0000000060081647
0.5709960937500002	0.5000000000000000	0.0000000060244556
0.5711914062500002	0.5000000000000000	0.0000000060073318
0.5713867187500001	0.5000000000000000	0.0000000060235282
0.5715820312500002	0.5000000000000000	0.0000000060061321
0.5717773437500001	0.5000000000000000	0.0000000060222338
0.5719726562500002	0.5000000000000000	0.0000000060045677
0.5721679687500001	0.5000000000000000	0.0000000060205748
0.5723632812500001	0.5000000000000000	0.0000000060026407
0.5725585937500001	0.5000000000000000	0.0000000060185534
0.5727539062500001	0.5000000000000000	0.0000000060003536
0.5729492187500000	0.5000000000000000	0.0000000060161717
0.5731445312500001	0.5000000000000000	0.0000000059977084
0.5733398437500000	0.5000000000000000	0.0000000060134322
0.5735351562500001	0.5000000000000000	0.0000000059947076
0.5737304687500000	0.5000000000000000	0.0000000060103371
0.5739257812500000	0.5000000000000000	0.0000000059913535
0.5741210937500000	0.5000000000000000	0.0000000060068887
0.5743164062500000	0.5000000000000000	0.0000000059876485
0.5745117187500001	0.5000000000000000	0.0000000060030894
0.5747070312500001	0.5000000000000000	0.0000000059835949
0.5749023437500000	0.5000000000000000	0.0000000059989417
0.5750976562500001	0.5000000000000000	0.0000000059791952
0.5752929687500000	0.5000000000000000	0.0000000059944480
0.5754882812500001	0.5000000000000000	0.0000000059744519
0.5756835937500001	0.5000000000000000	0.0000000059896108
0.5758789062500002	0.5000000000000000	0.0000000059693674
0.5760742187500001	0.5000000000000000	0.0000000059844324
0.5762695312500001	0.5000000000000000	0.0000000059639443
0.5764648437500001	0.5000000000000000	0.0000000059789156
0.5766601562500001	0.5000000000000000	0.0000000059581851
0.5768554687500000	0.5000000000000000	0.0000000059730627
0.5770507812500001	0.5000000000000000	0.0000000059520924
0.5772460937500000	0.5000000000000000	0.0000000059668765
0.5778320312500000	0.5000000000000000	0.0000000059389168
0.5780273437500000	0.5000000000000000	0.0000000059535141
0.5614257812500000	0.5000000000000000	0.0000000059130290
0.5616210937500000	0.5000000000000000	0.0000000059315851
0.5622070312500000	0.5000000000000000	0.0000000059296888
0.5624023437500000	0.5000000000000000	0.0000000059480575
0.4282226562500000	0.5000000000000000	-0.0000000060003065
0.4284179687500000	0.5000000000000000	-0.0000000059842480
0.4286132812500001	0.5000000000000000	-0.0000000060016550
0.4288085937500000	0.5000000000000000	-0.0000000059855018
0.4290039062500001	0.5000000000000000	-0.0000000060026376
0.4291992187500000	0.5000000000000000	-0.0000000059863898
0.4293945312500000	0.5000000000000000	-0.0000000060032522
0.4295898437500000	0.5000000000000000	-0.0000000059869098
0.4313476562500000	0.5000000000000000	-0.0000000060007322
0.4315429687500000	0.5000000000000000	-0.0000000059839164
0.4317382812500000	0.5000000000000000	-0.0000000059990953
0.4319335937500001	0.5000000000000000	-0.0000000059821849
0.4321289062500000	0.5000000000000000	-0.0000000059970764
0.4323242187500000	0.5000000000000000	-0.0000000059800712
0.4325195312500001	0.5000000000000000	-0.0000000059946733
0.4327148437500000	0.5000000000000000	-0.0000000059775735
0.5786132812500000	0.5000000000000000	0.0000000059244385
0.5788085937499999	0.5000000000000000	0.0000000059388496
0.4235351562500000	0.5000000000000000	-0.0000000059564237
0.4237304687500000	0.5000000000000000	-0.0000000059414953
0.4243164062500000	0.5000000000000000	-0.0000000059672019
0.4245117187500000	0.5000000000000000	-0.0000000059520859
0.4250976562500001	0.5000000000000000	-0.0000000059766203
0.4252929687500000	0.5000000000000000	-0.0000000059613164
0.4258789062500000	0.5000000000000000	-0.0000000059846592
0.4260742187500001	0.5000000000000000	-0.0000000059691671
0.4262695312500001	0.5000000000000000	-0.0000000059881553
0.4264648437500000	0.5000000000000000	-0.0000000059725689
0.4266601562500001	0.5000000000000000	-0.0000000059912991
0.4268554687500000	0.5000000000000000	-0.0000000059756184
0.4270507812500001	0.5000000000000000	-0.0000000059940885
0.4272460937500000	0.5000000000000000	-0.0000000059783134
0.4274414062500000	0.5000000000000000	-0.0000000059965210
0.4276367187500000	0.5000000000000000	-0.0000000059806516
0.4278320312500000	0.5000000000000000	-0.0000000059985945
0.4280273437500001	0.5000000000000000	-0.0000000059826305
0.4297851562500000	0.5000000000000000	-0.0000000060034967
0.4299804687500000	0.5000000000000000	-0.0000000059870597
0.4301757812500000	0.5000000000000000	-0.0000000060033690
0.4303710937500000	0.5000000000000000	-0.0000000059868373
0.4305664062500000	0.5000000000000000	-0.0000000060028670
0.4307617187500000	0.5000000000000000	-0.0000000059862407
0.4309570312500001	0.5000000000000000	-0.0000000060019888
0.4311523437500000	0.5000000000000000	-0.0000000059852677
0.4329101562500001	0.5000000000000000	-0.0000000059918844
0.4331054687500000	0.5000000000000000	-0.0000000059746899
0.4333007812500000	0.5000000000000000	-0.0000000059887077
0.4334960937500000	0.5000000000000000	-0.0000000059714186
0.4336914062500000	0.5000000000000000	-0.0000000059851416
0.4338867187500000	0.5000000000000000	-0.0000000059677579
0.4340820312500000	0.5000000000000000	-0.0000000059811842
0.4342773437500000	0.5000000000000000	-0.0000000059637061
0.4344726562500000	0.5000000000000000	-0.0000000059768339
0.4346679687500000	0.5000000000000000	-0.0000000059592613
0.4352539062500000	0.5000000000000000	-0.0000000059669482
0.4354492187500000	0.5000000000000000	-0.0000000059491868
0.4360351562500000	0.5000000000000000	-0.0000000059554715
0.4362304687499999	0.5000000000000000	-0.0000000059375216
0.5625976562500000	0.5000000000000000	0.0000000059374076
0.5627929687500000	0.5000000000000000	0.0000000059556826
0.5774414062500001	0.5000000000000000	0.0000000059456688
0.5776367187500000	0.5000000000000000	0.0000000059603594
0.5797851562500000	0.5000000000000000	0.0000000059003255
0.5799804687500000	0.5000000000000000	0.0000000059144583
0.5801757812500000	0.5000000000000000	0.0000000058916600
0.5803710937500001	0.5000000000000000	0.0000000059057003
0.5805664062500001	0.5000000000000000	0.0000000058826851
0.5807617187500000	0.5000000000000000	0.0000000058966331
0.5809570312500001	0.5000000000000000	0.0000000058734037
0.5811523437500000	0.5000000000000000	0.0000000058872596
0.5829101562500001	0.5000000000000000	0.0000000058224983
0.5831054687500000	0.5000000000000000	0.0000000058358960
0.5833007812500001	0.5000000000000000	0.0000000058114376
0.5834960937500001	0.5000000000000000	0.0000000058247443
0.5836914062500002	0.5000000000000000	0.0000000058000906
0.5838867187500001	0.5000000000000000	0.0000000058133063
0.5840820312500001	0.5000000000000000	0.0000000057884600
0.5842773437500001	0.5000000000000000	0.0000000058015851
0.5610351562500000	0.5000000000000000	0.0000000059040857
0.5612304687499999	0.5000000000000000	0.0000000059227351
0.5618164062500001	0.5000000000000000	0.0000000059215630
0.5620117187500000	0.5000000000000000	0.0000000059400255
0.5782226562500000	0.5000000000000000	0.0000000059318391
0.5784179687500000	0.5000000000000000	0.0000000059463433
0.5790039062500000	0.5000000000000000	0.0000000059167175
0.5791992187500000	0.5000000000000000	0.0000000059310357
0.5793945312500001	0.5000000000000000	0.0000000059086789
0.5795898437500000	0.5000000000000000	0.0000000059229044
0.5813476562500001	0.5000000000000000	0.0000000058638186
0.5815429687500000	0.5000000000000000	0.0000000058775825
0.5817382812500000	0.5000000000000000	0.0000000058539327
0.5819335937500000	0.5000000000000000	0.0000000058676048
0.5821289062500000	0.5000000000000000	0.0000000058437487
0.5823242187500001	0.5000000000000000	0.0000000058573292
0.5825195312500001	0.5000000000000000	0.0000000058332696
0.5827148437500000	0.5000000000000000	0.0000000058467586
0.5844726562500001	0.5000000000000000	0.0000000057765490
0.5846679687500000	0.5000000000000000	0.0000000057895836
0.5848632812500001	0.5000000000000000	0.0000000057643605
0.5850585937500000	0.5000000000000000	0.0000000057773049
0.5852539062500001	0.5000000000000000	0.0000000057518974
0.5854492187500001	0.5000000000000000	0.0000000057647517
0.5856445312500002	0.5000000000000000	0.0000000057391629
0.5858398437500001	0.5000000000000000	0.0000000057519273
0.5860351562500001	0.5000000000000000	0.0000000057261598
0.5862304687500001	0.5000000000000000	0.0000000057388346
0.5864257812500001	0.5000000000000000	0.0000000057128912
0.5866210937500002	0.5000000000000000	0.0000000057254766
0.5868164062500002	0.5000000000000000	0.0000000056993602
0.5870117187500001	0.5000000000000000	0.0000000057118565
0.5872070312500002	0.5000000000000000	0.0000000056855698
0.5874023437500001	0.5000000000000000	0.0000000056979771
0.5563476562500000	0.5000000000000000	0.0000000057644562
0.5565429687500000	0.5000000000000000	0.0000000057842149
0.5567382812500000	0.5000000000000000	0.0000000057783896
0.5569335937500001	0.5000000000000000	0.0000000057980568
0.5571289062500001	0.5000000000000000	0.0000000057919027
0.5573242187500000	0.5000000000000000	0.0000000058114783
0.5575195312500001	0.5000000000000000	0.0000000058049962
0.5577148437500000	0.5000000000000000	0.0000000058244800
0.5579101562500001	0.5000000000000000	0.0000000058176708
0.5581054687500000	0.5000000000000000	0.0000000058370626
0.5583007812500000	0.5000000000000000	0.0000000058299273
0.5584960937500000	0.5000000000000000	0.0000000058492269
0.5586914062500000	0.5000000000000000	0.0000000058417664
0.5588867187500000	0.5000000000000000	0.0000000058609735
0.5590820312500000	0.5000000000000000	0.0000000058531889
0.5592773437499999	0.5000000000000000	0.0000000058723035
0.5594726562500000	0.5000000000000000	0.0000000058641957
0.5596679687499999	0.5000000000000000	0.0000000058832176
0.5598632812500000	0.5000000000000000	0.0000000058747878
0.5600585937499999	0.5000000000000000	0.0000000058937168
0.5602539062499999	0.5000000000000000	0.0000000058849662
0.5604492187500000	0.5000000000000000	0.0000000059038021
0.5606445312500000	0.5000000000000000	0.0000000058947317
0.5608398437500000	0.5000000000000000	0.0000000059134745
0.5875976562500002	0.5000000000000000	0.0000000056715231
0.5877929687500001	0.5000000000000000	0.0000000056838417
0.5879882812500001	0.5000000000000000	0.0000000056572232
0.5881835937500001	0.5000000000000000	0.0000000056694533
0.5883789062500001	0.5000000000000000	0.0000000056426730
0.5885742187500002	0.5000000000000000	0.0000000056548150
0.5887695312500002	0.5000000000000000	0.0000000056278759
0.5889648437500001	0.5000000000000000	0.0000000056399298
0.5891601562500002	0.5000000000000000	0.0000000056128347
0.5893554687500001	0.5000000000000000	0.0000000056248010
0.5895507812500002	0.5000000000000000	0.0000000055975527
0.5897460937500002	0.5000000000000000	0.0000000056094315
0.5899414062500002	0.5000000000000000	0.0000000055820330
0.5901367187500002	0.5000000000000000	0.0000000055938246
0.5903320312500002	0.5000000000000000	0.0000000055662787
0.5905273437500002	0.5000000000000000	0.0000000055779833
0.5907226562500002	0.5000000000000000	0.0000000055502929
0.5909179687500001	0.5000000000000000	0.0000000055619109
0.5911132812500002	0.5000000000000000	0.0000000055340787
0.5913085937500001	0.5000000000000000	0.0000000055456104
0.5915039062500002	0.5000000000000000	0.0000000055176394
0.5916992187500001	0.5000000000000000	0.0000000055290849
0.5918945312500001	0.5000000000000000	0.0000000055009781
0.5920898437500001	0.5000000000000000	0.0000000055123377
0.5922851562500001	0.5000000000000000	0.0000000054840978
0.5924804687500000	0.5000000000000000	0.0000000054953719
0.5926757812500001	0.5000000000000000	0.0000000054670019
0.5928710937500000	0.5000000000000000	0.0000000054781907
0.5930664062500001	0.5000000000000000	0.0000000054496934
0.5932617187500001	0.5000000000000000	0.0000000054607972
0.5934570312500002	0.5000000000000000	0.0000000054321755
0.5936523437500001	0.5000000000000000	0.0000000054431946
0.5938476562500001	0.5000000000000000	0.0000000054144513
0.5940429687500001	0.5000000000000000	0.0000000054253861
0.5942382812500001	0.5000000000000000	0.0000000053965242
0.5944335937500002	0.5000000000000000	0.0000000054073748
0.5946289062500002	0.5000000000000000	0.0000000053783971
0.5948242187500001	0.5000000000000000	0.0000000053891639
0.5950195312500002	0.5000000000000000	0.0000000053600733
0.5952148437500001	0.5000000000000000	0.0000000053707567
0.5954101562500002	0.5000000000000000	0.0000000053415560
0.5956054687500001	0.5000000000000000	0.0000000053521562
0.5958007812500001	0.5000000000000000	0.0000000053228484
0.5959960937500001	0.5000000000000000	0.0000000053333656
0.5961914062500001	0.5000000000000000	0.0000000053039535
0.5963867187500000	0.5000000000000000	0.0000000053143882
0.5965820312500001	0.5000000000000000	0.0000000052848747
0.5967773437500000	0.5000000000000000	0.0000000052952271
0.4063476562500000	0.5000000000000000	-0.0000000054200825
0.4065429687500000	0.5000000000000000	-0.0000000054091018
0.4067382812500000	0.5000000000000000	-0.0000000054376733
0.4069335937500000	0.5000000000000000	-0.0000000054266079
0.4071289062500000	0.5000000000000000	-0.0000000054550560
0.4073242187500000	0.5000000000000000	-0.0000000054439058
0.4075195312500001	0.5000000000000000	-0.0000000054722277
0.4077148437500000	0.5000000000000000	-0.0000000054609924
0.4079101562500000	0.5000000000000000	-0.0000000054891852
0.4081054687500000	0.5000000000000000	-0.0000000054778645
0.4083007812500000	0.5000000000000000	-0.0000000055059253
0.4084960937500001	0.5000000000000000	-0.0000000054945188
0.4086914062500000	0.5000000000000000	-0.0000000055224449
0.4088867187500000	0.5000000000000000	-0.0000000055109524
0.4090820312500001	0.5000000000000000	-0.0000000055387407
0.4092773437500000	0.5000000000000000	-0.0000000055271620
0.4125976562500000	0.5000000000000000	-0.0000000056748193
0.4127929687500000	0.5000000000000000	-0.0000000056624524
0.4129882812500001	0.5000000000000000	-0.0000000056887061
0.4131835937500000	0.5000000000000000	-0.0000000056762504
0.4133789062500001	0.5000000000000000	-0.0000000057023350
0.4135742187500000	0.5000000000000000	-0.0000000056897901
0.4137695312500000	0.5000000000000000	-0.0000000057157029
0.4139648437500000	0.5000000000000000	-0.0000000057030687
0.4141601562500000	0.5000000000000000	-0.0000000057288067
0.4143554687500000	0.5000000000000000	-0.0000000057160831
0.4145507812500000	0.5000000000000000	-0.0000000057416435
0.4147460937500000	0.5000000000000000	-0.0000000057288301
0.4149414062500000	0.5000000000000000	-0.0000000057542102
0.4151367187500000	0.5000000000000000	-0.0000000057413068
0.4153320312500001	0.5000000000000000	-0.0000000057665038
0.4155273437500000	0.5000000000000000	-0.0000000057535103
0.4157226562500000	0.5000000000000000	-0.0000000057785212
0.4159179687500000	0.5000000000000000	-0.0000000057654374
0.4161132812500000	0.5000000000000000	-0.0000000057902596
0.4163085937500001	0.5000000000000000	-0.0000000057770852
0.4165039062500000	0.5000000000000000	-0.0000000058017160
0.4166992187500000	0.5000000000000000	-0.0000000057884508
0.4168945312500001	0.5000000000000000	-0.0000000058128875
0.4170898437500000	0.5000000000000000	-0.0000000057995312
0.4172851562500001	0.5000000000000000	-0.0000000058237709
0.4174804687500000	0.5000000000000000	-0.0000000058103235
0.4176757812500000	0.5000000000000000	-0.0000000058343635
0.4178710937500001	0.5000000000000000	-0.0000000058208247
0.4180664062500000	0.5000000000000000	-0.0000000058446624
0.4182617187500001	0.5000000000000000	-0.0000000058310321
0.4184570312500001	0.5000000000000000	-0.0000000058546646
0.4186523437500000	0.5000000000000000	-0.0000000058409426
0.4188476562500001	0.5000000000000000	-0.0000000058643674
0.4190429687500000	0.5000000000000000	-0.0000000058505534
0.4192382812500001	0.5000000000000000	-0.0000000058737678
0.4194335937500001	0.5000000000000000	-0.0000000058598618
0.4196289062500000	0.5000000000000000	-0.0000000058828631
0.4198242187500001	0.5000000000000000	-0.0000000058688648
0.4200195312500001	0.5000000000000000	-0.0000000058916503
0.4202148437500001	0.5000000000000000	-0.0000000058775596
0.4204101562500001	0.5000000000000000	-0.0000000059001268
0.4206054687500000	0.5000000000000000	-0.0000000058859436
0.4208007812500001	0.5000000000000000	-0.0000000059082898
0.4209960937500000	0.5000000000000000	-0.0000000058940138
0.4211914062500001	0.5000000000000000	-0.0000000059161364
0.4213867187500000	0.5000000000000000	-0.0000000059017677
0.4215820312500000	0.5000000000000000	-0.0000000059236641
0.4217773437500001	0.5000000000000000	-0.0000000059092024
0.4219726562500000	0.5000000000000000	-0.0000000059308701
0.4221679687500001	0.5000000000000000	-0.0000000059163153
0.4223632812500001	0.5000000000000000	-0.0000000059377517
0.4225585937500000	0.5000000000000000	-0.0000000059231036
0.4227539062500001	0.5000000000000000	-0.0000000059443062
0.4229492187500000	0.5000000000000000	-0.0000000059295648
0.4231445312500001	0.5000000000000000	-0.0000000059505311
0.4233398437500000	0.5000000000000000	-0.0000000059356963
0.4239257812500000	0.5000000000000000	-0.0000000059619815
0.4241210937500001	0.5000000000000000	-0.0000000059469593
0.4247070312500001	0.5000000000000000	-0.0000000059720823
0.4249023437500000	0.5000000000000000	-0.0000000059568724
0.4254882812500000	0.5000000000000000	-0.0000000059808135
0.4256835937500001	0.5000000000000000	-0.0000000059654155
0.4348632812500001	0.5000000000000000	-0.0000000059720891
0.4350585937500000	0.5000000000000000	-0.0000000059544221
0.4356445312500000	0.5000000000000000	-0.0000000059614095
0.4358398437500000	0.5000000000000000	-0.0000000059435538
0.4364257812500000	0.5000000000000000	-0.0000000059491328
0.4366210937500000	0.5000000000000000	-0.0000000059310888
0.4368164062500000	0.5000000000000000	-0.0000000059423920
0.4370117187500000	0.5000000000000000	-0.0000000059242539
0.4372070312500000	0.5000000000000000	-0.0000000059352475
0.4374023437500000	0.5000000000000000	-0.0000000059170155
0.4375976562500000	0.5000000000000000	-0.0000000059276981
0.4377929687500000	0.5000000000000000	-0.0000000059093722
0.4379882812500000	0.5000000000000000	-0.0000000059197424
0.4381835937500000	0.5000000000000000	-0.0000000059013228
0.4383789062500000	0.5000000000000000	-0.0000000059113792
0.4385742187500000	0.5000000000000000	-0.0000000058928660
0.4387695312500001	0.5000000000000000	-0.0000000059026073
0.4389648437500000	0.5000000000000000	-0.0000000058840006
0.4391601562500000	0.5000000000000000	-0.0000000058934254
0.4393554687500000	0.5000000000000000	-0.0000000058747253
0.4395507812500000	0.5000000000000000	-0.0000000058838325
0.4397460937500000	0.5000000000000000	-0.0000000058650391
0.4399414062500000	0.5000000000000000	-0.0000000058738274
0.4401367187499999	0.5000000000000000	-0.0000000058549410
0.4403320312500000	0.5000000000000000	-0.0000000058634091
0.4405273437500000	0.5000000000000000	-0.0000000058444297
0.4407226562500000	0.5000000000000000	-0.0000000058525766
0.4409179687500000	0.5000000000000000	-0.0000000058335044
0.4411132812500000	0.5000000000000000	-0.0000000058413289
0.4413085937500000	0.5000000000000000	-0.0000000058221641
0.4415039062500000	0.5000000000000000	-0.0000000058296652
0.4416992187500000	0.5000000000000000	-0.0000000058104079
0.4418945312500000	0.5000000000000000	-0.0000000058175846
0.4420898437499999	0.5000000000000000	-0.0000000057982350
0.4422851562500000	0.5000000000000000	-0.0000000058050862
0.4424804687499999	0.5000000000000000	-0.0000000057856446
0.4426757812500000	0.5000000000000000	-0.0000000057921695
0.4428710937500000	0.5000000000000000	-0.0000000057726359
0.4430664062499999	0.5000000000000000	-0.0000000057788335
0.4432617187500000	0.5000000000000000	-0.0000000057592082
0.4434570312500000	0.5000000000000000	-0.0000000057650776
0.4436523437500000	0.5000000000000000	-0.0000000057453608
0.4438476562500000	0.5000000000000000	-0.0000000057509013
0.4440429687499999	0.5000000000000000	-0.0000000057310931
0.4442382812500000	0.5000000000000000	-0.0000000057363040
0.4444335937500000	0.5000000000000000	-0.0000000057164047
0.4446289062500000	0.5000000000000000	-0.0000000057212851
0.4448242187500000	0.5000000000000000	-0.0000000057012949
0.4450195312500000	0.5000000000000000	-0.0000000057058442
0.4452148437500000	0.5000000000000000	-0.0000000056857634
0.4454101562500000	0.5000000000000000	-0.0000000056899809
0.4456054687500000	0.5000000000000000	-0.0000000056698097
0.4458007812500000	0.5000000000000000	-0.0000000056736948
0.4459960937500000	0.5000000000000000	-0.0000000056534334
0.4461914062500000	0.5000000000000000	-0.0000000056569857
0.4463867187500000	0.5000000000000000	-0.0000000056366343
0.4465820312500001	0.5000000000000000	-0.0000000056398532
0.4467773437500000	0.5000000000000000	-0.0000000056194121
0.5469726562500000	0.5000000000000000	0.0000000053032079
0.5471679687500000	0.5000000000000000	0.0000000053250818
0.5473632812500000	0.5000000000000000	0.0000000053272866
0.5475585937499999	0.5000000000000000	0.0000000053490760
0.5477539062500000	0.5000000000000000	0.0000000053509451
0.5479492187500000	0.5000000000000000	0.0000000053726497
0.5481445312500001	0.5000000000000000	0.0000000053741828
0.5483398437500000	0.5000000000000000	0.0000000053958022
0.5485351562500000	0.5000000000000000	0.0000000053969992
0.5487304687500000	0.5000000000000000	0.0000000054185331
0.5489257812500000	0.5000000000000000	0.0000000054193937
0.5491210937500001	0.5000000000000000	0.0000000054408417
0.5493164062500001	0.5000000000000000	0.0000000054413659
0.5495117187500000	0.5000000000000000	0.0000000054627276
0.5497070312500001	0.5000000000000000	0.0000000054629154
0.5499023437500000	0.5000000000000000	0.0000000054841906
0.5500976562500001	0.5000000000000000	0.0000000054840419
0.5502929687500000	0.5000000000000000	0.0000000055052301
0.5504882812500000	0.5000000000000000	0.0000000055047450
0.5506835937500000	0.5000000000000000	0.0000000055258460
0.5508789062500000	0.5000000000000000	0.0000000055250245
0.5510742187500001	0.5000000000000000	0.0000000055460380
0.5512695312500001	0.5000000000000000	0.0000000055448803
0.5514648437500000	0.5000000000000000	0.0000000055658059
0.5516601562500001	0.5000000000000000	0.0000000055643122
0.5518554687500000	0.5000000000000000	0.0000000055851497
0.5520507812500001	0.5000000000000000	0.0000000055833201
0.5522460937500001	0.5000000000000000	0.0000000056040692
0.5524414062500002	0.5000000000000000	0.0000000056019041
0.5526367187500001	0.5000000000000000	0.0000000056225644
0.5528320312500001	0.5000000000000000	0.0000000056200640
0.5530273437500001	0.5000000000000000	0.0000000056406353
0.5532226562500001	0.5000000000000000	0.0000000056378001
0.5534179687500000	0.5000000000000000	0.0000000056582821
0.5536132812500001	0.5000000000000000	0.0000000056551125
0.5538085937500000	0.5000000000000000	0.0000000056755049
0.5540039062500001	0.5000000000000000	0.0000000056720013
0.5541992187500000	0.5000000000000000	0.0000000056923039
0.5543945312500000	0.5000000000000000	0.0000000056884668
0.5545898437500000	0.5000000000000000	0.0000000057086793
0.5547851562500000	0.5000000000000000	0.0000000057045092
0.5549804687500000	0.5000000000000000	0.0000000057246315
0.5551757812500000	0.5000000000000000	0.0000000057201289
0.5553710937499999	0.5000000000000000	0.0000000057401607
0.5555664062500000	0.5000000000000000	0.0000000057353264
0.5557617187500000	0.5000000000000000	0.0000000057552673
0.5559570312500001	0.5000000000000000	0.0000000057501020
0.5561523437500000	0.5000000000000000	0.0000000057699519
0.4047851562500000	0.5000000000000000	-0.0000000053477042
0.4049804687499999	0.5000000000000000	-0.0000000053370586
0.4051757812500000	0.5000000000000000	-0.0000000053660948
0.4053710937500000	0.5000000000000000	-0.0000000053553659
0.4094726562500001	0.5000000000000000	-0.0000000055548097
0.4096679687500000	0.5000000000000000	-0.0000000055431444
0.4098632812500000	0.5000000000000000	-0.0000000055706486
0.4100585937500001	0.5000000000000000	-0.0000000055588966
0.4102539062500000	0.5000000000000000	-0.0000000055862545
0.4104492187500001	0.5000000000000000	-0.0000000055744154
0.4106445312500001	0.5000000000000000	-0.0000000056016241
0.4108398437500000	0.5000000000000000	-0.0000000055896976
0.4110351562500001	0.5000000000000000	-0.0000000056167544
0.4112304687500000	0.5000000000000000	-0.0000000056047403
0.4114257812500001	0.5000000000000000	-0.0000000056316421
0.4116210937500000	0.5000000000000000	-0.0000000056195401
0.4118164062500000	0.5000000000000000	-0.0000000056462842
0.4120117187500000	0.5000000000000000	-0.0000000056340942
0.4122070312500000	0.5000000000000000	-0.0000000056606776
0.4124023437500001	0.5000000000000000	-0.0000000056483993
0.4469726562500000	0.5000000000000000	-0.0000000056222970
0.4471679687500000	0.5000000000000000	-0.0000000056017666
0.4473632812500000	0.5000000000000000	-0.0000000056043172
0.4475585937500001	0.5000000000000000	-0.0000000055836977
0.4477539062500000	0.5000000000000000	-0.0000000055859136
0.4479492187500000	0.5000000000000000	-0.0000000055652052
0.4481445312500001	0.5000000000000000	-0.0000000055670861
0.4483398437500000	0.5000000000000000	-0.0000000055462891
0.4485351562500001	0.5000000000000000	-0.0000000055478347
0.4487304687500000	0.5000000000000000	-0.0000000055269495
0.4489257812500000	0.5000000000000000	-0.0000000055281595
0.4491210937500000	0.5000000000000000	-0.0000000055071863
0.4493164062500000	0.5000000000000000	-0.0000000055080606
0.4495117187500000	0.5000000000000000	-0.0000000054869996
0.4497070312500000	0.5000000000000000	-0.0000000054875381
0.4499023437500000	0.5000000000000000	-0.0000000054663898
0.4500976562500000	0.5000000000000000	-0.0000000054665922
0.4502929687500000	0.5000000000000000	-0.0000000054453569
0.4504882812500001	0.5000000000000000	-0.0000000054452234
0.4506835937500000	0.5000000000000000	-0.0000000054239013
0.4508789062500000	0.5000000000000000	-0.0000000054234317
0.4510742187500000	0.5000000000000000	-0.0000000054020232
0.4512695312500000	0.5000000000000000	-0.0000000054012176
0.4514648437500000	0.5000000000000000	-0.0000000053797231
0.4516601562500000	0.5000000000000000	-0.0000000053785816
0.4518554687499999	0.5000000000000000	-0.0000000053570014
0.4520507812500000	0.5000000000000000	-0.0000000053555241
0.4522460937500000	0.5000000000000000	-0.0000000053338585
0.5461914062500001	0.5000000000000000	0.0000000052537927
0.5463867187500000	0.5000000000000000	0.0000000052758344
0.5465820312500000	0.5000000000000000	0.0000000052787097
0.5467773437500000	0.5000000000000000	0.0000000053006677
0.5969726562500001	0.5000000000000000	0.0000000052656150
0.5971679687500000	0.5000000000000000	0.0000000052758855
0.5973632812500000	0.5000000000000000	0.0000000052461776
0.5975585937500000	0.5000000000000000	0.0000000052563665
0.5977539062500000	0.5000000000000000	0.0000000052265658
0.5979492187500001	0.5000000000000000	0.0000000052366734
0.5981445312500001	0.5000000000000000	0.0000000052067826
0.5983398437500000	0.5000000000000000	0.0000000052168092
0.5985351562500001	0.5000000000000000	0.0000000051868312
0.5987304687500000	0.5000000000000000	0.0000000051967772
0.5989257812500001	0.5000000000000000	0.0000000051667148
0.5991210937500001	0.5000000000000000	0.0000000051765804
0.5993164062500002	0.5000000000000000	0.0000000051464365
0.5995117187500001	0.5000000000000000	0.0000000051562222
0.5997070312500001	0.5000000000000000	0.0000000051259995
0.5999023437500001	0.5000000000000000	0.0000000051357056
0.4000976562500000	0.5000000000000000	-0.0000000051129436
0.4002929687500000	0.5000000000000000	-0.0000000051032735
0.4004882812500000	0.5000000000000000	-0.0000000051334297
0.4006835937500001	0.5000000000000000	-0.0000000051236801
0.4008789062500000	0.5000000000000000	-0.0000000051537586
0.4010742187500000	0.5000000000000000	-0.0000000051439292
0.4012695312500001	0.5000000000000000	-0.0000000051739271
0.4014648437500000	0.5000000000000000	-0.0000000051640176
0.4016601562500001	0.5000000000000000	-0.0000000051939320
0.4018554687500000	0.5000000000000000	-0.0000000051839420
0.4020507812500000	0.5000000000000000	-0.0000000052137702
0.4022460937500000	0.5000000000000000	-0.0000000052036994
0.4024414062500000	0.5000000000000000	-0.0000000052334386
0.4026367187500000	0.5000000000000000	-0.0000000052232866
0.4028320312500000	0.5000000000000000	-0.0000000052529339
0.4030273437500000	0.5000000000000000	-0.0000000052427005
0.4032226562500000	0.5000000000000000	-0.0000000052722530
0.4034179687500000	0.5000000000000000	-0.0000000052619378
0.4036132812500001	0.5000000000000000	-0.0000000052913927
0.4038085937500000	0.5000000000000000	-0.0000000052809954
0.4040039062500000	0.5000000000000000	-0.0000000053103500
0.4041992187500000	0.5000000000000000	-0.0000000052998702
0.4043945312500000	0.5000000000000000	-0.0000000053291215
0.4045898437500000	0.5000000000000000	-0.0000000053185590
0.4055664062500000	0.5000000000000000	-0.0000000053842902
0.4057617187500000	0.5000000000000000	-0.0000000053734776
0.4059570312500000	0.5000000000000000	-0.0000000054022871
0.4061523437500000	0.5000000000000000	-0.0000000053913906
0.4524414062500000	0.5000000000000000	-0.0000000053320456
0.4526367187500000	0.5000000000000000	-0.0000000053102951
0.4528320312500000	0.5000000000000000	-0.0000000053081468
0.4530273437500000	0.5000000000000000	-0.0000000052863116
0.4532226562500000	0.5000000000000000	-0.0000000052838283
0.4534179687500000	0.5000000000000000	-0.0000000052619088
0.4536132812500000	0.5000000000000000	-0.0000000052590907
0.4538085937500000	0.5000000000000000	-0.0000000052370873
0.4540039062500000	0.5000000000000000	-0.0000000052339349
0.4541992187500000	0.5000000000000000	-0.0000000052118480
0.4543945312500001	0.5000000000000000	-0.0000000052083617
0.4545898437500000	0.5000000000000000	-0.0000000051861917
0.4547851562500000	0.5000000000000000	-0.0000000051823718
0.4549804687500000	0.5000000000000000	-0.0000000051601191
0.4551757812500000	0.5000000000000000	-0.0000000051559663
0.4553710937500001	0.5000000000000000	-0.0000000051336313
0.4555664062500000	0.5000000000000000	-0.0000000051291460
0.4557617187500000	0.5000000000000000	-0.0000000051067292
0.4559570312500001	0.5000000000000000	-0.0000000051019121
0.4561523437500000	0.5000000000000000	-0.0000000050794138
0.4563476562500001	0.5000000000000000	-0.0000000050742656
0.4565429687500000	0.5000000000000000	-0.0000000050516863
0.4567382812500000	0.5000000000000000	-0.0000000050462076
0.4569335937500001	0.5000000000000000	-0.0000000050235477
0.4571289062500000	0.5000000000000000	-0.0000000050177394
0.4573242187500001	0.5000000000000000	-0.0000000049949994
0.4575195312500001	0.5000000000000000	-0.0000000049888622
0.4577148437500000	0.5000000000000000	-0.0000000049660424
0.4579101562500001	0.5000000000000000	-0.0000000049595772
0.4581054687500000	0.5000000000000000	-0.0000000049366782
0.4583007812500001	0.5000000000000000	-0.0000000049298860
0.4584960937500000	0.5000000000000000	-0.0000000049069082
0.4586914062500000	0.5000000000000000	-0.0000000048997898
0.4588867187500000	0.5000000000000000	-0.0000000048767336
0.4590820312500000	0.5000000000000000	-0.0000000048692900
0.4592773437500001	0.5000000000000000	-0.0000000048461561
0.4594726562500000	0.5000000000000000	-0.0000000048383884
0.4596679687500000	0.5000000000000000	-0.0000000048151771
0.4598632812500001	0.5000000000000000	-0.0000000048070864
0.4600585937500000	0.5000000000000000	-0.0000000047837982
0.4602539062500001	0.5000000000000000	-0.0000000047753857
0.4604492187500000	0.5000000000000000	-0.0000000047520211
0.4606445312500000	0.5000000000000000	-0.0000000047432878
0.4608398437500000	0.5000000000000000	-0.0000000047198474
0.4610351562500000	0.5000000000000000	-0.0000000047107948
0.4612304687500000	0.5000000000000000	-0.0000000046872789
0.4614257812500000	0.5000000000000000	-0.0000000046779082
0.4616210937500000	0.5000000000000000	-0.0000000046543175
0.4618164062500000	0.5000000000000000	-0.0000000046446299
0.4620117187500000	0.5000000000000000	-0.0000000046209649
0.4622070312500001	0.5000000000000000	-0.0000000046109619
0.4624023437500000	0.5000000000000000	-0.0000000045872231
0.5372070312500001	0.5000000000000000	0.0000000045676024
0.5374023437500001	0.5000000000000000	0.0000000045914480
0.5375976562500001	0.5000000000000000	0.0000000046018254
0.5377929687500000	0.5000000000000000	0.0000000046255979
0.5379882812500001	0.5000000000000000	0.0000000046356614
0.5381835937500000	0.5000000000000000	0.0000000046593604
0.5383789062500001	0.5000000000000000	0.0000000046691085
0.5385742187500001	0.5000000000000000	0.0000000046927333
0.5387695312500002	0.5000000000000000	0.0000000047021646
0.5389648437500001	0.5000000000000000	0.0000000047257149
0.5391601562500001	0.5000000000000000	0.0000000047348280
0.5393554687500001	0.5000000000000000	0.0000000047583031
0.5395507812500001	0.5000000000000000	0.0000000047670968
0.5397460937500002	0.5000000000000000	0.0000000047904962
0.5399414062500002	0.5000000000000000	0.0000000047989692
0.5401367187500001	0.5000000000000000	0.0000000048222925
0.5403320312500002	0.5000000000000000	0.0000000048304435
0.5405273437500001	0.5000000000000000	0.0000000048536902
0.5407226562500002	0.5000000000000000	0.0000000048615181
0.5409179687500001	0.5000000000000000	0.0000000048846876
0.5411132812500001	0.5000000000000000	0.0000000048921914
0.5413085937500001	0.5000000000000000	0.0000000049152833
0.5415039062500001	0.5000000000000000	0.0000000049224618
0.5416992187500000	0.5000000000000000	0.0000000049454755
0.5418945312500001	0.5000000000000000	0.0000000049523278
0.5420898437500000	0.5000000000000000	0.0000000049752630
0.5422851562500001	0.5000000000000000	0.0000000049817880
0.5424804687500000	0.5000000000000000	0.0000000050046441
0.5426757812500000	0.5000000000000000	0.0000000050108409
0.5428710937500000	0.5000000000000000	0.0000000050336176
0.5430664062500000	0.5000000000000000	0.0000000050394854
0.5432617187500001	0.5000000000000000	0.0000000050621821
0.5434570312500001	0.5000000000000000	0.0000000050677200
0.5436523437500000	0.5000000000000000	0.0000000050903364
0.5438476562500001	0.5000000000000000	0.0000000050955437
0.5440429687500000	0.5000000000000000	0.0000000051180792
0.5442382812500001	0.5000000000000000	0.0000000051229551
0.5444335937500001	0.5000000000000000	0.0000000051454093
0.5446289062500002	0.5000000000000000	0.0000000051499533
0.5448242187500001	0.5000000000000000	0.0000000051723258
0.5450195312500001	0.5000000000000000	0.0000000051765370
0.5452148437500001	0.5000000000000000	0.0000000051988275
0.5454101562500001	0.5000000000000000	0.0000000052027055
0.5456054687500000	0.5000000000000000	0.0000000052249135
0.5458007812500001	0.5000000000000000	0.0000000052284577
0.5459960937500000	0.5000000000000000	0.0000000052505827
0.6000976562500001	0.5000000000000000	0.0000000051054070
0.6002929687500000	0.5000000000000000	0.0000000051150337
0.6004882812500001	0.5000000000000000	0.0000000050846619
0.6006835937500000	0.5000000000000000	0.0000000050942097
0.6008789062500001	0.5000000000000000	0.0000000050637676
0.6010742187500001	0.5000000000000000	0.0000000050732368
0.6012695312500002	0.5000000000000000	0.0000000050427271
0.6014648437500001	0.5000000000000000	0.0000000050521180
0.6016601562500001	0.5000000000000000	0.0000000050215436
0.6018554687500001	0.5000000000000000	0.0000000050308565
0.6020507812500001	0.5000000000000000	0.0000000050002201
0.6022460937500002	0.5000000000000000	0.0000000050094554
0.6024414062500002	0.5000000000000000	0.0000000049787597
0.6026367187500001	0.5000000000000000	0.0000000049879179
0.6028320312500002	0.5000000000000000	0.0000000049571656
0.6030273437500001	0.5000000000000000	0.0000000049662469
0.6032226562500002	0.5000000000000000	0.0000000049354408
0.6034179687500001	0.5000000000000000	0.0000000049444456
0.6036132812500001	0.5000000000000000	0.0000000049135884
0.6038085937500001	0.5000000000000000	0.0000000049225170
0.6040039062500001	0.5000000000000000	0.0000000048916115
0.6041992187500000	0.5000000000000000	0.0000000049004644
0.6043945312500001	0.5000000000000000	0.0000000048695132
0.6045898437500000	0.5000000000000000	0.0000000048782906
0.6047851562500001	0.5000000000000000	0.0000000048472964
0.6049804687500000	0.5000000000000000	0.0000000048559987
0.6051757812500000	0.5000000000000000	0.0000000048249643
0.6053710937500000	0.5000000000000000	0.0000000048335919
0.6055664062500000	0.5000000000000000	0.0000000048025198
0.6057617187500001	0.5000000000000000	0.0000000048110730
0.6059570312500001	0.5000000000000000	0.0000000047799660
0.6061523437500000	0.5000000000000000	0.0000000047884452
0.6063476562500001	0.5000000000000000	0.0000000047573058
0.6065429687500000	0.5000000000000000	0.0000000047657115
0.6067382812500001	0.5000000000000000	0.0000000047345423
0.6069335937500001	0.5000000000000000	0.0000000047428747
0.6071289062500002	0.5000000000000000	0.0000000047116785
0.6073242187500001	0.5000000000000000	0.0000000047199380
0.6075195312500001	0.5000000000000000	0.0000000046887172
0.6077148437500001	0.5000000000000000	0.0000000046969043
0.6079101562500001	0.5000000000000000	0.0000000046656616
0.6081054687500000	0.5000000000000000	0.0000000046737765
0.6083007812500001	0.5000000000000000	0.0000000046425144
0.6084960937500000	0.5000000000000000	0.0000000046505576
0.6086914062500001	0.5000000000000000	0.0000000046192787
0.6088867187500000	0.5000000000000000	0.0000000046272505
0.6090820312500000	0.5000000000000000	0.0000000045959573
0.6092773437500000	0.5000000000000000	0.0000000046038581
0.6098632812500000	0.5000000000000000	0.0000000045490691
0.6100585937499999	0.5000000000000000	0.0000000045568291
0.3907226562500000	0.5000000000000000	-0.0000000045821472
0.3909179687500000	0.5000000000000000	-0.0000000045742782
0.3915039062500000	0.5000000000000000	-0.0000000046287369
0.3916992187500000	0.5000000000000000	-0.0000000046207260
0.3918945312500001	0.5000000000000000	-0.0000000046519023
0.3920898437500000	0.5000000000000000	-0.0000000046438199
0.3922851562500000	0.5000000000000000	-0.0000000046749777
0.3924804687500000	0.5000000000000000	-0.0000000046668232
0.3926757812500000	0.5000000000000000	-0.0000000046979599
0.3928710937500001	0.5000000000000000	-0.0000000046897331
0.3930664062500000	0.5000000000000000	-0.0000000047208460
0.3932617187500000	0.5000000000000000	-0.0000000047125466
0.3934570312500001	0.5000000000000000	-0.0000000047436332
0.3936523437500000	0.5000000000000000	-0.0000000047352607
0.3938476562500001	0.5000000000000000	-0.0000000047663185
0.3940429687500000	0.5000000000000000	-0.0000000047578725
0.3942382812500000	0.5000000000000000	-0.0000000047888987
0.3944335937500001	0.5000000000000000	-0.0000000047803789
0.3946289062500000	0.5000000000000000	-0.0000000048113710
0.3948242187500001	0.5000000000000000	-0.0000000048027770
0.3950195312500001	0.5000000000000000	-0.0000000048337323
0.3952148437500000	0.5000000000000000	-0.0000000048250638
0.3954101562500001	0.5000000000000000	-0.0000000048559797
0.3956054687500000	0.5000000000000000	-0.0000000048472362
0.3958007812500001	0.5000000000000000	-0.0000000048781100
0.3959960937500000	0.5000000000000000	-0.0000000048692913
0.3961914062500000	0.5000000000000000	-0.0000000049001203
0.3963867187500000	0.5000000000000000	-0.0000000048912260
0.3965820312500000	0.5000000000000000	-0.0000000049220075
0.3967773437500001	0.5000000000000000	-0.0000000049130372
0.3969726562500000	0.5000000000000000	-0.0000000049437684
0.3971679687500000	0.5000000000000000	-0.0000000049347218
0.3973632812500001	0.5000000000000000	-0.0000000049654001
0.3975585937500000	0.5000000000000000	-0.0000000049562768
0.3977539062500001	0.5000000000000000	-0.0000000049868996
0.3979492187500000	0.5000000000000000	-0.0000000049776992
0.3981445312500000	0.5000000000000000	-0.0000000050082636
0.3983398437500000	0.5000000000000000	-0.0000000049989858
0.3985351562500000	0.5000000000000000	-0.0000000050294891
0.3987304687500000	0.5000000000000000	-0.0000000050201335
0.3989257812500000	0.5000000000000000	-0.0000000050505729
0.3991210937500000	0.5000000000000000	-0.0000000050411392
0.3993164062500000	0.5000000000000000	-0.0000000050715120
0.3995117187500000	0.5000000000000000	-0.0000000050619999
0.3997070312500001	0.5000000000000000	-0.0000000050923033
0.3999023437500000	0.5000000000000000	-0.0000000050827124
