0.9250000000000000	0.5000000000000000	0.0000000000552519
0.9750000000000000	0.5000000000000000	0.0000000000006266
0.8125000000000000	0.5000000000000000	0.0000000474696377
0.8375000000000001	0.5000000000000000	0.0000000097927762
0.8625000000000000	0.5000000000000000	0.0000000017686900
0.8875000000000000	0.5000000000000000	0.0000000002798407
0.7812500000000000	0.5000000000000000	0.0000000701676649
0.1093750000000000	0.5000000000000000	-0.0000000000136213
0.1156250000000000	0.5000000000000000	-0.0000000000219483
0.1218750000000000	0.5000000000000000	-0.0000000000350750
0.1281250000000000	0.5000000000000000	-0.0000000000555913
0.1343750000000000	0.5000000000000000	-0.0000000000873824
0.1406250000000000	0.5000000000000000	-0.0000000001362219
0.1468750000000000	0.5000000000000000	-0.0000000002106061
0.1531250000000000	0.5000000000000000	-0.0000000003229182
0.1593750000000000	0.5000000000000000	-0.0000000004910291
0.1656250000000000	0.5000000000000000	-0.0000000007404751
0.1718750000000000	0.5000000000000000	-0.0000000011073820
0.1781250000000000	0.5000000000000000	-0.0000000016423391
0.1843750000000000	0.5000000000000000	-0.0000000024154665
0.2031250000000000	0.5000000000000000	-0.0000000073078584
0.2093750000000000	0.5000000000000000	-0.0000000103933360
0.1906250000000000	0.5000000000000000	-0.0000000035229461
0.1968750000000000	0.5000000000000000	-0.0000000050953185
0.7656250000000000	0.5000000000000000	0.0000000393547738
0.7718750000000000	0.5000000000000000	0.0000000286170640
0.7906250000000001	0.5000000000000000	0.0000000104595692
0.7968750000000000	0.5000000000000000	0.0000000073528018
0.4984375000000000	0.5000000000000000	-0.0000000584742992
0.7265625000000002	0.5000000000000000	0.0000000591476993
0.7296875000000000	0.5000000000000000	0.0000000518680870
0.7328125000000001	0.5000000000000000	0.0000000453856577
0.7359374999999999	0.5000000000000000	0.0000000396273611
0.2640625000000000	0.5000000000000000	-0.0000000395696997
0.2671875000000000	0.5000000000000000	-0.0000000453174348
0.2703125000000001	0.5000000000000000	-0.0000000517875813
0.2734375000000000	0.5000000000000000	-0.0000000590529471
0.7390625000000001	0.5000000000000000	0.0000000345248493
0.7421875000000000	0.5000000000000000	0.0000000300144558
0.7453125000000000	0.5000000000000000	0.0000000260371260
0.7484375000000000	0.5000000000000000	0.0000000225383063
0.2515625000000000	0.5000000000000000	-0.0000000225096701
0.2546875000000000	0.5000000000000000	-0.0000000260028720
0.2578125000000000	0.5000000000000000	-0.0000000299735964
0.2609375000000000	0.5000000000000000	-0.0000000344762447
0.0015625000000000	0.5000000000000000	-0.0000000000000002
0.0046875000000000	0.5000000000000000	-0.0000000000000003
0.0078125000000000	0.5000000000000000	-0.0000000000000005
0.0109375000000000	0.5000000000000000	-0.0000000000000006
0.0140625000000000	0.5000000000000000	-0.0000000000000009
0.0171875000000000	0.5000000000000000	-0.0000000000000012
0.0203125000000000	0.5000000000000000	-0.0000000000000016
0.0234375000000000	0.5000000000000000	-0.0000000000000021
0.0265625000000000	0.5000000000000000	-0.0000000000000028
0.0296875000000000	0.5000000000000000	-0.0000000000000038
0.0328125000000000	0.5000000000000000	-0.0000000000000051
0.0359375000000000	0.5000000000000000	-0.0000000000000068
0.0390625000000000	0.5000000000000000	-0.0000000000000090
0.0421875000000000	0.5000000000000000	-0.0000000000000120
0.0453125000000000	0.5000000000000000	-0.0000000000000159
0.0484375000000000	0.5000000000000000	-0.0000000000000211
0.0515625000000000	0.5000000000000000	-0.0000000000000280
0.0546875000000000	0.5000000000000000	-0.0000000000000369
0.0578125000000000	0.5000000000000000	-0.0000000000000486
0.0609375000000000	0.5000000000000000	-0.0000000000000639
0.0640625000000000	0.5000000000000000	-0.0000000000000838
0.0671875000000000	0.5000000000000000	-0.0000000000001098
0.0703125000000000	0.5000000000000000	-0.0000000000001434
0.0734375000000000	0.5000000000000000	-0.0000000000001870
0.0765625000000000	0.5000000000000000	-0.0000000000002433
0.0796875000000000	0.5000000000000000	-0.0000000000003159
0.0828125000000000	0.5000000000000000	-0.0000000000004093
0.0859375000000000	0.5000000000000000	-0.0000000000005293
0.0890625000000000	0.5000000000000000	-0.0000000000006831
0.0921875000000000	0.5000000000000000	-0.0000000000008797
0.0953125000000000	0.5000000000000000	-0.0000000000011306
0.0984375000000000	0.5000000000000000	-0.0000000000014500
0.1015625000000000	0.5000000000000000	-0.0000000000018559
0.1046875000000000	0.5000000000000000	-0.0000000000023705
0.2265625000000000	0.5000000000000000	-0.0000000065719917
0.2296875000000000	0.5000000000000000	-0.0000000077227113
0.2328125000000000	0.5000000000000000	-0.0000000090556575
0.2359375000000000	0.5000000000000000	-0.0000000105961049
0.2390625000000000	0.5000000000000000	-0.0000000123722083
0.2421875000000000	0.5000000000000000	-0.0000000144152274
0.2453125000000000	0.5000000000000000	-0.0000000167597525
0.2484375000000000	0.5000000000000000	-0.0000000194439282
0.2140625000000000	0.5000000000000000	-0.0000000033744601
0.2171875000000000	0.5000000000000000	-0.0000000039990363
0.2203125000000000	0.5000000000000000	-0.0000000047292098
0.2234375000000000	0.5000000000000000	-0.0000000055808822
0.7515624999999999	0.5000000000000000	0.0000000194678000
0.7546875000000001	0.5000000000000000	0.0000000167795951
0.7578125000000000	0.5000000000000000	0.0000000144316723
0.7609375000000000	0.5000000000000000	0.0000000123857963
0.5039062500000000	0.5000000000000000	0.0000000412841277
0.5054687499999999	0.5000000000000000	0.0000000599899780
0.6851562500000000	0.5000000000000000	0.0000000681490363
0.6867187500000000	0.5000000000000000	0.0000000647824912
0.3132812500000001	0.5000000000000000	-0.0000000651775340
0.3148437500000000	0.5000000000000000	-0.0000000685671622
0.6882812500000000	0.5000000000000000	0.0000000615473267
0.6898437500000001	0.5000000000000000	0.0000000584406272
0.6914062500000000	0.5000000000000000	0.0000000554593988
0.6929687500000001	0.5000000000000000	0.0000000526005807
0.6945312500000000	0.5000000000000000	0.0000000498610568
0.6960937500000002	0.5000000000000000	0.0000000472376660
0.6976562500000001	0.5000000000000000	0.0000000447272132
0.6992187500000000	0.5000000000000000	0.0000000423264784
0.3007812500000001	0.5000000000000000	-0.0000000425729858
0.3023437500000000	0.5000000000000000	-0.0000000449891294
0.3039062500000000	0.5000000000000000	-0.0000000475158204
0.3054687500000000	0.5000000000000000	-0.0000000501563141
0.3070312500000000	0.5000000000000000	-0.0000000529138420
0.3085937500000001	0.5000000000000000	-0.0000000557916022
0.3101562500000001	0.5000000000000000	-0.0000000587927488
0.3117187500000000	0.5000000000000000	-0.0000000619203815
0.7007812500000001	0.5000000000000000	0.0000000400322264
0.7023437500000000	0.5000000000000000	0.0000000378412152
0.7039062500000000	0.5000000000000000	0.0000000357502046
0.7054687500000001	0.5000000000000000	0.0000000337559635
0.5007812500000000	0.5000000000000000	0.0000000036987902
0.5023437500000001	0.5000000000000000	0.0000000225111021
0.7070312500000000	0.5000000000000000	0.0000000318552771
0.7085937500000001	0.5000000000000000	0.0000000300449542
0.7101562500000000	0.5000000000000000	0.0000000283218325
0.7117187500000002	0.5000000000000000	0.0000000266827850
0.2882812500000000	0.5000000000000000	-0.0000000268319450
0.2898437500000000	0.5000000000000000	-0.0000000284809272
0.2914062500000000	0.5000000000000000	-0.0000000302145637
0.2929687500000001	0.5000000000000000	-0.0000000320360095
0.2945312500000001	0.5000000000000000	-0.0000000339484554
0.2960937500000000	0.5000000000000000	-0.0000000359551227
0.2976562500000001	0.5000000000000000	-0.0000000380592567
0.2992187500000000	0.5000000000000000	-0.0000000402641201
0.4945312500000000	0.5000000000000000	-0.0000000713832588
0.4960937500000000	0.5000000000000000	-0.0000000526936572
0.7132812500000002	0.5000000000000000	0.0000000251247251
0.7148437500000002	0.5000000000000000	0.0000000236446112
0.7164062500000001	0.5000000000000000	0.0000000222394512
0.7179687500000000	0.5000000000000000	0.0000000209063065
0.7195312500000002	0.5000000000000000	0.0000000196422955
0.7210937500000001	0.5000000000000000	0.0000000184445965
0.7226562500000000	0.5000000000000000	0.0000000173104507
0.7242187500000001	0.5000000000000000	0.0000000162371645
0.2757812500000000	0.5000000000000000	-0.0000000163246821
0.2773437500000000	0.5000000000000000	-0.0000000174041577
0.2789062500000000	0.5000000000000000	-0.0000000185448824
0.2804687500000000	0.5000000000000000	-0.0000000197495704
0.2820312500000000	0.5000000000000000	-0.0000000210210022
0.2835937500000000	0.5000000000000000	-0.0000000223620220
0.2851562500000001	0.5000000000000000	-0.0000000237755347
0.2867187500000000	0.5000000000000000	-0.0000000252645033
0.6300781250000000	0.5000000000000000	0.0000000692958671
0.6308593750000001	0.5000000000000000	0.0000000682868514
0.6316406250000001	0.5000000000000000	0.0000000672817185
0.6324218750000001	0.5000000000000000	0.0000000662807608
0.6332031250000001	0.5000000000000000	0.0000000652842623
0.6339843750000002	0.5000000000000000	0.0000000642924992
0.6347656250000001	0.5000000000000000	0.0000000633057394
0.6355468750000002	0.5000000000000000	0.0000000623242425
0.6363281250000001	0.5000000000000000	0.0000000613482603
0.6371093750000002	0.5000000000000000	0.0000000603780362
0.5222656250000001	0.5000000000000000	0.0000000593688095
0.5230468750000000	0.5000000000000000	0.0000000613846695
0.5238281250000000	0.5000000000000000	0.0000000633774070
0.5246093750000000	0.5000000000000000	0.0000000653463696
0.3628906250000000	0.5000000000000000	-0.0000000618029882
0.3636718750000001	0.5000000000000000	-0.0000000628038550
0.3644531250000000	0.5000000000000000	-0.0000000638109581
0.3652343750000000	0.5000000000000000	-0.0000000648240565
0.3660156250000001	0.5000000000000000	-0.0000000658429011
0.3667968750000000	0.5000000000000000	-0.0000000668672345
0.3675781250000000	0.5000000000000000	-0.0000000678967908
0.3683593750000000	0.5000000000000000	-0.0000000689312962
0.3691406250000000	0.5000000000000000	-0.0000000699704683
0.3699218750000001	0.5000000000000000	-0.0000000710140168
0.4753906250000000	0.5000000000000000	-0.0000000740480935
0.4761718750000000	0.5000000000000000	-0.0000000721119840
0.4769531250000000	0.5000000000000000	-0.0000000701511578
0.4777343749999999	0.5000000000000000	-0.0000000681662561
0.6378906250000002	0.5000000000000000	0.0000000594138059
0.6386718750000002	0.5000000000000000	0.0000000584557967
0.6394531250000002	0.5000000000000000	0.0000000575042280
0.6402343750000002	0.5000000000000000	0.0000000565593113
0.6410156250000002	0.5000000000000000	0.0000000556212502
0.6417968750000002	0.5000000000000000	0.0000000546902402
0.6425781250000001	0.5000000000000000	0.0000000537664693
0.6433593750000002	0.5000000000000000	0.0000000528501174
0.6441406250000001	0.5000000000000000	0.0000000519413570
0.6449218750000002	0.5000000000000000	0.0000000510403528
0.6457031250000002	0.5000000000000000	0.0000000501472619
0.6464843750000001	0.5000000000000000	0.0000000492622340
0.6472656250000001	0.5000000000000000	0.0000000483854114
0.6480468750000001	0.5000000000000000	0.0000000475169291
0.6488281250000001	0.5000000000000000	0.0000000466569147
0.6496093750000002	0.5000000000000000	0.0000000458054889
0.5191406250000000	0.5000000000000000	0.0000000510876712
0.5199218750000001	0.5000000000000000	0.0000000531892245
0.5207031250000000	0.5000000000000000	0.0000000552704004
0.5214843750000001	0.5000000000000000	0.0000000573304931
0.3503906250000001	0.5000000000000000	-0.0000000468026674
0.3511718750000000	0.5000000000000000	-0.0000000476775211
0.3519531250000000	0.5000000000000000	-0.0000000485613867
0.3527343750000000	0.5000000000000000	-0.0000000494541476
0.3535156250000000	0.5000000000000000	-0.0000000503556802
0.3542968750000001	0.5000000000000000	-0.0000000512658534
0.3550781250000000	0.5000000000000000	-0.0000000521845286
0.3558593750000001	0.5000000000000000	-0.0000000531115600
0.4785156250000000	0.5000000000000000	-0.0000000661579344
0.4792968750000000	0.5000000000000000	-0.0000000641268619
0.4800781249999999	0.5000000000000000	-0.0000000620737215
0.4808593750000000	0.5000000000000000	-0.0000000599992092
0.5128906249999999	0.5000000000000000	0.0000000336302838
0.5136718750000000	0.5000000000000000	0.0000000358680382
0.5144531250000000	0.5000000000000000	0.0000000380914748
0.5152343750000000	0.5000000000000000	0.0000000402998002
0.5160156250000000	0.5000000000000000	0.0000000424922304
0.5167968750000000	0.5000000000000000	0.0000000446679910
0.5175781250000000	0.5000000000000000	0.0000000468263183
0.5183593750000001	0.5000000000000000	0.0000000489664591
0.6503906250000001	0.5000000000000000	0.0000000449627651
0.6511718750000002	0.5000000000000000	0.0000000441288498
0.6519531250000001	0.5000000000000000	0.0000000433038429
0.6527343750000002	0.5000000000000000	0.0000000424878371
0.6535156250000002	0.5000000000000000	0.0000000416809188
0.6542968750000001	0.5000000000000000	0.0000000408831677
0.6550781250000001	0.5000000000000000	0.0000000400946571
0.6558593750000001	0.5000000000000000	0.0000000393154539
0.6566406250000001	0.5000000000000000	0.0000000385456188
0.6574218750000002	0.5000000000000000	0.0000000377852066
0.6582031250000001	0.5000000000000000	0.0000000370342658
0.6589843750000001	0.5000000000000000	0.0000000362928393
0.3566406250000001	0.5000000000000000	-0.0000000540467941
0.3574218750000001	0.5000000000000000	-0.0000000549900697
0.3582031250000001	0.5000000000000000	-0.0000000559412180
0.3589843750000000	0.5000000000000000	-0.0000000569000623
0.3597656250000001	0.5000000000000000	-0.0000000578664181
0.3605468750000000	0.5000000000000000	-0.0000000588400931
0.3613281250000000	0.5000000000000000	-0.0000000598208867
0.3621093750000001	0.5000000000000000	-0.0000000608085906
0.4816406249999999	0.5000000000000000	-0.0000000579040338
0.4824218750000000	0.5000000000000000	-0.0000000557889163
0.4832031250000000	0.5000000000000000	-0.0000000536545898
0.4839843750000000	0.5000000000000000	-0.0000000515017989
0.4847656250000000	0.5000000000000000	-0.0000000493312994
0.4855468750000000	0.5000000000000000	-0.0000000471438575
0.3441406250000000	0.5000000000000000	-0.0000000401399495
0.3449218750000000	0.5000000000000000	-0.0000000409393450
0.3457031250000000	0.5000000000000000	-0.0000000417484373
0.3464843750000001	0.5000000000000000	-0.0000000425671637
0.3472656250000000	0.5000000000000000	-0.0000000433954554
0.3480468750000001	0.5000000000000000	-0.0000000442332369
0.3488281250000000	0.5000000000000000	-0.0000000450804263
0.3496093750000000	0.5000000000000000	-0.0000000459369350
0.6597656250000000	0.5000000000000000	0.0000000355609640
0.6605468750000001	0.5000000000000000	0.0000000348386714
0.6613281250000000	0.5000000000000000	0.0000000341259873
0.6621093750000001	0.5000000000000000	0.0000000334229324
0.6628906250000001	0.5000000000000000	0.0000000327295218
0.6636718750000001	0.5000000000000000	0.0000000320457657
0.6644531250000001	0.5000000000000000	0.0000000313716692
0.6652343750000002	0.5000000000000000	0.0000000307072325
0.6660156250000001	0.5000000000000000	0.0000000300524510
0.6667968750000000	0.5000000000000000	0.0000000294073157
0.6675781250000000	0.5000000000000000	0.0000000287718128
0.6683593750000001	0.5000000000000000	0.0000000281459243
0.4863281250000000	0.5000000000000000	-0.0000000449402498
0.4871093750000000	0.5000000000000000	-0.0000000427212626
0.5097656249999999	0.5000000000000000	0.0000000245522588
0.5105468750000000	0.5000000000000000	0.0000000268391791
0.5113281249999999	0.5000000000000000	0.0000000291150395
0.5121093750000000	0.5000000000000000	0.0000000313790140
0.3378906250000000	0.5000000000000000	-0.0000000340993626
0.3386718750000001	0.5000000000000000	-0.0000000348196584
0.3394531250000000	0.5000000000000000	-0.0000000355499361
0.3402343750000000	0.5000000000000000	-0.0000000362901800
0.3410156250000000	0.5000000000000000	-0.0000000370403687
0.3417968750000000	0.5000000000000000	-0.0000000378004753
0.3425781250000000	0.5000000000000000	-0.0000000385704675
0.3433593750000000	0.5000000000000000	-0.0000000393503069
0.3316406250000000	0.5000000000000000	-0.0000000286965756
0.3324218750000001	0.5000000000000000	-0.0000000293370489
0.3332031250000000	0.5000000000000000	-0.0000000299874522
0.3339843750000000	0.5000000000000000	-0.0000000306478084
0.3347656250000001	0.5000000000000000	-0.0000000313181357
0.3355468750000000	0.5000000000000000	-0.0000000319984480
0.3363281250000000	0.5000000000000000	-0.0000000326887545
0.3371093750000000	0.5000000000000000	-0.0000000333890595
0.4878906250000000	0.5000000000000000	-0.0000000404876915
0.4886718750000000	0.5000000000000000	-0.0000000382403408
0.4894531249999999	0.5000000000000000	-0.0000000359800233
0.4902343750000000	0.5000000000000000	-0.0000000337075595
0.6691406250000000	0.5000000000000000	0.0000000275296278
0.6699218750000001	0.5000000000000000	0.0000000269228970
0.6707031250000000	0.5000000000000000	0.0000000263257014
0.6714843750000000	0.5000000000000000	0.0000000257380067
0.6722656250000001	0.5000000000000000	0.0000000251597748
0.6730468749999999	0.5000000000000000	0.0000000245909640
0.6738281250000000	0.5000000000000000	0.0000000240315291
0.6746093750000000	0.5000000000000000	0.0000000234814215
0.5066406250000000	0.5000000000000000	0.0000000153107354
0.5074218750000000	0.5000000000000000	0.0000000176335020
0.5082031250000000	0.5000000000000000	0.0000000199485778
0.5089843749999999	0.5000000000000000	0.0000000222551119
0.3253906250000000	0.5000000000000000	-0.0000000239262056
0.3261718750000001	0.5000000000000000	-0.0000000244885384
0.3269531250000001	0.5000000000000000	-0.0000000250604775
0.3277343750000000	0.5000000000000000	-0.0000000256420759
0.3285156250000001	0.5000000000000000	-0.0000000262333834
0.3292968750000000	0.5000000000000000	-0.0000000268344464
0.3300781250000000	0.5000000000000000	-0.0000000274453074
0.3308593750000001	0.5000000000000000	-0.0000000280660055
0.6753906250000000	0.5000000000000000	0.0000000229405894
0.6761718750000001	0.5000000000000000	0.0000000224089777
0.6769531250000000	0.5000000000000000	0.0000000218865285
0.6777343750000001	0.5000000000000000	0.0000000213731809
0.6785156250000000	0.5000000000000000	0.0000000208688712
0.6792968750000000	0.5000000000000000	0.0000000203735329
0.6800781250000001	0.5000000000000000	0.0000000198870973
0.6808593749999999	0.5000000000000000	0.0000000194094929
0.6816406250000000	0.5000000000000000	0.0000000189406461
0.6824218750000000	0.5000000000000000	0.0000000184804809
0.6832031250000000	0.5000000000000000	0.0000000180289195
0.6839843750000001	0.5000000000000000	0.0000000175858818
0.3160156250000000	0.5000000000000000	-0.0000000179040950
0.3167968750000001	0.5000000000000000	-0.0000000183563567
0.3175781250000000	0.5000000000000000	-0.0000000188173685
0.3183593750000001	0.5000000000000000	-0.0000000192872146
0.3191406250000001	0.5000000000000000	-0.0000000197659772
0.3199218750000001	0.5000000000000000	-0.0000000202537366
0.3207031250000001	0.5000000000000000	-0.0000000207505705
0.3214843750000000	0.5000000000000000	-0.0000000212565548
0.3222656250000001	0.5000000000000000	-0.0000000217717628
0.3230468750000001	0.5000000000000000	-0.0000000222962651
0.3238281250000000	0.5000000000000000	-0.0000000228301299
0.3246093750000001	0.5000000000000000	-0.0000000233734226
0.4910156250000000	0.5000000000000000	-0.0000000314237772
0.4917968750000000	0.5000000000000000	-0.0000000291295112
0.4925781250000000	0.5000000000000000	-0.0000000268256024
0.4933593750000000	0.5000000000000000	-0.0000000245128978
0.5626953125000000	0.5000000000000000	0.0000000299505033
0.5630859374999999	0.5000000000000000	0.0000000299974200
0.5634765625000000	0.5000000000000000	0.0000000300421929
0.5638671875000001	0.5000000000000000	0.0000000300848289
0.5642578125000000	0.5000000000000000	0.0000000301253351
0.5646484375000000	0.5000000000000000	0.0000000301637187
0.5650390625000001	0.5000000000000000	0.0000000301999874
0.5654296875000000	0.5000000000000000	0.0000000302341489
0.5658203125000001	0.5000000000000000	0.0000000302662112
0.5662109375000000	0.5000000000000000	0.0000000302961824
0.5666015625000000	0.5000000000000000	0.0000000303240711
0.5669921875000001	0.5000000000000000	0.0000000303498857
0.5673828125000000	0.5000000000000000	0.0000000303736353
0.5677734375000001	0.5000000000000000	0.0000000303953288
0.5681640625000002	0.5000000000000000	0.0000000304149755
0.5685546875000000	0.5000000000000000	0.0000000304325848
0.5689453125000001	0.5000000000000000	0.0000000304481665
0.5693359375000000	0.5000000000000000	0.0000000304617303
0.5697265625000001	0.5000000000000000	0.0000000304732864
0.5701171875000002	0.5000000000000000	0.0000000304828450
0.5705078125000000	0.5000000000000000	0.0000000304904166
0.5708984375000001	0.5000000000000000	0.0000000304960117
0.5712890625000002	0.5000000000000000	0.0000000304996411
0.5716796875000001	0.5000000000000000	0.0000000305013160
0.5720703125000002	0.5000000000000000	0.0000000305010475
0.5724609375000000	0.5000000000000000	0.0000000304988468
0.5728515625000001	0.5000000000000000	0.0000000304947256
0.5732421875000000	0.5000000000000000	0.0000000304886956
0.5736328125000001	0.5000000000000000	0.0000000304807685
0.5740234375000000	0.5000000000000000	0.0000000304709565
0.5744140625000000	0.5000000000000000	0.0000000304592718
0.5748046875000001	0.5000000000000000	0.0000000304457267
0.5751953125000000	0.5000000000000000	0.0000000304303336
0.5755859375000001	0.5000000000000000	0.0000000304131054
0.5759765625000002	0.5000000000000000	0.0000000303940548
0.5763671875000000	0.5000000000000000	0.0000000303731948
0.5767578125000001	0.5000000000000000	0.0000000303505384
0.5771484375000000	0.5000000000000000	0.0000000303260990
0.5775390625000001	0.5000000000000000	0.0000000302998900
0.5779296875000000	0.5000000000000000	0.0000000302719248
0.5798828125000000	0.5000000000000000	0.0000000301062401
0.5802734375000000	0.5000000000000000	0.0000000300680297
0.5806640625000001	0.5000000000000000	0.0000000300281615
0.5810546875000000	0.5000000000000000	0.0000000299866501
0.5830078125000000	0.5000000000000000	0.0000000297549593
0.5833984375000001	0.5000000000000000	0.0000000297038991
0.5837890625000002	0.5000000000000000	0.0000000296513001
0.5841796875000000	0.5000000000000000	0.0000000295971778
0.5611328124999999	0.5000000000000000	0.0000000297412699
0.5615234375000000	0.5000000000000000	0.0000000297968256
0.5619140625000001	0.5000000000000000	0.0000000298502124
0.5623046875000000	0.5000000000000000	0.0000000299014363
0.4283203125000000	0.5000000000000000	-0.0000000335310329
0.4287109375000001	0.5000000000000000	-0.0000000335463093
0.4291015625000000	0.5000000000000000	-0.0000000335596326
0.4294921875000000	0.5000000000000000	-0.0000000335709907
0.4314453125000000	0.5000000000000000	-0.0000000335978945
0.4318359375000000	0.5000000000000000	-0.0000000335972188
0.4322265625000000	0.5000000000000000	-0.0000000335944988
0.4326171875000001	0.5000000000000000	-0.0000000335897241
0.5783203125000000	0.5000000000000000	0.0000000302422172
0.5787109374999999	0.5000000000000000	0.0000000302107809
0.5791015625000000	0.5000000000000000	0.0000000301776299
0.5794921875000001	0.5000000000000000	0.0000000301427783
0.5814453125000001	0.5000000000000000	0.0000000299435099
0.5818359375000000	0.5000000000000000	0.0000000298987559
0.5822265625000000	0.5000000000000000	0.0000000298524028
0.5826171875000001	0.5000000000000000	0.0000000298044656
0.5845703125000001	0.5000000000000000	0.0000000295415474
0.5849609375000000	0.5000000000000000	0.0000000294844246
0.5853515625000001	0.5000000000000000	0.0000000294258248
0.5857421875000002	0.5000000000000000	0.0000000293657638
0.5861328125000000	0.5000000000000000	0.0000000293042571
0.5865234375000001	0.5000000000000000	0.0000000292413207
0.5869140625000002	0.5000000000000000	0.0000000291769704
0.5873046875000001	0.5000000000000000	0.0000000291112221
0.5564453125000000	0.5000000000000000	0.0000000289036145
0.5568359375000000	0.5000000000000000	0.0000000289855678
0.5572265625000001	0.5000000000000000	0.0000000290653007
0.5576171875000000	0.5000000000000000	0.0000000291428161
0.5580078125000001	0.5000000000000000	0.0000000292181170
0.5583984375000000	0.5000000000000000	0.0000000292912070
0.5587890625000000	0.5000000000000000	0.0000000293620897
0.5591796874999999	0.5000000000000000	0.0000000294307690
0.5595703125000000	0.5000000000000000	0.0000000294972491
0.5599609374999999	0.5000000000000000	0.0000000295615344
0.5603515625000000	0.5000000000000000	0.0000000296236297
0.5607421875000000	0.5000000000000000	0.0000000296835398
0.5876953125000002	0.5000000000000000	0.0000000290440918
0.5880859375000000	0.5000000000000000	0.0000000289755956
0.5884765625000001	0.5000000000000000	0.0000000289057495
0.5888671875000002	0.5000000000000000	0.0000000288345698
0.5892578125000001	0.5000000000000000	0.0000000287620725
0.5896484375000002	0.5000000000000000	0.0000000286882741
0.5900390625000003	0.5000000000000000	0.0000000286131907
0.5904296875000001	0.5000000000000000	0.0000000285368388
0.5908203125000002	0.5000000000000000	0.0000000284592347
0.5912109375000001	0.5000000000000000	0.0000000283803949
0.5916015625000002	0.5000000000000000	0.0000000283003357
0.5919921875000000	0.5000000000000000	0.0000000282190738
0.5923828125000001	0.5000000000000000	0.0000000281366256
0.5927734375000000	0.5000000000000000	0.0000000280530076
0.5931640625000001	0.5000000000000000	0.0000000279682364
0.5935546875000002	0.5000000000000000	0.0000000278823287
0.5939453125000000	0.5000000000000000	0.0000000277953009
0.5943359375000001	0.5000000000000000	0.0000000277071698
0.5947265625000002	0.5000000000000000	0.0000000276179520
0.5951171875000001	0.5000000000000000	0.0000000275276640
0.5955078125000002	0.5000000000000000	0.0000000274363226
0.5958984375000000	0.5000000000000000	0.0000000273439444
0.5962890625000001	0.5000000000000000	0.0000000272505461
0.5966796875000000	0.5000000000000000	0.0000000271561442
0.4064453125000000	0.5000000000000000	-0.0000000299937478
0.4068359375000000	0.5000000000000000	-0.0000000300950973
0.4072265625000000	0.5000000000000000	-0.0000000301953578
0.4076171875000000	0.5000000000000000	-0.0000000302945122
0.4080078125000000	0.5000000000000000	-0.0000000303925432
0.4083984375000000	0.5000000000000000	-0.0000000304894337
0.4087890625000000	0.5000000000000000	-0.0000000305851665
0.4091796875000001	0.5000000000000000	-0.0000000306797246
0.4126953125000000	0.5000000000000000	-0.0000000314750704
0.4130859375000001	0.5000000000000000	-0.0000000315569452
0.4134765625000000	0.5000000000000000	-0.0000000316374591
0.4138671875000000	0.5000000000000000	-0.0000000317165952
0.4142578125000000	0.5000000000000000	-0.0000000317943370
0.4146484375000000	0.5000000000000000	-0.0000000318706680
0.4150390625000000	0.5000000000000000	-0.0000000319455717
0.4154296875000000	0.5000000000000000	-0.0000000320190316
0.4158203125000000	0.5000000000000000	-0.0000000320910315
0.4162109375000000	0.5000000000000000	-0.0000000321615550
0.4166015625000000	0.5000000000000000	-0.0000000322305859
0.4169921875000001	0.5000000000000000	-0.0000000322981081
0.4173828125000000	0.5000000000000000	-0.0000000323641055
0.4177734375000001	0.5000000000000000	-0.0000000324285623
0.4181640625000000	0.5000000000000000	-0.0000000324914625
0.4185546875000001	0.5000000000000000	-0.0000000325527904
0.4189453125000001	0.5000000000000000	-0.0000000326125303
0.4193359375000001	0.5000000000000000	-0.0000000326706665
0.4197265625000001	0.5000000000000000	-0.0000000327271837
0.4201171875000001	0.5000000000000000	-0.0000000327820663
0.4205078125000001	0.5000000000000000	-0.0000000328352992
0.4208984375000001	0.5000000000000000	-0.0000000328868671
0.4212890625000000	0.5000000000000000	-0.0000000329367551
0.4216796875000001	0.5000000000000000	-0.0000000329849480
0.4220703125000000	0.5000000000000000	-0.0000000330314312
0.4224609375000001	0.5000000000000000	-0.0000000330761899
0.4228515625000001	0.5000000000000000	-0.0000000331192095
0.4232421875000000	0.5000000000000000	-0.0000000331604756
0.4236328125000000	0.5000000000000000	-0.0000000331999738
0.4240234375000000	0.5000000000000000	-0.0000000332376899
0.4244140625000000	0.5000000000000000	-0.0000000332736099
0.4248046875000001	0.5000000000000000	-0.0000000333077199
0.4251953125000000	0.5000000000000000	-0.0000000333400060
0.4255859375000001	0.5000000000000000	-0.0000000333704547
0.4259765625000000	0.5000000000000000	-0.0000000333990524
0.4263671875000001	0.5000000000000000	-0.0000000334257859
0.4267578125000001	0.5000000000000000	-0.0000000334506418
0.4271484375000000	0.5000000000000000	-0.0000000334736073
0.4275390625000000	0.5000000000000000	-0.0000000334946694
0.4279296875000000	0.5000000000000000	-0.0000000335138155
0.4298828125000000	0.5000000000000000	-0.0000000335803717
0.4302734375000000	0.5000000000000000	-0.0000000335877640
0.4306640625000000	0.5000000000000000	-0.0000000335931560
0.4310546875000000	0.5000000000000000	-0.0000000335965366
0.4330078125000000	0.5000000000000000	-0.0000000335828841
0.4333984375000000	0.5000000000000000	-0.0000000335739689
0.4337890625000000	0.5000000000000000	-0.0000000335629684
0.4341796875000000	0.5000000000000000	-0.0000000335498730
0.4345703125000000	0.5000000000000000	-0.0000000335346731
0.4349609375000000	0.5000000000000000	-0.0000000335173594
0.4353515625000000	0.5000000000000000	-0.0000000334979229
0.4357421875000000	0.5000000000000000	-0.0000000334763546
0.4361328125000000	0.5000000000000000	-0.0000000334526459
0.4365234375000000	0.5000000000000000	-0.0000000334267884
0.4369140625000000	0.5000000000000000	-0.0000000333987739
0.4373046875000000	0.5000000000000000	-0.0000000333685944
0.4376953125000000	0.5000000000000000	-0.0000000333362421
0.4380859375000000	0.5000000000000000	-0.0000000333017095
0.4384765625000000	0.5000000000000000	-0.0000000332649894
0.4388671875000000	0.5000000000000000	-0.0000000332260746
0.4392578125000000	0.5000000000000000	-0.0000000331849585
0.4396484375000000	0.5000000000000000	-0.0000000331416343
0.4400390625000000	0.5000000000000000	-0.0000000330960957
0.4404296875000000	0.5000000000000000	-0.0000000330483368
0.4408203125000000	0.5000000000000000	-0.0000000329983515
0.4412109375000000	0.5000000000000000	-0.0000000329461345
0.4416015625000000	0.5000000000000000	-0.0000000328916802
0.4419921875000000	0.5000000000000000	-0.0000000328349837
0.4423828124999999	0.5000000000000000	-0.0000000327760400
0.4427734375000000	0.5000000000000000	-0.0000000327148447
0.4431640625000000	0.5000000000000000	-0.0000000326513933
0.4435546875000000	0.5000000000000000	-0.0000000325856819
0.4439453125000000	0.5000000000000000	-0.0000000325177066
0.4443359375000000	0.5000000000000000	-0.0000000324474640
0.4447265625000000	0.5000000000000000	-0.0000000323749507
0.4451171875000000	0.5000000000000000	-0.0000000323001637
0.4455078125000000	0.5000000000000000	-0.0000000322231004
0.4458984375000000	0.5000000000000000	-0.0000000321437582
0.4462890625000000	0.5000000000000000	-0.0000000320621350
0.4466796875000000	0.5000000000000000	-0.0000000319782289
0.5470703125000000	0.5000000000000000	0.0000000262678344
0.5474609374999999	0.5000000000000000	0.0000000264032384
0.5478515625000000	0.5000000000000000	0.0000000265364350
0.5482421875000001	0.5000000000000000	0.0000000266674202
0.5486328125000000	0.5000000000000000	0.0000000267961905
0.5490234375000000	0.5000000000000000	0.0000000269227428
0.5494140625000001	0.5000000000000000	0.0000000270470741
0.5498046875000000	0.5000000000000000	0.0000000271691817
0.5501953125000001	0.5000000000000000	0.0000000272890634
0.5505859375000000	0.5000000000000000	0.0000000274067170
0.5509765625000000	0.5000000000000000	0.0000000275221409
0.5513671875000001	0.5000000000000000	0.0000000276353333
0.5517578125000000	0.5000000000000000	0.0000000277462933
0.5521484375000001	0.5000000000000000	0.0000000278550197
0.5525390625000002	0.5000000000000000	0.0000000279615121
0.5529296875000000	0.5000000000000000	0.0000000280657700
0.5533203125000001	0.5000000000000000	0.0000000281677932
0.5537109375000000	0.5000000000000000	0.0000000282675821
0.5541015625000001	0.5000000000000000	0.0000000283651370
0.5544921875000000	0.5000000000000000	0.0000000284604588
0.5548828125000000	0.5000000000000000	0.0000000285535484
0.5552734374999999	0.5000000000000000	0.0000000286444070
0.5556640625000000	0.5000000000000000	0.0000000287330363
0.5560546875000001	0.5000000000000000	0.0000000288194381
0.4048828125000000	0.5000000000000000	-0.0000000295778040
0.4052734375000000	0.5000000000000000	-0.0000000296833374
0.4095703125000000	0.5000000000000000	-0.0000000307730908
0.4099609375000001	0.5000000000000000	-0.0000000308652481
0.4103515625000000	0.5000000000000000	-0.0000000309561793
0.4107421875000001	0.5000000000000000	-0.0000000310458676
0.4111328125000001	0.5000000000000000	-0.0000000311342958
0.4115234375000000	0.5000000000000000	-0.0000000312214471
0.4119140625000000	0.5000000000000000	-0.0000000313073045
0.4123046875000000	0.5000000000000000	-0.0000000313918512
0.4470703125000000	0.5000000000000000	-0.0000000318920382
0.4474609375000000	0.5000000000000000	-0.0000000318035615
0.4478515625000000	0.5000000000000000	-0.0000000317127978
0.4482421875000001	0.5000000000000000	-0.0000000316197463
0.4486328125000000	0.5000000000000000	-0.0000000315244065
0.4490234375000000	0.5000000000000000	-0.0000000314267780
0.4494140625000000	0.5000000000000000	-0.0000000313268610
0.4498046875000000	0.5000000000000000	-0.0000000312246557
0.4501953125000000	0.5000000000000000	-0.0000000311201628
0.4505859375000000	0.5000000000000000	-0.0000000310133832
0.4509765625000000	0.5000000000000000	-0.0000000309043180
0.4513671875000000	0.5000000000000000	-0.0000000307929687
0.4517578125000000	0.5000000000000000	-0.0000000306793371
0.4521484375000000	0.5000000000000000	-0.0000000305634252
0.5462890625000001	0.5000000000000000	0.0000000259904202
0.5466796875000000	0.5000000000000000	0.0000000261302268
0.5970703125000001	0.5000000000000000	0.0000000270607555
0.5974609375000000	0.5000000000000000	0.0000000269643966
0.5978515625000000	0.5000000000000000	0.0000000268670841
0.5982421875000001	0.5000000000000000	0.0000000267688346
0.5986328125000000	0.5000000000000000	0.0000000266696648
0.5990234375000001	0.5000000000000000	0.0000000265695912
0.5994140625000002	0.5000000000000000	0.0000000264686304
0.5998046875000000	0.5000000000000000	0.0000000263667990
0.4001953125000000	0.5000000000000000	-0.0000000282380821
0.4005859375000000	0.5000000000000000	-0.0000000283545188
0.4009765625000000	0.5000000000000000	-0.0000000284701409
0.4013671875000001	0.5000000000000000	-0.0000000285849315
0.4017578125000000	0.5000000000000000	-0.0000000286988733
0.4021484375000000	0.5000000000000000	-0.0000000288119495
0.4025390625000000	0.5000000000000000	-0.0000000289241428
0.4029296875000000	0.5000000000000000	-0.0000000290354362
0.4033203125000000	0.5000000000000000	-0.0000000291458126
0.4037109375000000	0.5000000000000000	-0.0000000292552547
0.4041015625000000	0.5000000000000000	-0.0000000293637454
0.4044921875000000	0.5000000000000000	-0.0000000294712676
0.4056640625000000	0.5000000000000000	-0.0000000297878507
0.4060546875000000	0.5000000000000000	-0.0000000298913265
0.4525390625000000	0.5000000000000000	-0.0000000304452353
0.4529296875000000	0.5000000000000000	-0.0000000303247702
0.4533203125000000	0.5000000000000000	-0.0000000302020326
0.4537109375000000	0.5000000000000000	-0.0000000300770258
0.4541015625000000	0.5000000000000000	-0.0000000299497534
0.4544921875000000	0.5000000000000000	-0.0000000298202191
0.4548828125000000	0.5000000000000000	-0.0000000296884269
0.4552734375000000	0.5000000000000000	-0.0000000295543814
0.4556640625000000	0.5000000000000000	-0.0000000294180871
0.4560546875000001	0.5000000000000000	-0.0000000292795491
0.4564453125000000	0.5000000000000000	-0.0000000291387726
0.4568359375000001	0.5000000000000000	-0.0000000289957632
0.4572265625000000	0.5000000000000000	-0.0000000288505267
0.4576171875000001	0.5000000000000000	-0.0000000287030693
0.4580078125000001	0.5000000000000000	-0.0000000285533975
0.4583984375000000	0.5000000000000000	-0.0000000284015179
0.4587890625000000	0.5000000000000000	-0.0000000282474378
0.4591796875000000	0.5000000000000000	-0.0000000280911643
0.4595703125000000	0.5000000000000000	-0.0000000279327051
0.4599609375000001	0.5000000000000000	-0.0000000277720682
0.4603515625000000	0.5000000000000000	-0.0000000276092617
0.4607421875000000	0.5000000000000000	-0.0000000274442943
0.4611328125000000	0.5000000000000000	-0.0000000272771747
0.4615234375000000	0.5000000000000000	-0.0000000271079119
0.4619140625000000	0.5000000000000000	-0.0000000269365155
0.4623046875000000	0.5000000000000000	-0.0000000267629951
0.5361328125000000	0.5000000000000000	0.0000000216048117
0.5365234375000001	0.5000000000000000	0.0000000217993054
0.5369140625000002	0.5000000000000000	0.0000000219918160
0.5373046875000000	0.5000000000000000	0.0000000221823314
0.5376953125000001	0.5000000000000000	0.0000000223708400
0.5380859375000000	0.5000000000000000	0.0000000225573305
0.5384765625000001	0.5000000000000000	0.0000000227417918
0.5388671875000002	0.5000000000000000	0.0000000229242132
0.5392578125000000	0.5000000000000000	0.0000000231045842
0.5396484375000001	0.5000000000000000	0.0000000232828945
0.5400390625000002	0.5000000000000000	0.0000000234591343
0.5404296875000001	0.5000000000000000	0.0000000236332939
0.5408203125000002	0.5000000000000000	0.0000000238053641
0.5412109375000000	0.5000000000000000	0.0000000239753357
0.5416015625000001	0.5000000000000000	0.0000000241432001
0.5419921875000000	0.5000000000000000	0.0000000243089488
0.5423828125000001	0.5000000000000000	0.0000000244725736
0.5427734375000000	0.5000000000000000	0.0000000246340666
0.5431640625000000	0.5000000000000000	0.0000000247934203
0.5435546875000001	0.5000000000000000	0.0000000249506274
0.5439453125000000	0.5000000000000000	0.0000000251056808
0.5443359375000001	0.5000000000000000	0.0000000252585739
0.5447265625000002	0.5000000000000000	0.0000000254093002
0.5451171875000000	0.5000000000000000	0.0000000255578537
0.5455078125000001	0.5000000000000000	0.0000000257042285
0.5458984375000000	0.5000000000000000	0.0000000258484191
0.6001953125000001	0.5000000000000000	0.0000000262641135
0.6005859375000000	0.5000000000000000	0.0000000261605904
0.6009765625000001	0.5000000000000000	0.0000000260562462
0.6013671875000002	0.5000000000000000	0.0000000259510973
0.6017578125000000	0.5000000000000000	0.0000000258451601
0.6021484375000001	0.5000000000000000	0.0000000257384510
0.6025390625000002	0.5000000000000000	0.0000000256309863
0.6029296875000001	0.5000000000000000	0.0000000255227824
0.6033203125000002	0.5000000000000000	0.0000000254138554
0.6037109375000000	0.5000000000000000	0.0000000253042217
0.6041015625000001	0.5000000000000000	0.0000000251938974
0.6044921875000000	0.5000000000000000	0.0000000250828985
0.6048828125000001	0.5000000000000000	0.0000000249712412
0.6052734375000000	0.5000000000000000	0.0000000248589415
0.6056640625000000	0.5000000000000000	0.0000000247460153
0.6060546875000001	0.5000000000000000	0.0000000246324786
0.6064453125000000	0.5000000000000000	0.0000000245183471
0.6068359375000001	0.5000000000000000	0.0000000244036368
0.6072265625000002	0.5000000000000000	0.0000000242883632
0.6076171875000000	0.5000000000000000	0.0000000241725421
0.6080078125000001	0.5000000000000000	0.0000000240561890
0.6083984375000000	0.5000000000000000	0.0000000239393195
0.6087890625000001	0.5000000000000000	0.0000000238219491
0.6091796875000000	0.5000000000000000	0.0000000237040931
0.6095703125000000	0.5000000000000000	0.0000000235857668
0.6099609374999999	0.5000000000000000	0.0000000234669854
0.6103515625000000	0.5000000000000000	0.0000000233477642
0.6107421875000001	0.5000000000000000	0.0000000232281182
0.6111328125000000	0.5000000000000000	0.0000000231080624
0.6115234375000000	0.5000000000000000	0.0000000229876117
0.6119140625000001	0.5000000000000000	0.0000000228667810
0.6123046875000000	0.5000000000000000	0.0000000227455850
0.3908203125000000	0.5000000000000000	-0.0000000252427120
0.3912109375000000	0.5000000000000000	-0.0000000253737120
0.3916015625000000	0.5000000000000000	-0.0000000255042910
0.3919921875000000	0.5000000000000000	-0.0000000256344333
0.3923828125000000	0.5000000000000000	-0.0000000257641233
0.3927734375000000	0.5000000000000000	-0.0000000258933451
0.3931640625000000	0.5000000000000000	-0.0000000260220828
0.3935546875000001	0.5000000000000000	-0.0000000261503205
0.4626953125000000	0.5000000000000000	-0.0000000265873607
0.4630859375000000	0.5000000000000000	-0.0000000264096226
0.4634765625000000	0.5000000000000000	-0.0000000262297912
0.4638671875000001	0.5000000000000000	-0.0000000260478776
0.3939453125000000	0.5000000000000000	-0.0000000262780422
0.3943359375000001	0.5000000000000000	-0.0000000264052317
0.3947265625000000	0.5000000000000000	-0.0000000265318730
0.3951171875000001	0.5000000000000000	-0.0000000266579497
0.3955078125000001	0.5000000000000000	-0.0000000267834456
0.3958984375000000	0.5000000000000000	-0.0000000269083444
0.3962890625000000	0.5000000000000000	-0.0000000270326296
0.3966796875000000	0.5000000000000000	-0.0000000271562846
0.3970703125000000	0.5000000000000000	-0.0000000272792931
0.3974609375000001	0.5000000000000000	-0.0000000274016384
0.3978515625000000	0.5000000000000000	-0.0000000275233039
0.3982421875000000	0.5000000000000000	-0.0000000276442728
0.3986328125000000	0.5000000000000000	-0.0000000277645285
0.3990234375000000	0.5000000000000000	-0.0000000278840541
0.3994140625000000	0.5000000000000000	-0.0000000280028328
0.3998046875000000	0.5000000000000000	-0.0000000281208478
0.5314453125000000	0.5000000000000000	0.0000000191209107
0.5318359374999999	0.5000000000000000	0.0000000193381728
0.5322265625000000	0.5000000000000000	0.0000000195536162
0.5326171875000001	0.5000000000000000	0.0000000197672258
0.5330078125000000	0.5000000000000000	0.0000000199789865
0.5333984375000000	0.5000000000000000	0.0000000201888838
0.5337890625000001	0.5000000000000000	0.0000000203969032
0.5341796875000000	0.5000000000000000	0.0000000206030306
0.5345703125000001	0.5000000000000000	0.0000000208072521
0.5349609375000000	0.5000000000000000	0.0000000210095542
0.5353515625000000	0.5000000000000000	0.0000000212099234
0.5357421875000001	0.5000000000000000	0.0000000214083468
0.6189453125000002	0.5000000000000000	0.0000000206432145
0.6193359375000000	0.5000000000000000	0.0000000205178601
0.6197265625000001	0.5000000000000000	0.0000000203924027
0.6201171875000002	0.5000000000000000	0.0000000202668549
0.6205078125000001	0.5000000000000000	0.0000000201412296
0.6208984375000002	0.5000000000000000	0.0000000200155392
0.6212890625000003	0.5000000000000000	0.0000000198897962
0.6216796875000001	0.5000000000000000	0.0000000197640129
0.6220703125000002	0.5000000000000000	0.0000000196382016
0.6224609375000001	0.5000000000000000	0.0000000195123742
0.6228515625000002	0.5000000000000000	0.0000000193865427
0.6232421875000000	0.5000000000000000	0.0000000192607192
0.6236328125000001	0.5000000000000000	0.0000000191349151
0.6240234375000000	0.5000000000000000	0.0000000190091423
0.6244140625000001	0.5000000000000000	0.0000000188834122
0.6248046875000002	0.5000000000000000	0.0000000187577362
0.3876953125000000	0.5000000000000000	-0.0000000241814049
0.3880859375000000	0.5000000000000000	-0.0000000243152200
0.3884765625000000	0.5000000000000000	-0.0000000244487362
0.3888671875000000	0.5000000000000000	-0.0000000245819384
0.3892578125000000	0.5000000000000000	-0.0000000247148118
0.3896484375000000	0.5000000000000000	-0.0000000248473411
0.3900390625000000	0.5000000000000000	-0.0000000249795111
0.3904296875000000	0.5000000000000000	-0.0000000251113065
0.5251953125000000	0.5000000000000000	0.0000000154108145
0.5255859375000000	0.5000000000000000	0.0000000156548932
0.5259765625000001	0.5000000000000000	0.0000000158974317
0.5263671875000000	0.5000000000000000	0.0000000161384108
0.5267578125000001	0.5000000000000000	0.0000000163778114
0.5271484375000000	0.5000000000000000	0.0000000166156147
0.5275390625000000	0.5000000000000000	0.0000000168518023
0.5279296874999999	0.5000000000000000	0.0000000170863559
0.5283203125000000	0.5000000000000000	0.0000000173192573
0.5287109374999999	0.5000000000000000	0.0000000175504889
0.5291015625000000	0.5000000000000000	0.0000000177800330
0.5294921875000000	0.5000000000000000	0.0000000180078724
0.5298828124999999	0.5000000000000000	0.0000000182339900
0.5302734375000000	0.5000000000000000	0.0000000184583691
0.5306640625000001	0.5000000000000000	0.0000000186809930
0.5310546875000000	0.5000000000000000	0.0000000189018456
0.6126953125000001	0.5000000000000000	0.0000000226240383
0.6130859375000000	0.5000000000000000	0.0000000225021556
0.6134765625000000	0.5000000000000000	0.0000000223799514
0.6138671875000001	0.5000000000000000	0.0000000222574399
0.6142578125000000	0.5000000000000000	0.0000000221346356
0.6146484375000001	0.5000000000000000	0.0000000220115526
0.6150390625000002	0.5000000000000000	0.0000000218882051
0.6154296875000000	0.5000000000000000	0.0000000217646070
0.6158203125000001	0.5000000000000000	0.0000000216407724
0.6162109375000000	0.5000000000000000	0.0000000215167149
0.6166015625000001	0.5000000000000000	0.0000000213924484
0.6169921875000002	0.5000000000000000	0.0000000212679865
0.6173828125000000	0.5000000000000000	0.0000000211433426
0.6177734375000001	0.5000000000000000	0.0000000210185302
0.6181640625000002	0.5000000000000000	0.0000000208935626
0.6185546875000001	0.5000000000000000	0.0000000207684530
0.3751953125000000	0.5000000000000000	-0.0000000198255633
0.3755859375000000	0.5000000000000000	-0.0000000199616757
0.3759765625000000	0.5000000000000000	-0.0000000200979110
0.3763671875000000	0.5000000000000000	-0.0000000202342578
0.3767578125000000	0.5000000000000000	-0.0000000203707047
0.3771484375000000	0.5000000000000000	-0.0000000205072401
0.3775390625000000	0.5000000000000000	-0.0000000206438521
0.3779296875000000	0.5000000000000000	-0.0000000207805290
0.3783203125000000	0.5000000000000000	-0.0000000209172588
0.3787109375000000	0.5000000000000000	-0.0000000210540293
0.3791015625000000	0.5000000000000000	-0.0000000211908284
0.3794921875000000	0.5000000000000000	-0.0000000213276437
0.3798828124999999	0.5000000000000000	-0.0000000214644627
0.3802734375000000	0.5000000000000000	-0.0000000216012728
0.3806640625000000	0.5000000000000000	-0.0000000217380614
0.3810546875000000	0.5000000000000000	-0.0000000218748156
0.3814453125000000	0.5000000000000000	-0.0000000220115225
0.3818359375000000	0.5000000000000000	-0.0000000221481690
0.3822265625000000	0.5000000000000000	-0.0000000222847420
0.3826171875000000	0.5000000000000000	-0.0000000224212282
0.3830078125000000	0.5000000000000000	-0.0000000225576142
0.3833984375000000	0.5000000000000000	-0.0000000226938864
0.3837890625000000	0.5000000000000000	-0.0000000228300314
0.3841796875000000	0.5000000000000000	-0.0000000229660352
0.3845703125000000	0.5000000000000000	-0.0000000231018842
0.3849609375000000	0.5000000000000000	-0.0000000232375644
0.3853515625000000	0.5000000000000000	-0.0000000233730616
0.3857421875000001	0.5000000000000000	-0.0000000235083619
0.3861328125000000	0.5000000000000000	-0.0000000236434508
0.3865234375000000	0.5000000000000000	-0.0000000237783141
0.3869140625000000	0.5000000000000000	-0.0000000239129373
0.3873046875000000	0.5000000000000000	-0.0000000240473058
0.4642578125000000	0.5000000000000000	-0.0000000258638928
0.4646484375000000	0.5000000000000000	-0.0000000256778482
0.4650390625000000	0.5000000000000000	-0.0000000254897556
0.4654296875000000	0.5000000000000000	-0.0000000252996270
0.4658203125000000	0.5000000000000000	-0.0000000251074747
0.4662109375000000	0.5000000000000000	-0.0000000249133112
0.4666015625000000	0.5000000000000000	-0.0000000247171494
0.4669921875000000	0.5000000000000000	-0.0000000245190024
0.4673828125000000	0.5000000000000000	-0.0000000243188836
0.4677734375000000	0.5000000000000000	-0.0000000241168068
0.4681640625000000	0.5000000000000000	-0.0000000239127859
0.4685546875000000	0.5000000000000000	-0.0000000237068351
0.4689453125000000	0.5000000000000000	-0.0000000234989690
0.4693359375000000	0.5000000000000000	-0.0000000232892024
0.4697265625000000	0.5000000000000000	-0.0000000230775503
0.4701171875000000	0.5000000000000000	-0.0000000228640280
0.4705078125000000	0.5000000000000000	-0.0000000226486512
0.4708984375000000	0.5000000000000000	-0.0000000224314357
0.4712890625000000	0.5000000000000000	-0.0000000222123977
0.4716796875000000	0.5000000000000000	-0.0000000219915535
0.4720703125000000	0.5000000000000000	-0.0000000217689198
0.4724609375000000	0.5000000000000000	-0.0000000215445134
0.4728515625000000	0.5000000000000000	-0.0000000213183517
0.4732421875000000	0.5000000000000000	-0.0000000210904519
0.4736328124999999	0.5000000000000000	-0.0000000208608317
0.4740234375000000	0.5000000000000000	-0.0000000206295092
0.4744140625000000	0.5000000000000000	-0.0000000203965023
0.4748046875000000	0.5000000000000000	-0.0000000201618296
0.6251953125000000	0.5000000000000000	0.0000000186321256
0.6255859375000001	0.5000000000000000	0.0000000185065915
0.6259765625000002	0.5000000000000000	0.0000000183811449
0.6263671875000001	0.5000000000000000	0.0000000182557968
0.6267578125000002	0.5000000000000000	0.0000000181305578
0.6271484375000000	0.5000000000000000	0.0000000180054388
0.6275390625000001	0.5000000000000000	0.0000000178804502
0.6279296875000000	0.5000000000000000	0.0000000177556024
0.6283203125000001	0.5000000000000000	0.0000000176309058
0.6287109375000000	0.5000000000000000	0.0000000175063705
0.6291015625000000	0.5000000000000000	0.0000000173820065
0.6294921875000001	0.5000000000000000	0.0000000172578238
0.3705078125000000	0.5000000000000000	-0.0000000182057627
0.3708984375000000	0.5000000000000000	-0.0000000183395604
0.3712890625000000	0.5000000000000000	-0.0000000184736074
0.3716796875000000	0.5000000000000000	-0.0000000186078939
0.3720703125000000	0.5000000000000000	-0.0000000187424099
0.3724609375000000	0.5000000000000000	-0.0000000188771453
0.3728515625000000	0.5000000000000000	-0.0000000190120900
0.3732421875000000	0.5000000000000000	-0.0000000191472335
0.3736328125000000	0.5000000000000000	-0.0000000192825654
0.3740234375000000	0.5000000000000000	-0.0000000194180751
0.3744140625000000	0.5000000000000000	-0.0000000195537519
0.3748046875000000	0.5000000000000000	-0.0000000196895850
