0.0250000000000000	0.5000000000000000	-0.0000285107255478
0.0750000000000000	0.5000000000000000	-0.0000278086953865
0.1250000000000000	0.5000000000000000	-0.0000264238109930
0.1750000000000000	0.5000000000000000	-0.0000243862847539
0.2250000000000000	0.5000000000000000	-0.0000228836371068
0.2750000000000000	0.5000000000000000	-0.0000195341903024
0.7250000000000001	0.5000000000000000	0.0000125102683315
0.7749999999999999	0.5000000000000000	0.0000145009788329
0.8250000000000001	0.5000000000000000	0.0000000661639127
0.8750000000000000	0.5000000000000000	0.0000000711814776
0.9250000000000000	0.5000000000000000	0.0000000000413310
0.9750000000000000	0.5000000000000000	0.0000000000421106
0.3125000000000001	0.5000000000000000	-0.0000139045999480
0.3375000000000000	0.5000000000000000	-0.0000121830659340
0.4875000000000000	0.5000000000000000	-0.0000148022133038
0.5125000000000000	0.5000000000000000	0.0000511150282997
0.6625000000000001	0.5000000000000000	0.0000262838933492
0.6875000000000000	0.5000000000000000	0.0000297598515451
0.3625000000000000	0.5000000000000000	-0.0000466880599208
0.3875000000000000	0.5000000000000000	-0.0000383057917961
0.4062500000000000	0.5000000000000000	-0.0000218286615738
0.4187500000000001	0.5000000000000000	-0.0000189165792201
0.4312500000000000	0.5000000000000000	-0.0000239386585971
0.4437500000000000	0.5000000000000000	-0.0000194965459270
0.4562500000000000	0.5000000000000000	-0.0000198880355604
0.4687500000000000	0.5000000000000000	-0.0000139406926366
0.5312500000000000	0.5000000000000000	0.0000174669651183
0.5437500000000001	0.5000000000000000	0.0000239754357578
0.5562500000000000	0.5000000000000000	0.0000244654915844
0.5687500000000001	0.5000000000000000	0.0000296255402610
0.5812500000000000	0.5000000000000000	0.0000246365966855
0.5937500000000001	0.5000000000000000	0.0000282238641731
0.6062500000000001	0.5000000000000000	0.0000198823375394
0.6187500000000001	0.5000000000000000	0.0000220685294131
0.6312500000000001	0.5000000000000000	0.0000133780798577
0.6437500000000002	0.5000000000000000	0.0000145455986712
