0.8250000000000001	0.4538154586691795	
0.8750000000000000	0.3086928011603022	
0.9250000000000000	0.1559532920812769	
0.9750000000000000	-0.0006421116200880	
0.7625000000000000	0.6494265100078260	
0.7875000000000001	0.5877478624879637	
0.4937500000000000	1.0000003426467496	
0.5062500000000000	0.9992293293467871	
0.7187500000000001	0.7604026743522940	
0.7312500000000001	0.7343175421139061	
0.7437500000000000	0.7071000650330418	
0.6656250000000001	0.8627339390952389	
0.6718750000000000	0.8526395553180659	
0.6781250000000001	0.8422164572464088	
0.6843750000000000	0.8314686631829868	
0.4718750000000000	0.9969175897040197	
0.5281250000000000	0.9951849548105154	
0.5343750000000000	0.9930686510975102	
0.6906250000000000	0.8204003166070049	
0.6968750000000001	0.8090156845767635	
0.4781250000000000	0.9982658878143076	
0.4843750000000000	0.9992293293467818	
0.5156250000000000	0.9982658878143144	
0.5218750000000001	0.9969175897040281	
0.7031250000000000	0.7973191560846271	
0.7093750000000001	0.7853152403649823	
0.4390625000000000	0.9826534571431804	
0.4421875000000000	0.9844267530238240	
0.4453125000000000	0.9861051674418656	
0.4484375000000000	0.9876885386282304	
0.6015625000000001	0.9479769784343131	
0.6046875000000000	0.9448060467893862	
0.6078125000000001	0.9415440524055313	
0.6109375000000000	0.9381913096805563	
0.6140625000000001	0.9347481417587833	
0.6171875000000001	0.9312148804999031	
0.6203125000000002	0.9275918664469898	
0.6234375000000001	0.9238794487936788	
0.5703125000000001	0.9746149885976935	
0.5734375000000000	0.9723700314156954	
0.5765625000000001	0.9700313548205608	
0.5796875000000000	0.9675991842188078	
0.5828125000000001	0.9650737540281006	
0.5859375000000001	0.9624553076546577	
0.5890625000000002	0.9597440974697905	
0.5921875000000001	0.9569403847855795	
0.5953125000000001	0.9540444398296888	
0.5984375000000001	0.9510565417193203	
0.6265625000000001	0.9200779853505099	
0.6296875000000001	0.9161878425104419	
0.6328125000000001	0.9122093952135388	
0.6359375000000002	0.9081430269108313	
0.6390625000000002	0.9039891295273599	
0.6421875000000001	0.8997481034244006	
0.6453125000000002	0.8954203573608757	
0.6484375000000001	0.8910063084539583	
0.5515625000000001	0.9861051419450075	
0.5546875000000000	0.9844267275269667	
0.5578125000000000	0.9826534316463240	
0.5609375000000000	0.9807854252170274	
0.5640625000000000	0.9788228882814243	
0.5671875000000001	0.9767660099929096	
0.4515625000000000	0.9891767139743080	
0.4546875000000000	0.9905695500466611	
0.4578125000000001	0.9918669126008501	
0.4609375000000000	0.9930686765943719	
0.6515625000000002	0.8865063821388695	
0.6546875000000001	0.8819210121278733	
0.6578125000000001	0.8772506403684752	
0.6609375000000001	0.8724957170008258	
0.5390625000000001	0.9918668871039892	
0.5421875000000000	0.9905695245498010	
0.5453125000000001	0.9891766884774487	
0.5484375000000000	0.9876885131313717	
0.4640625000000000	0.9941747261987113	
0.4671875000000000	0.9951849548105054	
0.3742187500000000	0.9238796456892000	
0.3757812500000000	0.9257470021798806	
0.3773437500000000	0.9275920521608483	
0.3789062500000000	0.9294147511743962	
0.3804687500000000	0.9312150553013789	
0.3820312500000000	0.9329929211622701	
0.3835937500000000	0.9347483059182087	
0.3851562500000000	0.9364811672720308	
0.3867187500000000	0.9381914634692887	
0.3882812500000000	0.9398791532992579	
0.3898437500000000	0.9415441960959283	
0.3914062500000000	0.9431865517389859	
0.3929687500000000	0.9448061806547785	
0.3945312500000001	0.9464030438172695	
0.3960937500000000	0.9479771027489783	
0.3976562500000000	0.9495283195219073	
0.3992187500000000	0.9510566567584562	
0.4007812500000000	0.9525620776323223	
0.4023437500000000	0.9540445458693875	
0.4039062500000000	0.9555040257485934	
0.4054687500000000	0.9569404821028009	
0.4070312500000000	0.9583538803196381	
0.4085937500000000	0.9597441863423346	
0.4101562500000001	0.9611113666705413	
0.4117187500000000	0.9624553883611384	
0.4132812500000000	0.9637762190290289	
0.4148437500000000	0.9650738268479191	
0.4164062500000000	0.9663481805510847	
0.4179687500000001	0.9675992494321253	
0.4195312500000001	0.9688270033457036	
0.4210937500000000	0.9700314127082721	
0.4226562500000001	0.9712124484987856	
0.4242187500000000	0.9723700822594008	
0.4257812500000001	0.9735042860961617	
0.4273437500000000	0.9746150326796723	
0.4289062500000000	0.9757022952457544	
0.4304687500000000	0.9767660475960929	
0.4320312500000000	0.9778062640988670	
0.4335937500000000	0.9788229196893676	
0.4351562500000000	0.9798159898706019	
0.4367187500000000	0.9807854507138831	
0.2207031250000000	0.6400678356861501	
0.2214843750000000	0.6419516435546604	
0.2222656250000000	0.6438315843536084	
0.2230468750000000	0.6457076467583700	
0.2238281250000000	0.6475798194676858	
0.2246093750000000	0.6494480912037267	
0.2253906250000000	0.6513124507121630	
0.2261718750000000	0.6531728867622322	
0.2269531250000000	0.6550293881468059	
0.2277343750000000	0.6568819436824587	
0.2285156250000000	0.6587305422095340	
0.2292968750000000	0.6605751725922118	
0.2300781250000000	0.6624158237185764	
0.2308593750000000	0.6642524845006829	
0.2316406250000000	0.6660851438746234	
0.2324218750000000	0.6679137908005941	
0.2332031250000000	0.6697384142629628	
0.2339843750000000	0.6715590032703338	
0.2347656250000000	0.6733755468556146	
0.2355468750000000	0.6751880340760819	
0.2363281250000000	0.6769964540134477	
0.2371093750000000	0.6788007957739255	
0.2378906250000000	0.6806010484882947	
0.2386718750000000	0.6823972013119675	
0.2394531250000000	0.6841892434250532	
0.2402343750000000	0.6859771640324235	
0.2410156250000000	0.6877609523637780	
0.2417968750000000	0.6895405976737088	
0.2425781250000000	0.6913160892417656	
0.2433593750000000	0.6930874163725188	
0.2441406250000000	0.6948545683956264	
0.2449218750000000	0.6966175346658963	
0.2457031250000000	0.6983763045633511	
0.2464843750000000	0.7001308674932920	
0.2472656250000000	0.7018812128863627	
0.2480468750000000	0.7036273301986131	
0.2488281250000000	0.7053692089115626	
0.2496093750000000	0.7071068385322639	
0.2503906250000000	0.7088402085933656	
0.2511718750000000	0.7105693086531756	
0.2519531250000000	0.7122941282957240	
0.2527343750000000	0.7140146571308263	
0.2535156250000000	0.7157308847941448	
0.2542968750000000	0.7174428009472518	
0.2550781249999999	0.7191503952776924	
0.2558593750000000	0.7208536574990456	
0.2566406250000000	0.7225525773509865	
0.2574218750000000	0.7242471445993488	
0.2582031250000000	0.7259373490361857	
0.2589843750000000	0.7276231804798317	
0.2597656250000000	0.7293046287749638	
0.2605468750000001	0.7309816837926629	
0.2613281250000000	0.7326543354304744	
0.2621093750000000	0.7343225736124699	
0.2628906250000000	0.7359863882893068	
0.2636718750000000	0.7376457694382895	
0.2644531250000000	0.7393007070634299	
0.2652343750000000	0.7409511911955067	
0.2660156250000000	0.7425972118921269	
0.2667968750000000	0.7442387592377846	
0.2675781250000000	0.7458758233439207	
0.2683593750000001	0.7475083943489831	
0.2691406250000000	0.7491364624184860	
0.2699218750000001	0.7507600177450686	
0.2707031250000000	0.7523790505485544	
0.2714843750000000	0.7539935510760110	
0.2722656250000001	0.7556035096018072	
0.2730468750000000	0.7572089164276732	
0.2738281250000000	0.7588097618827576	
0.2746093750000000	0.7604060363236871	
0.2753906250000000	0.7619977301346232	
0.2761718750000001	0.7635848337273214	
0.2769531250000000	0.7651673375411874	
0.2777343750000000	0.7667452320433366	
0.2785156250000000	0.7683185077286503	
0.2792968750000000	0.7698871551198329	
0.2800781250000000	0.7714511647674693	
0.2808593750000000	0.7730105272500822	
0.2816406250000000	0.7745652331741884	
0.2824218750000000	0.7761152731743550	
0.2832031250000000	0.7776606379132570	
0.2839843750000001	0.7792013180817319	
0.2847656250000000	0.7807373043988377	
0.2855468750000001	0.7822685876119071	
0.2863281250000000	0.7837951584966042	
0.2871093750000000	0.7853170078569801	
0.2878906250000001	0.7868341265255272	
0.2886718750000000	0.7883465053632361	
0.2894531250000000	0.7898541352596495	
0.2902343750000000	0.7913570071329172	
0.2910156250000000	0.7928551119298510	
0.2917968750000001	0.7943484406259795	
0.2925781250000000	0.7958369842256017	
0.2933593750000001	0.7973207337618420	
0.2941406250000000	0.7987996802967039	
0.2949218750000001	0.8002738149211237	
0.2957031250000001	0.8017431287550243	
0.2964843750000000	0.8032076129473686	
0.2972656250000001	0.8046672586762136	
0.2980468750000000	0.8061220571487617	
0.2988281250000000	0.8075719996014155	
0.2996093750000001	0.8090170772998297	
0.3003906250000000	0.8104572815389641	
0.3011718750000001	0.8118926036431358	
0.3019531250000000	0.8133230349660711	
0.3027343750000000	0.8147485668909586	
0.3035156250000001	0.8161691908305004	
0.3042968750000000	0.8175848982269636	
0.3050781250000000	0.8189956805522326	
0.3058593750000000	0.8204015293078597	
0.3066406250000000	0.8218024360251168	
0.3074218750000001	0.8231983922650465	
0.3082031250000000	0.8245893896185121	
0.3089843750000001	0.8259754197062494	
0.3097656250000000	0.8273564741789166	
0.3105468750000001	0.8287325447171445	
0.3113281250000001	0.8301036230315868	
0.3121093750000000	0.8314697008629699	
0.3128906250000001	0.8328307699821427	
0.3136718750000000	0.8341868221901261	
0.3144531250000000	0.8355378493181633	
0.3152343750000001	0.8368838432277674	
0.3160156250000000	0.8382247958107711	
0.3167968750000001	0.8395606989893765	
0.3175781250000000	0.8408915447162022	
0.3183593750000001	0.8422173249743328	
0.3191406250000001	0.8435380317773669	
0.3199218750000001	0.8448536571694651	
0.3207031250000001	0.8461641932253983	
0.3214843750000000	0.8474696320505946	
0.3222656250000001	0.8487699657811881	
0.3230468750000001	0.8500651865840655	
0.3238281250000000	0.8513552866569130	
0.3246093750000001	0.8526402582282642	
0.3253906250000000	0.8539200935575459	
0.3261718750000001	0.8551947849351258	
0.3269531250000001	0.8564643246823578	
0.3277343750000000	0.8577287051516294	
0.3285156250000001	0.8589879187264065	
0.3292968750000000	0.8602419578212807	
0.3300781250000000	0.8614908148820140	
0.3308593750000001	0.8627344823855845	
0.3316406250000000	0.8639729528402318	
0.3324218750000001	0.8652062187855023	
0.3332031250000000	0.8664342727922938	
0.3339843750000000	0.8676571074629009	
0.3347656250000001	0.8688747154310583	
0.3355468750000000	0.8700870893619865	
0.3363281250000000	0.8712942219524356	
0.3371093750000000	0.8724961059307283	
0.3378906250000000	0.8736927340568057	
0.3386718750000001	0.8748840991222688	
0.3394531250000000	0.8760701939504234	
0.3402343750000000	0.8772510113963228	
0.3410156250000000	0.8784265443468104	
0.3417968750000000	0.8795967857205638	
0.3425781250000000	0.8807617284681359	
0.3433593750000000	0.8819213655719986	
0.3441406250000000	0.8830756900465846	
0.3449218750000000	0.8842246949383288	
0.3457031250000000	0.8853683733257119	
0.3464843750000001	0.8865067183193003	
0.3472656250000000	0.8876397230617887	
0.3480468750000001	0.8887673807280412	
0.3488281250000000	0.8898896845251316	
0.3496093750000000	0.8910066276923860	
0.3503906250000001	0.8921182035014217	
0.3511718750000000	0.8932244052561888	
0.3519531250000000	0.8943252262930109	
0.3527343750000000	0.8954206599806240	
0.3535156250000000	0.8965106997202170	
0.3542968750000001	0.8975953389454718	
0.3550781250000000	0.8986745711226030	
0.3558593750000001	0.8997483897503959	
0.3566406250000000	0.9008167883602475	
0.3574218750000001	0.9018797605162039	
0.3582031250000001	0.9029372998150003	
0.3589843750000000	0.9039893998860986	
0.3597656250000001	0.9050360543917269	
0.3605468750000000	0.9060772570269162	
0.3613281250000000	0.9071130015195394	
0.3621093750000001	0.9081432816303490	
0.3628906250000000	0.9091680911530141	
0.3636718750000001	0.9101874239141590	
0.3644531250000000	0.9112012737733988	
0.3652343750000000	0.9122096346233779	
0.3660156250000001	0.9132125003898055	
0.3667968750000000	0.9142098650314929	
0.3675781250000000	0.9152017225403899	
0.3683593750000000	0.9161880669416209	
0.3691406250000000	0.9171688922935208	
0.3699218750000001	0.9181441926876708	
0.3707031250000000	0.9191139622489337	
0.3714843750000000	0.9200781951354904	
0.3722656250000000	0.9210368855388738	
0.3730468750000000	0.9219900276840043	
0.0001953125000000	0.0012271843992938	
0.0005859375000000	0.0024543669504700	
0.0009765625000000	0.0036815458054139	
0.0013671875000000	0.0049087191160165	
0.0017578125000000	0.0061358850341767	
0.0021484375000000	0.0073630417118049	
0.0025390625000000	0.0085901873008254	
0.0029296875000000	0.0098173199531791	
0.0033203125000000	0.0110444378208264	
0.0037109375000000	0.0122715390557498	
0.0041015625000000	0.0134986218099573	
0.0044921875000000	0.0147256842354842	
0.0048828125000000	0.0159527244843968	
0.0052734375000000	0.0171797407087947	
0.0056640625000000	0.0184067310608135	
0.0060546875000000	0.0196336936926279	
0.0064453125000000	0.0208606267564545	
0.0068359375000000	0.0220875284045542	
0.0072265625000000	0.0233143967892353	
0.0076171875000000	0.0245412300628562	
0.0080078125000000	0.0257680263778281	
0.0083984375000000	0.0269947838866179	
0.0087890625000000	0.0282215007417511	
0.0091796875000000	0.0294481750958142	
0.0095703125000000	0.0306748051014578	
0.0099609375000000	0.0319013889113992	
0.0103515625000000	0.0331279246784255	
0.0107421875000000	0.0343544105553959	
0.0111328125000000	0.0355808446952449	
0.0115234375000000	0.0368072252509847	
0.0119140625000000	0.0380335503757086	
0.0123046875000000	0.0392598182225929	
0.0126953125000000	0.0404860269449005	
0.0130859375000000	0.0417121746959832	
0.0134765625000000	0.0429382596292846	
0.0138671875000000	0.0441642798983430	
0.0142578125000000	0.0453902336567940	
0.0146484375000000	0.0466161190583734	
0.0150390625000000	0.0478419342569200	
0.0154296875000000	0.0490676774063782	
0.0158203125000000	0.0502933466608009	
0.0162109375000000	0.0515189401743525	
0.0166015625000000	0.0527444561013113	
0.0169921875000000	0.0539698925960724	
0.0173828125000000	0.0551952478131506	
0.0177734375000000	0.0564205199071830	
0.0181640625000000	0.0576457070329322	
0.0185546875000000	0.0588708073452883	
0.0189453125000000	0.0600958189992724	
0.0193359375000000	0.0613207401500393	
0.0197265625000000	0.0625455689528796	
0.0201171875000000	0.0637703035632235	
0.0205078125000000	0.0649949421366427	
0.0208984375000000	0.0662194828288535	
0.0212890625000000	0.0674439237957199	
0.0216796875000000	0.0686682631932560	
0.0220703125000000	0.0698924991776288	
0.0224609375000000	0.0711166299051608	
0.0228515625000000	0.0723406535323334	
0.0232421875000000	0.0735645682157892	
0.0236328125000000	0.0747883721123347	
0.0240234375000000	0.0760120633789433	
0.0244140625000000	0.0772356401727584	
0.0248046875000000	0.0784591006510949	
0.0251953125000000	0.0796824429714440	
0.0255859375000000	0.0809056652914739	
0.0259765625000000	0.0821287657690341	
0.0263671875000000	0.0833517425621571	
0.0267578125000000	0.0845745938290622	
0.0271484375000000	0.0857973177281576	
0.0275390625000000	0.0870199124180429	
0.0279296875000000	0.0882423760575128	
0.0283203125000000	0.0894647068055590	
0.0287109375000000	0.0906869028213736	
0.0291015625000000	0.0919089622643516	
0.0294921875000000	0.0931308832940933	
0.0298828125000000	0.0943526640704078	
0.0302734375000000	0.0955743027533154	
0.0306640625000000	0.0967957975030503	
0.0310546875000000	0.0980171464800633	
0.0314453125000000	0.0992383478450253	
0.0318359375000000	0.1004593997588288	
0.0322265625000000	0.1016803003825919	
0.0326171875000000	0.1029010478776601	
0.0330078125000000	0.1041216404056098	
0.0333984375000000	0.1053420761282509	
0.0337890625000000	0.1065623532076289	
0.0341796875000000	0.1077824698060290	
0.0345703125000000	0.1090024240859772	
0.0349609375000000	0.1102222142102448	
0.0353515625000000	0.1114418383418496	
0.0357421875000000	0.1126612946440601	
0.0361328125000000	0.1138805812803966	
0.0365234375000000	0.1150996964146360	
0.0369140625000000	0.1163186382108126	
0.0373046875000000	0.1175374048332221	
0.0376953125000000	0.1187559944464242	
0.0380859375000000	0.1199744052152448	
0.0384765625000000	0.1211926353047793	
0.0388671875000000	0.1224106828803953	
0.0392578125000000	0.1236285461077350	
0.0396484375000000	0.1248462231527186	
0.0400390625000000	0.1260637121815462	
0.0404296875000000	0.1272810113607017	
0.0408203125000000	0.1284981188569544	
0.0412109375000000	0.1297150328373621	
0.0416015625000000	0.1309317514692747	
0.0419921875000000	0.1321482729203358	
0.0423828125000000	0.1333645953584859	
0.0427734375000000	0.1345807169519657	
0.0431640625000000	0.1357966358693182	
0.0435546875000000	0.1370123502793908	
0.0439453125000000	0.1382278583513403	
0.0443359375000000	0.1394431582546329	
0.0447265625000000	0.1406582481590494	
0.0451171875000000	0.1418731262346862	
0.0455078125000000	0.1430877906519586	
0.0458984375000000	0.1443022395816045	
0.0462890625000000	0.1455164711946851	
0.0466796875000000	0.1467304836625902	
0.0470703125000000	0.1479442751570384	
0.0474609375000000	0.1491578438500819	
0.0478515625000000	0.1503711879141083	
0.0482421875000000	0.1515843055218431	
0.0486328125000000	0.1527971948463536	
0.0490234375000000	0.1540098540610495	
0.0494140625000000	0.1552222813396887	
0.0498046875000000	0.1564344748563773	
0.0501953125000000	0.1576464327855743	
0.0505859375000000	0.1588581533020920	
0.0509765625000000	0.1600696345811021	
0.0513671875000000	0.1612808747981348	
0.0517578125000000	0.1624918721290854	
0.0521484375000000	0.1637026247502127	
0.0525390625000000	0.1649131308381459	
0.0529296875000000	0.1661233885698841	
0.0533203125000000	0.1673333961228014	
0.0537109375000000	0.1685431516746485	
0.0541015625000000	0.1697526534035549	
0.0544921875000000	0.1709618994880328	
0.0548828125000000	0.1721708881069801	
0.0552734375000000	0.1733796174396810	
0.0556640625000000	0.1745880856658120	
0.0560546875000000	0.1757962909654403	
0.0564453125000000	0.1770042315190323	
0.0568359375000000	0.1782119055074499	
0.0572265625000000	0.1794193111119588	
0.0576171875000000	0.1806264465142275	
0.0580078125000000	0.1818333098963320	
0.0583984375000000	0.1830398994407582	
0.0587890625000000	0.1842462133304033	
0.0591796875000000	0.1854522497485812	
0.0595703125000000	0.1866580068790223	
0.0599609375000000	0.1878634829058784	
0.0603515625000000	0.1890686760137244	
0.0607421875000000	0.1902735843875613	
0.0611328125000000	0.1914782062128185	
0.0615234375000000	0.1926825396753580	
0.0619140625000000	0.1938865829614748	
0.0623046875000000	0.1950903342579011	
0.0626953125000000	0.1962937917518101	
0.0630859375000000	0.1974969536308161	
0.0634765625000000	0.1986998180829790	
0.0638671875000000	0.1999023832968073	
0.0642578125000000	0.2011046474612585	
0.0646484375000000	0.2023066087657451	
0.0650390625000000	0.2035082654001351	
0.0654296875000000	0.2047096155547553	
0.0658203125000000	0.2059106574203941	
0.0662109375000000	0.2071113891883036	
0.0666015625000000	0.2083118090502044	
0.0669921875000000	0.2095119151982851	
0.0673828125000000	0.2107117058252080	
0.0677734375000000	0.2119111791241099	
0.0681640625000000	0.2131103332886060	
0.0685546875000000	0.2143091665127912	
0.0689453125000000	0.2155076769912447	
0.0693359375000000	0.2167058629190312	
0.0697265625000000	0.2179037224917047	
0.0701171875000000	0.2191012539053102	
0.0705078125000000	0.2202984553563867	
0.0708984375000000	0.2214953250419710	
0.0712890625000000	0.2226918611595982	
0.0716796875000000	0.2238880619073074	
0.0720703125000000	0.2250839254836413	
0.0724609375000000	0.2262794500876512	
0.0728515625000000	0.2274746339188986	
0.0732421875000000	0.2286694751774585	
0.0736328125000000	0.2298639720639214	
0.0740234375000000	0.2310581227793960	
0.0744140625000000	0.2322519255255137	
0.0748046875000000	0.2334453785044288	
0.0751953125000000	0.2346384799188229	
0.0755859375000000	0.2358312279719065	
0.0759765625000000	0.2370236208674228	
0.0763671875000000	0.2382156568096491	
0.0767578125000000	0.2394073340034023	
0.0771484375000000	0.2405986506540361	
0.0775390625000000	0.2417896049674512	
0.0779296875000000	0.2429801951500900	
0.0783203125000000	0.2441704194089460	
0.0787109375000000	0.2453602759515640	
0.0791015625000000	0.2465497629860398	
0.0794921875000000	0.2477388787210285	
0.0798828125000000	0.2489276213657428	
0.0802734375000000	0.2501159891299580	
0.0806640625000000	0.2513039802240140	
0.0810546875000000	0.2524915928588169	
0.0814453125000000	0.2536788252458446	
0.0818359375000000	0.2548656755971457	
0.0822265625000000	0.2560521421253453	
0.0826171875000000	0.2572382230436464	
0.0830078125000000	0.2584239165658324	
0.0833984375000000	0.2596092209062702	
0.0837890625000000	0.2607941342799129	
0.0841796875000000	0.2619786549023028	
0.0845703125000000	0.2631627809895725	
0.0849609375000000	0.2643465107584506	
0.0853515625000000	0.2655298424262604	
0.0857421875000000	0.2667127742109262	
0.0861328125000000	0.2678953043309737	
0.0865234375000000	0.2690774310055352	
0.0869140625000000	0.2702591524543482	
0.0873046875000000	0.2714404668977608	
0.0876953125000000	0.2726213725567372	
0.0880859375000000	0.2738018676528520	
0.0884765625000000	0.2749819504083028	
0.0888671875000000	0.2761616190459068	
0.0892578125000000	0.2773408717891017	
0.0896484375000000	0.2785197068619572	
0.0900390625000000	0.2796981224891670	
0.0904296875000000	0.2808761168960591	
0.0908203125000000	0.2820536883085953	
0.0912109375000000	0.2832308349533740	
0.0916015625000000	0.2844075550576340	
0.0919921875000000	0.2855838468492553	
0.0923828125000000	0.2867597085567656	
0.0927734375000000	0.2879351384093359	
0.0931640625000000	0.2891101346367923	
0.0935546875000000	0.2902846954696107	
0.0939453125000000	0.2914588191389233	
0.0943359375000000	0.2926325038765221	
0.0947265625000000	0.2938057479148579	
0.0951171875000000	0.2949785494870480	
0.0955078125000000	0.2961509068268721	
0.0958984375000000	0.2973228181687838	
0.0962890625000000	0.2984942817479040	
0.0966796875000000	0.2996652958000306	
0.0970703125000000	0.3008358585616370	
0.0974609375000000	0.3020059682698775	
0.0978515625000000	0.3031756231625869	
0.0982421875000000	0.3043448214782880	
0.0986328125000000	0.3055135614561875	
0.0990234375000000	0.3066818413361850	
0.0994140625000000	0.3078496593588715	
0.0998046875000000	0.3090170137655343	
0.1001953125000000	0.3101839027981599	
0.1005859375000000	0.3113503246994327	
0.1009765625000000	0.3125162777127437	
0.1013671875000000	0.3136817600821877	
0.1017578125000000	0.3148467700525709	
0.1021484375000000	0.3160113058694071	
0.1025390625000000	0.3171753657789291	
0.1029296875000000	0.3183389480280814	
0.1033203125000000	0.3195020508645306	
0.1037109375000000	0.3206646725366666	
0.1041015625000000	0.3218268112936000	
0.1044921875000000	0.3229884653851722	
0.1048828125000000	0.3241496330619519	
0.1052734375000000	0.3253103125752421	
0.1056640625000000	0.3264705021770819	
0.1060546875000000	0.3276302001202435	
0.1064453125000000	0.3287894046582470	
0.1068359375000000	0.3299481140453477	
0.1072265625000000	0.3311063265365512	
0.1076171875000000	0.3322640403876115	
0.1080078125000000	0.3334212538550318	
0.1083984375000000	0.3345779651960686	
0.1087890625000000	0.3357341726687365	
0.1091796875000000	0.3368898745318083	
0.1095703125000000	0.3380450690448171	
0.1099609375000000	0.3391997544680614	
0.1103515625000000	0.3403539290626049	
0.1107421875000000	0.3415075910902830	
0.1111328125000000	0.3426607388136999	
0.1115234375000000	0.3438133704962373	
0.1119140625000000	0.3449654844020525	
0.1123046875000000	0.3461170787960811	
0.1126953125000000	0.3472681519440457	
0.1130859375000000	0.3484187021124475	
0.1134765625000000	0.3495687275685816	
0.1138671875000000	0.3507182265805309	
0.1142578125000000	0.3518671974171670	
0.1146484375000000	0.3530156383481642	
0.1150390625000000	0.3541635476439888	
0.1154296875000000	0.3553109235759120	
0.1158203125000000	0.3564577644160051	
0.1162109375000000	0.3576040684371460	
0.1166015625000000	0.3587498339130240	
0.1169921875000000	0.3598950591181345	
0.1173828125000000	0.3610397423277906	
0.1177734375000000	0.3621838818181189	
0.1181640625000000	0.3633274758660679	
0.1185546875000000	0.3644705227494026	
0.1189453125000000	0.3656130207467186	
0.1193359375000000	0.3667549681374314	
0.1197265625000000	0.3678963632017911	
0.1201171875000000	0.3690372042208764	
0.1205078125000000	0.3701774894766000	
0.1208984375000000	0.3713172172517162	
0.1212890625000000	0.3724563858298123	
0.1216796875000000	0.3735949934953239	
0.1220703125000000	0.3747330385335260	
0.1224609375000000	0.3758705192305440	
0.1228515625000000	0.3770074338733534	
0.1232421875000000	0.3781437807497803	
0.1236328125000000	0.3792795581485080	
0.1240234375000000	0.3804147643590751	
0.1244140625000000	0.3815493976718823	
0.1248046875000000	0.3826834563781902	
0.1251953125000000	0.3838169387701318	
0.1255859375000000	0.3849498431406972	
0.1259765625000000	0.3860821677837579	
0.1263671875000000	0.3872139109940495	
0.1267578125000000	0.3883450710671902	
0.1271484375000000	0.3894756462996709	
0.1275390625000000	0.3906056349888677	
0.1279296875000000	0.3917350354330367	
0.1283203125000000	0.3928638459313222	
0.1287109375000000	0.3939920647837566	
0.1291015625000000	0.3951196902912602	
0.1294921875000000	0.3962467207556522	
0.1298828125000000	0.3973731544796423	
0.1302734375000000	0.3984989897668437	
0.1306640625000000	0.3996242249217689	
0.1310546875000000	0.4007488582498321	
0.1314453125000000	0.4018728880573585	
0.1318359375000000	0.4029963126515782	
0.1322265625000000	0.4041191303406330	
0.1326171875000000	0.4052413394335814	
0.1330078125000000	0.4063629382403966	
0.1333984375000000	0.4074839250719698	
0.1337890625000000	0.4086042982401159	
0.1341796875000000	0.4097240560575742	
0.1345703125000000	0.4108431968380081	
0.1349609375000000	0.4119617188960126	
0.1353515625000000	0.4130796205471123	
0.1357421875000000	0.4141969001077704	
0.1361328125000000	0.4153135558953809	
0.1365234375000000	0.4164295862282822	
0.1369140625000000	0.4175449894257540	
0.1373046875000000	0.4186597638080151	
0.1376953125000000	0.4197739076962406	
0.1380859375000000	0.4208874194125440	
0.1384765625000000	0.4220002972800030	
0.1388671875000000	0.4231125396226404	
0.1392578125000000	0.4242241447654386	
0.1396484375000000	0.4253351110343425	
0.1400390625000000	0.4264454367562551	
0.1404296875000000	0.4275551202590473	
0.1408203125000000	0.4286641598715548	
0.1412109375000000	0.4297725539235838	
0.1416015625000000	0.4308803007459147	
0.1419921875000000	0.4319873986702986	
0.1423828125000000	0.4330938460294677	
0.1427734375000000	0.4341996411571306	
0.1431640625000000	0.4353047823879829	
0.1435546875000000	0.4364092680576978	
0.1439453125000000	0.4375130965029431	
0.1443359375000000	0.4386162660613708	
0.1447265625000000	0.4397187750716297	
0.1451171875000000	0.4408206218733597	
0.1455078125000000	0.4419218048071982	
0.1458984375000000	0.4430223222147876	
0.1462890625000000	0.4441221724387636	
0.1466796875000000	0.4452213538227767	
0.1470703125000000	0.4463198647114756	
0.1474609375000001	0.4474177034505234	
0.1478515625000000	0.4485148683865968	
0.1482421875000000	0.4496113578673835	
0.1486328125000000	0.4507071702415905	
0.1490234375000000	0.4518023038589467	
0.1494140625000000	0.4528967570701953	
0.1498046875000000	0.4539905282271128	
0.1501953125000000	0.4550836156825014	
0.1505859375000000	0.4561760177901876	
0.1509765625000000	0.4572677329050355	
0.1513671875000000	0.4583587593829421	
0.1517578125000000	0.4594490955808392	
0.1521484375000000	0.4605387398567025	
0.1525390625000000	0.4616276905695457	
0.1529296875000000	0.4627159460794298	
0.1533203125000000	0.4638035047474619	
0.1537109375000000	0.4648903649357984	
0.1541015625000000	0.4659765250076456	
0.1544921875000000	0.4670619833272676	
0.1548828125000000	0.4681467382599838	
0.1552734375000001	0.4692307881721715	
0.1556640625000000	0.4703141314312734	
0.1560546875000000	0.4713967664057926	
0.1564453125000000	0.4724786914653004	
0.1568359375000000	0.4735599049804397	
0.1572265625000000	0.4746404053229172	
0.1576171875000000	0.4757201908655244	
0.1580078125000000	0.4767992599821200	
0.1583984375000000	0.4778776110476475	
0.1587890625000000	0.4789552424381283	
0.1591796875000001	0.4800321525306704	
0.1595703125000000	0.4811083397034665	
0.1599609375000001	0.4821838023357963	
0.1603515625000000	0.4832585388080346	
0.1607421875000000	0.4843325475016467	
0.1611328125000001	0.4854058267991956	
0.1615234375000000	0.4864783750843413	
0.1619140625000000	0.4875501907418474	
0.1623046875000000	0.4886212721575743	
0.1626953125000000	0.4896916177184990	
0.1630859375000001	0.4907612258126935	
0.1634765625000000	0.4918300948293546	
0.1638671875000000	0.4928982231587801	
0.1642578125000000	0.4939656091923884	
0.1646484375000000	0.4950322513227170	
0.1650390625000000	0.4960981479434211	
0.1654296875000000	0.4971632974492811	
0.1658203125000000	0.4982276982361991	
0.1662109375000000	0.4992913487012065	
0.1666015625000000	0.5003542472424671	
0.1669921875000000	0.5014163922592741	
0.1673828125000000	0.5024777821520552	
0.1677734375000000	0.5035384153223770	
0.1681640625000000	0.5045982901729472	
0.1685546875000000	0.5056574051076093	
0.1689453125000000	0.5067157585313595	
0.1693359375000000	0.5077733488503329	
0.1697265625000000	0.5088301744718216	
0.1701171875000000	0.5098862338042616	
0.1705078125000000	0.5109415252572481	
0.1708984375000000	0.5119960472415335	
0.1712890625000000	0.5130497981690207	
0.1716796875000000	0.5141027764527885	
0.1720703125000000	0.5151549805070629	
0.1724609375000000	0.5162064087472467	
0.1728515625000000	0.5172570595899084	
0.1732421875000000	0.5183069314527864	
0.1736328125000000	0.5193560227547915	
0.1740234375000000	0.5204043319160153	
0.1744140625000000	0.5214518573577169	
0.1748046875000000	0.5224985975023450	
0.1751953125000000	0.5235445507735299	
0.1755859375000000	0.5245897155960819	
0.1759765625000000	0.5256340903960031	
0.1763671875000000	0.5266776736004831	
0.1767578125000000	0.5277204636379045	
0.1771484375000000	0.5287624589378455	
0.1775390625000000	0.5298036579310784	
0.1779296875000000	0.5308440590495771	
0.1783203125000000	0.5318836607265174	
0.1787109375000001	0.5329224613962770	
0.1791015625000000	0.5339604594944394	
0.1794921875000000	0.5349976534578003	
0.1798828125000000	0.5360340417243638	
0.1802734375000000	0.5370696227333471	
0.1806640625000000	0.5381043949251844	
0.1810546875000000	0.5391383567415290	
0.1814453125000000	0.5401715066252510	
0.1818359375000000	0.5412038430204477	
0.1822265625000000	0.5422353643724340	
0.1826171875000000	0.5432660691277641	
0.1830078125000000	0.5442959557342111	
0.1833984375000000	0.5453250226407844	
0.1837890625000000	0.5463532682977295	
0.1841796875000000	0.5473806911565255	
0.1845703125000000	0.5484072896698947	
0.1849609375000000	0.5494330622917959	
0.1853515625000000	0.5504580074774332	
0.1857421875000000	0.5514821236832609	
0.1861328125000000	0.5525054093669758	
0.1865234375000000	0.5535278629875299	
0.1869140625000000	0.5545494830051263	
0.1873046875000000	0.5555702678812204	
0.1876953125000000	0.5565902160785352	
0.1880859375000000	0.5576093260610401	
0.1884765625000000	0.5586275962939792	
0.1888671875000000	0.5596450252438542	
0.1892578125000000	0.5606616113784343	
0.1896484375000000	0.5616773531667587	
0.1900390625000000	0.5626922490791413	
0.1904296875000000	0.5637062975871666	
0.1908203125000000	0.5647194971636942	
0.1912109375000000	0.5657318462828637	
0.1916015625000000	0.5667433434200981	
0.1919921875000000	0.5677539870521001	
0.1923828125000000	0.5687637756568562	
0.1927734375000000	0.5697727077136459	
0.1931640625000000	0.5707807817030359	
0.1935546875000000	0.5717879961068818	
0.1939453125000000	0.5727943494083412	
0.1943359375000000	0.5737998400918596	
0.1947265625000000	0.5748044666431911	
0.1951171875000000	0.5758082275493817	
0.1955078125000000	0.5768111212987893	
0.1958984375000000	0.5778131463810717	
0.1962890625000000	0.5788143012871968	
0.1966796875000000	0.5798145845094466	
0.1970703125000000	0.5808139945414099	
0.1974609375000000	0.5818125298779926	
0.1978515625000000	0.5828101890154223	
0.1982421875000000	0.5838069704512376	
0.1986328125000000	0.5848028726843069	
0.1990234375000000	0.5857978942148210	
0.1994140625000000	0.5867920335442898	
0.1998046875000000	0.5877852891755606	
0.2001953125000000	0.5887776596128097	
0.2005859375000000	0.5897691433615448	
0.2009765625000000	0.5907597389286073	
0.2013671875000000	0.5917494448221794	
0.2017578125000000	0.5927382595517805	
0.2021484375000000	0.5937261816282771	
0.2025390625000000	0.5947132095638717	
0.2029296875000000	0.5956993418721218	
0.2033203125000000	0.5966845770679285	
0.2037109375000000	0.5976689136675465	
0.2041015625000000	0.5986523501885794	
0.2044921875000000	0.5996348851499944	
0.2048828125000000	0.6006165170721066	
0.2052734375000000	0.6015972444765993	
0.2056640625000000	0.6025770658865132	
0.2060546875000000	0.6035559798262577	
0.2064453125000000	0.6045339848216035	
0.2068359375000000	0.6055110793996943	
0.2072265625000000	0.6064872620890389	
0.2076171875000000	0.6074625314195315	
0.2080078125000000	0.6084368859224283	
0.2083984375000000	0.6094103241303692	
0.2087890625000000	0.6103828445773777	
0.2091796875000000	0.6113544457988510	
0.2095703125000000	0.6123251263315785	
0.2099609375000001	0.6132948847137326	
0.2103515625000000	0.6142637194848717	
0.2107421875000000	0.6152316291859516	
0.2111328125000000	0.6161986123593164	
0.2115234375000000	0.6171646675487070	
0.2119140625000000	0.6181297932992629	
0.2123046875000000	0.6190939881575178	
0.2126953125000000	0.6200572506714191	
0.2130859375000000	0.6210195793903026	
0.2134765625000000	0.6219809728649254	
0.2138671875000000	0.6229414296474443	
0.2142578125000000	0.6239009482914263	
0.2146484375000000	0.6248595273518547	
0.2150390625000000	0.6258171653851281	
0.2154296875000000	0.6267738609490622	
0.2158203125000000	0.6277296126028868	
0.2162109375000000	0.6286844189072586	
0.2166015625000000	0.6296382784242583	
0.2169921875000000	0.6305911897173906	
0.2173828125000000	0.6315431513515848	
0.2177734375000000	0.6324941618932083	
0.2181640625000000	0.6334442199100547	
0.2185546875000000	0.6343933239713522	
0.2189453125000000	0.6353414726477702	
0.2193359375000000	0.6362886645114111	
0.2197265625000000	0.6372348981358241	
0.2201171875000000	0.6381801720959939	
