0.4250000000000000	0.1769015866758858	
0.4750000000000000	0.1745630555566878	
0.5250000000000000	0.1640824861991330	
0.5750000000000001	0.1355933449625867	
0.6250000000000001	0.0886226918219129	
0.6750000000000000	0.0416520386812391	
0.7250000000000001	0.0131628974446930	
0.7750000000000000	0.0026823280871381	
0.8250000000000001	0.0003437969679402	
0.8750000000000000	0.0000273111965659	
0.9250000000000000	0.0000013324624582	
0.9750000000000000	0.0000000390574470	
0.3625000000000000	0.1772637720775821	
0.3875000000000000	0.1771750058636510	
0.0687500000000000	0.1772992143597200	
0.0812500000000000	0.1772992143218320	
0.0937500000000000	0.1772992143012397	
0.1062500000000000	0.1772992142900495	
0.1187500000000000	0.1772992142837701	
0.1312500000000000	0.1772992142794952	
0.1437500000000000	0.1772992142742188	
0.1562500000000000	0.1772992142619330	
0.1687500000000000	0.1772992142263803	
0.1812500000000000	0.1772992141214054	
0.1937500000000000	0.1772992138182421	
0.2062500000000000	0.1772992129682991	
0.2187500000000000	0.1772992106580658	
0.2312500000000000	0.1772992045714876	
0.2437500000000000	0.1772991890289041	
0.2562500000000000	0.1772991505606595	
0.2687500000000000	0.1772990582801476	
0.2812500000000000	0.1772988437215338	
0.2937500000000001	0.1772983602062362	
0.3062500000000000	0.1772973041117323	
0.3187500000000001	0.1772950683596506	
0.3312500000000000	0.1772904808942404	
0.3437500000000000	0.1772813576298892	
0.0031250000000000	0.1772992153546775	
0.0093750000000000	0.1772992151139788	
0.0156250000000000	0.1772992149263445	
0.0218750000000000	0.1772992147802714	
0.0281250000000000	0.1772992146666957	
0.0343750000000000	0.1772992145784926	
0.0406250000000000	0.1772992145100699	
0.0468750000000000	0.1772992144570477	
0.0531250000000000	0.1772992144160003	
0.0593750000000000	0.1772992143842529	
