0.0250000000000000	0.0500000000000000	0.0000000000000000	
0.0750000000000000	0.0500000000000000	0.0000000000000001	
0.0250000000000000	0.1500000000000000	0.0000000000000042	
0.0750000000000000	0.1500000000000000	0.0000000000003566	
0.1250000000000000	0.0500000000000000	0.0000000000000070	
0.1750000000000000	0.0500000000000000	0.0000000000002192	
0.1250000000000000	0.1500000000000000	0.0000000000183065	
0.1750000000000000	0.1500000000000000	0.0000000005692959	
0.2250000000000000	0.0500000000000000	0.0000000000041773	
0.2750000000000000	0.0500000000000000	0.0000000000485077	
0.2250000000000000	0.1500000000000000	0.0000000107401974	
0.2750000000000000	0.1500000000000000	0.0000001232819545	
0.3250000000000001	0.0500000000000000	0.0000000003451615	
0.3750000000000000	0.0500000000000000	0.0000000015199250	
0.3250000000000001	0.1500000000000000	0.0000008656132386	
0.3750000000000000	0.1500000000000000	0.0000037537965992	
0.4250000000000000	0.0500000000000000	0.0000000042144931	
0.4750000000000000	0.0500000000000000	0.0000000075849074	
0.4250000000000000	0.1500000000000000	0.0000102289560595	
0.4750000000000000	0.1500000000000000	0.0000180598368053	
0.5250000000000000	0.0500000000000000	0.0000000093291928	
0.5750000000000001	0.0500000000000000	0.0000000085060403	
0.5250000000000000	0.1500000000000000	0.0000217826048025	
0.5750000000000001	0.1500000000000000	0.0000195231143398	
0.6250000000000001	0.0500000000000000	0.0000000063997207	
0.6750000000000000	0.0500000000000000	0.0000000044041226	
0.6250000000000001	0.1500000000000000	0.0000145220654415	
0.6750000000000000	0.1500000000000000	0.0000099439484069	
0.7250000000000001	0.0500000000000000	0.0000000029513227	
0.7749999999999999	0.0500000000000000	0.0000000019685215	
0.7250000000000001	0.1500000000000000	0.0000066555230716	
0.7749999999999999	0.1500000000000000	0.0000044389146678	
0.8250000000000001	0.0500000000000000	0.0000000013123823	
0.8750000000000000	0.0500000000000000	0.0000000008749221	
0.8250000000000001	0.1500000000000000	0.0000029597345363	
0.8750000000000000	0.1500000000000000	0.0000019734473753	
0.9250000000000000	0.0500000000000000	0.0000000005832814	
0.9750000000000000	0.0500000000000000	0.0000000003888543	
0.9250000000000000	0.1500000000000000	0.0000013158259764	
0.9750000000000000	0.1500000000000000	0.0000008773469351	
0.0250000000000000	0.2500000000000000	0.0000000000014844	
0.0750000000000000	0.2500000000000000	0.0000000001253961	
0.0250000000000000	0.3500000000000000	0.0000000000702950	
0.0750000000000000	0.3500000000000000	0.0000000058692222	
0.1250000000000000	0.2500000000000000	0.0000000063729171	
0.1750000000000000	0.2500000000000000	0.0000001958642375	
0.1250000000000000	0.3500000000000000	0.0000002942008447	
0.1750000000000000	0.3500000000000000	0.0000088952680394	
0.2250000000000000	0.2500000000000000	0.0000036447090540	
0.7250000000000001	0.2500000000000000	0.0008510470732156	
0.7749999999999999	0.2500000000000000	0.0005686771845173	
0.7749999999999999	0.3500000000000000	0.0082065702201789	
0.8250000000000001	0.2500000000000000	0.0003800797325998	
0.8750000000000000	0.2500000000000000	0.0002540430475481	
0.8250000000000001	0.3500000000000000	0.0055945591669974	
0.8750000000000000	0.3500000000000000	0.0038142636284422	
0.9250000000000000	0.2500000000000000	0.0001698006081349	
0.9750000000000000	0.2500000000000000	0.0001134928539415	
0.9250000000000000	0.3500000000000000	0.0025994398570583	
0.9750000000000000	0.3500000000000000	0.0017707908197290	
0.0250000000000000	0.4500000000000000	0.0000000004566683	
0.0750000000000000	0.4500000000000000	0.0000000375454084	
0.0250000000000000	0.5500000000000000	0.0000000005029381	
0.0750000000000000	0.5500000000000000	0.0000000407066563	
0.1250000000000000	0.4500000000000000	0.0000018467822065	
0.1250000000000000	0.5500000000000000	0.0000019608438878	
0.1750000000000000	0.5500000000000000	0.0000564588361647	
0.7250000000000001	0.5500000000000000	0.0223818722648960	
0.8250000000000001	0.4500000000000000	0.0205864837838819	
0.8750000000000000	0.4500000000000000	0.0149944256200217	
0.8250000000000001	0.5500000000000000	0.0254640094994296	
0.8750000000000000	0.5500000000000000	0.0219724245213219	
0.9250000000000000	0.4500000000000000	0.0108627358428162	
0.9750000000000000	0.4500000000000000	0.0078320871511406	
0.9250000000000000	0.5500000000000000	0.0182691596773910	
0.9750000000000000	0.5500000000000000	0.0147901350695614	
0.0250000000000000	0.6500000000000001	0.0000000002039422	
0.0750000000000000	0.6500000000000001	0.0000000164694626	
0.0250000000000000	0.7500000000000000	0.0000000000684410	
0.0750000000000000	0.7500000000000000	0.0000000055676709	
0.1250000000000000	0.6500000000000001	0.0000007880930099	
0.1750000000000000	0.6500000000000001	0.0000225258980499	
0.1250000000000000	0.7500000000000000	0.0000002676660941	
0.1750000000000000	0.7500000000000000	0.0000077120453366	
0.2250000000000000	0.6500000000000001	0.0002792108185826	
0.2250000000000000	0.7500000000000000	0.0000983788056009	
0.2750000000000000	0.7500000000000000	0.0005453000499702	
0.7250000000000001	0.6500000000000001	-0.0505171881310502	
0.7749999999999999	0.6500000000000001	-0.0256076456705331	
0.7250000000000001	0.7500000000000000	-0.0500586891385611	
0.7749999999999999	0.7500000000000000	-0.0419118518686850	
0.8250000000000001	0.6500000000000001	-0.0085923944599098	
0.8750000000000000	0.6500000000000001	0.0015955903703931	
0.8250000000000001	0.7500000000000000	-0.0308055574912783	
0.8750000000000000	0.7500000000000000	-0.0200051811512175	
0.9250000000000000	0.6500000000000001	0.0071534410273926	
0.9750000000000000	0.6500000000000001	0.0096990056485335	
0.9250000000000000	0.7500000000000000	-0.0109523071993768	
0.9750000000000000	0.7500000000000000	-0.0040685361695891	
0.0250000000000000	0.8500000000000000	0.0000000000228143	
0.0750000000000000	0.8500000000000000	0.0000000018711341	
0.0250000000000000	0.9500000000000000	0.0000000000076048	
0.0750000000000000	0.9500000000000000	0.0000000006287812	
0.1250000000000000	0.8500000000000000	0.0000000904700770	
0.1750000000000000	0.8500000000000000	0.0000026309745332	
0.1250000000000000	0.9500000000000000	0.0000000305758792	
0.1750000000000000	0.9500000000000000	0.0000008973753959	
0.2250000000000000	0.8500000000000000	0.0000345456751095	
0.2750000000000000	0.8500000000000000	0.0002047718930370	
0.2250000000000000	0.9500000000000000	0.0000121134743274	
0.2750000000000000	0.9500000000000000	0.0000763329319896	
0.3250000000000001	0.8500000000000000	0.0006827964172306	
0.3750000000000000	0.8500000000000000	0.0025768394279087	
0.3250000000000001	0.9500000000000000	0.0002784872894278	
0.3750000000000000	0.9500000000000000	0.0010446039398943	
0.4250000000000000	0.8500000000000000	0.0067411655242876	
0.4750000000000000	0.8500000000000000	0.0142543125393368	
0.4250000000000000	0.9500000000000000	0.0029434555147803	
0.4750000000000000	0.9500000000000000	0.0067137369170447	
0.5250000000000000	0.8500000000000000	0.0235117244247236	
0.5750000000000001	0.8500000000000000	0.0280055165871225	
0.5250000000000000	0.9500000000000000	0.0123130613110267	
0.5750000000000001	0.9500000000000000	0.0175438765351900	
0.6250000000000001	0.8500000000000000	0.0218131234354578	
0.6750000000000000	0.8500000000000000	0.0059965155811004	
0.6250000000000001	0.9500000000000000	0.0189669575455126	
0.6750000000000000	0.9500000000000000	0.0146434765781732	
0.7250000000000001	0.8500000000000000	-0.0126886687643177	
0.7749999999999999	0.8500000000000000	-0.0224297401576826	
0.7250000000000001	0.9500000000000000	0.0055327614197679	
0.7749999999999999	0.9500000000000000	-0.0037880724362135	
0.8250000000000001	0.8500000000000000	-0.0252216798217814	
0.8750000000000000	0.8500000000000000	-0.0234828469265746	
0.8250000000000001	0.9500000000000000	-0.0109326081977706	
0.8750000000000000	0.9500000000000000	-0.0151160209550267	
0.9250000000000000	0.8500000000000000	-0.0193060002360277	
0.9750000000000000	0.8500000000000000	-0.0142268450476787	
0.9250000000000000	0.9500000000000000	-0.0165126800772814	
0.9750000000000000	0.9500000000000000	-0.0157507326401362	
0.2625000000000000	0.2250000000000000	0.0000056224796424	
0.2875000000000000	0.2250000000000000	0.0000130234234390	
0.2625000000000000	0.2750000000000000	0.0000389522997986	
0.2875000000000000	0.2750000000000000	0.0001312648373185	
0.2125000000000000	0.3250000000000001	0.0000256909984003	
0.2375000000000000	0.3250000000000001	0.0000877278655313	
0.2125000000000000	0.3750000000000000	0.0000886252518578	
0.2375000000000000	0.3750000000000000	0.0003637521071433	
0.2625000000000000	0.3250000000000001	0.0002998101525927	
0.3125000000000001	0.2250000000000000	0.0000327842484438	
0.3375000000000000	0.2250000000000000	0.0000761822865452	
0.3125000000000001	0.2750000000000000	0.0003571820088193	
0.3375000000000000	0.2750000000000000	0.0008465922475605	
0.3625000000000000	0.2250000000000000	0.0001599000173476	
0.3875000000000000	0.2250000000000000	0.0002971486030436	
0.4125000000000000	0.2250000000000000	0.0004934718596001	
0.4375000000000000	0.2250000000000000	0.0007278979342522	
0.4625000000000000	0.2250000000000000	0.0009615084712586	
0.4875000000000000	0.2250000000000000	0.0011372317071413	
0.5125000000000000	0.2250000000000000	0.0012129948351173	
0.5375000000000001	0.2250000000000000	0.0011732937511571	
0.5375000000000001	0.2750000000000000	0.0107404776830167	
0.5625000000000000	0.2250000000000000	0.0010377264915692	
0.5875000000000001	0.2250000000000000	0.0008493407824905	
0.5625000000000000	0.2750000000000000	0.0098261312872224	
0.5875000000000001	0.2750000000000000	0.0081830136800689	
0.5875000000000001	0.3250000000000001	0.0402750786631150	
0.5875000000000001	0.3750000000000000	0.1471730656308297	
0.6125000000000000	0.2250000000000000	0.0006504506263975	
0.6375000000000002	0.2250000000000000	0.0004744279596736	
0.6125000000000000	0.2750000000000000	0.0063416761601671	
0.6375000000000002	0.2750000000000000	0.0046646562876533	
0.6625000000000001	0.2250000000000000	0.0003334953344474	
0.6875000000000000	0.2250000000000000	0.0002301501156457	
0.6625000000000001	0.2750000000000000	0.0033149806171491	
0.6875000000000000	0.2750000000000000	0.0023102259682654	
0.6125000000000000	0.3250000000000001	0.0317123319542524	
0.6375000000000002	0.3250000000000001	0.0235791035437743	
0.6625000000000001	0.3250000000000001	0.0169633761364048	
0.6875000000000000	0.3250000000000001	0.0120210571656347	
0.6625000000000001	0.3750000000000000	0.0480199625695836	
0.6875000000000000	0.3750000000000000	0.0347220811254302	
0.7125000000000001	0.3250000000000001	0.0082337805402442	
0.7375000000000000	0.3250000000000001	0.0057382722922995	
0.7125000000000001	0.3750000000000000	0.0252240102194545	
0.7375000000000000	0.3750000000000000	0.0184496681052225	
0.1625000000000000	0.4250000000000000	0.0000130500114677	
0.1875000000000000	0.4250000000000000	0.0000539030396455	
0.1625000000000000	0.4750000000000000	0.0000184091570139	
0.1875000000000000	0.4750000000000000	0.0000908934206138	
0.2125000000000000	0.4250000000000000	0.0002425617056223	
0.2375000000000000	0.4250000000000000	0.0009350393798091	
0.2125000000000000	0.4750000000000000	0.0003931418767239	
0.2375000000000000	0.4750000000000000	0.0014895999686046	
0.2125000000000000	0.5250000000000000	0.0003801080996813	
0.2375000000000000	0.5250000000000000	0.0015064902977076	
0.2125000000000000	0.5750000000000001	0.0002681501350060	
0.2375000000000000	0.5750000000000001	0.0010431973412842	
0.2625000000000000	0.5250000000000000	0.0047984262153240	
0.2625000000000000	0.5750000000000001	0.0033907853551076	
0.2875000000000000	0.5750000000000001	0.0089536133859610	
0.6625000000000001	0.4250000000000000	0.0907880790604143	
0.6875000000000000	0.4250000000000000	0.0657472142485077	
0.6875000000000000	0.4750000000000000	0.0767688699221564	
0.6875000000000000	0.5250000000000000	0.0517425861372507	
0.6875000000000000	0.5750000000000001	-0.0136481354823338	
0.7125000000000001	0.4250000000000000	0.0493833376912485	
0.7375000000000000	0.4250000000000000	0.0379762694400965	
0.7125000000000001	0.4750000000000000	0.0612190202632601	
0.7375000000000000	0.4750000000000000	0.0511087726632778	
0.7625000000000000	0.4250000000000000	0.0276907692147463	
0.7875000000000001	0.4250000000000000	0.0210922280055547	
0.7625000000000000	0.4750000000000000	0.0425462199387154	
0.7875000000000001	0.4750000000000000	0.0351834677109983	
0.7625000000000000	0.5250000000000000	0.0281874958986502	
0.7875000000000001	0.5250000000000000	0.0302677941416589	
0.7625000000000000	0.5750000000000001	0.0236649992691343	
0.7875000000000001	0.5750000000000001	0.0256888462980698	
0.2625000000000000	0.6250000000000001	0.0015954984692712	
0.2875000000000000	0.6250000000000002	0.0047168408190815	
0.2625000000000000	0.6750000000000002	0.0007525704610806	
0.2875000000000000	0.6750000000000002	0.0021379338416651	
0.3125000000000001	0.6250000000000001	0.0103256537383615	
0.3375000000000000	0.6250000000000002	0.0225559867770896	
0.3125000000000001	0.6750000000000002	0.0049251093886209	
0.3375000000000000	0.6750000000000002	0.0106630882832716	
0.3625000000000000	0.6250000000000001	0.0446296185464789	
0.3625000000000000	0.6750000000000002	0.0211026015592857	
0.3125000000000001	0.7250000000000001	0.0019817143112363	
0.3375000000000000	0.7250000000000001	0.0047814609880170	
0.3125000000000001	0.7749999999999999	0.0010195995605138	
0.3375000000000000	0.7749999999999999	0.0022596579911522	
0.3625000000000000	0.7250000000000001	0.0099431116507892	
0.3875000000000000	0.7250000000000001	0.0145305038980559	
0.3625000000000000	0.7749999999999999	0.0047848556907697	
0.3875000000000000	0.7749999999999999	0.0079540223436084	
0.4125000000000000	0.7250000000000001	0.0211049477578834	
0.4375000000000001	0.7250000000000001	0.0303227052660588	
0.4125000000000000	0.7749999999999999	0.0121866487317023	
0.4375000000000001	0.7749999999999999	0.0179829779571366	
0.4625000000000000	0.7250000000000001	0.0410604388647956	
0.4875000000000000	0.7250000000000001	0.0506112144381120	
0.4625000000000000	0.7749999999999999	0.0253180952668782	
0.4875000000000000	0.7749999999999999	0.0333015554952006	
0.5625000000000000	0.6750000000000002	0.0201319283505086	
0.5875000000000001	0.6750000000000002	-0.0193070944659135	
0.5125000000000000	0.7250000000000001	0.0554999104267417	
0.5375000000000001	0.7250000000000001	0.0527182378367144	
0.5125000000000000	0.7749999999999999	0.0402108010250138	
0.5375000000000001	0.7749999999999999	0.0439097233927586	
0.5625000000000000	0.7250000000000001	0.0377516891337873	
0.5875000000000001	0.7250000000000001	0.0156658539314085	
0.5625000000000000	0.7749999999999999	0.0414615382639359	
0.5875000000000001	0.7749999999999999	0.0325710136808756	
0.6375000000000002	0.6250000000000002	-0.1071319420278362	
0.6125000000000000	0.6750000000000002	-0.0548451422097567	
0.6375000000000002	0.6750000000000002	-0.0796296044690190	
0.6625000000000001	0.6250000000000001	-0.1031726777661599	
0.6875000000000000	0.6250000000000002	-0.0798223952190698	
0.6625000000000001	0.6750000000000002	-0.0912297619087161	
0.6875000000000000	0.6750000000000002	-0.0891074382058203	
0.6125000000000000	0.7250000000000001	-0.0098463619429458	
0.6375000000000002	0.7250000000000001	-0.0342621793995231	
0.6125000000000000	0.7749999999999999	0.0182425911469896	
0.6375000000000002	0.7749999999999999	0.0006331404040344	
0.6625000000000001	0.7250000000000001	-0.0538344503820867	
0.6875000000000000	0.7250000000000001	-0.0658508570244569	
0.6625000000000001	0.7749999999999999	-0.0175767607745091	
0.6875000000000000	0.7749999999999999	-0.0336919396195633	
0.2812500000000000	0.3125000000000001	0.0004117635755773	
0.2937500000000001	0.3125000000000001	0.0005954713630042	
0.2812500000000000	0.3375000000000001	0.0007156426871400	
0.2937500000000001	0.3375000000000001	0.0012983501555137	
0.2562500000000000	0.3625000000000000	0.0005945832891653	
0.2687500000000000	0.3625000000000000	0.0009379317883161	
0.2562500000000000	0.3875000000000000	0.0008808752403137	
0.2687500000000000	0.3875000000000000	0.0016689889379764	
0.2812500000000000	0.3625000000000000	0.0016126058136674	
0.2937500000000001	0.3625000000000000	0.0027368639958257	
0.2812500000000000	0.3875000000000000	0.0029509142949479	
0.2937500000000001	0.3875000000000000	0.0050086686983380	
0.3562500000000001	0.2625000000000000	0.0009034127432790	
0.3687500000000000	0.2625000000000000	0.0010452912816397	
0.3562500000000001	0.2875000000000000	0.0016878958082864	
0.3687500000000000	0.2875000000000000	0.0025927207007492	
0.3812500000000000	0.2625000000000000	0.0013105322517539	
0.3937500000000000	0.2625000000000000	0.0016305793869578	
0.3812500000000000	0.2875000000000000	0.0036392331029801	
0.3937500000000000	0.2875000000000000	0.0048486099935685	
0.3062500000000000	0.3125000000000001	0.0009585701276249	
0.3187500000000001	0.3125000000000001	0.0014420805015474	
0.3062500000000000	0.3375000000000001	0.0021770497498697	
0.3187500000000001	0.3375000000000001	0.0034615877429625	
0.3312500000000000	0.3125000000000001	0.0022670321984588	
0.3437500000000000	0.3125000000000001	0.0032760213359432	
0.3312500000000000	0.3375000000000001	0.0053462367840538	
0.3437500000000000	0.3375000000000001	0.0079537865313727	
0.3062500000000000	0.3625000000000000	0.0045028708324857	
0.3187500000000001	0.3625000000000000	0.0071582950706569	
0.3062500000000000	0.3875000000000000	0.0082127104726266	
0.3187500000000001	0.3875000000000000	0.0130307255785725	
0.3312500000000000	0.3625000000000000	0.0110222991185907	
0.3437500000000000	0.3625000000000000	0.0164329919916180	
0.3312500000000000	0.3875000000000000	0.0200271991923411	
0.3437500000000000	0.3875000000000000	0.0298256181706869	
0.3562500000000001	0.3125000000000001	0.0048251903730410	
0.3687500000000000	0.3125000000000001	0.0069016390110549	
0.3562500000000001	0.3375000000000001	0.0115207749120029	
0.3687500000000000	0.3375000000000001	0.0162166544257498	
0.3812500000000000	0.3125000000000001	0.0095182919380120	
0.3937500000000000	0.3125000000000001	0.0126686026813439	
0.3812500000000000	0.3375000000000001	0.0221442272695919	
0.3937500000000000	0.3375000000000001	0.0293159302549583	
0.3562500000000001	0.3625000000000000	0.0237579887991233	
0.3687500000000000	0.3625000000000000	0.0333214900903390	
0.3562500000000001	0.3875000000000000	0.0430586941995895	
0.3687500000000000	0.3875000000000000	0.0602773736676544	
0.3812500000000000	0.3625000000000000	0.0453356203049309	
0.3937500000000000	0.3625000000000000	0.0598305139603724	
0.3812500000000000	0.3875000000000000	0.0818338891139686	
0.3937500000000000	0.3875000000000000	0.1077550548407673	
0.4062500000000000	0.2625000000000000	0.0020655131536060	
0.4187500000000001	0.2625000000000000	0.0025162744611536	
0.4062500000000001	0.2875000000000000	0.0062388910906598	
0.4187500000000001	0.2875000000000000	0.0077650458271626	
0.4312500000000000	0.2625000000000000	0.0030498422021070	
0.4437500000000001	0.2625000000000000	0.0035426980284433	
0.4312500000000000	0.2875000000000000	0.0093889543102353	
0.4437500000000001	0.2875000000000000	0.0110102391924723	
0.4562500000000000	0.2625000000000000	0.0040567304477289	
0.4687500000000000	0.2625000000000000	0.0044674151181059	
0.4562500000000000	0.2875000000000000	0.0125496275245589	
0.4687500000000000	0.2875000000000000	0.0138852387989208	
0.4812500000000001	0.2625000000000000	0.0048213912970201	
0.4937500000000000	0.2625000000000000	0.0050301654933592	
0.4812500000000001	0.2875000000000000	0.0149335523736975	
0.4937500000000000	0.2875000000000000	0.0156042413127633	
0.4062500000000000	0.3125000000000001	0.0163119274522855	
0.4187500000000001	0.3125000000000001	0.0203443932911049	
0.4062500000000001	0.3375000000000001	0.0376286151475736	
0.4187500000000001	0.3375000000000001	0.0468392931069314	
0.4312500000000000	0.3125000000000001	0.0246070912517507	
0.4437500000000001	0.3125000000000001	0.0288764420908399	
0.4312500000000000	0.3375000000000001	0.0565621986016686	
0.4437500000000001	0.3375000000000001	0.0662820965424037	
0.4062500000000000	0.3625000000000000	0.0765921854432035	
0.4187500000000001	0.3625000000000000	0.0951195973547663	
0.4062500000000001	0.3875000000000000	0.1376284373660522	
0.4187500000000001	0.3875000000000000	0.1705277502138284	
0.4312500000000000	0.3625000000000000	0.1146177579892026	
0.4437500000000001	0.3625000000000000	0.1340353603477064	
0.4312500000000000	0.3875000000000000	0.2050040833836805	
0.4437500000000000	0.3875000000000000	0.2391607868501225	
0.4562500000000000	0.3125000000000001	0.0328962649332655	
0.4687500000000000	0.3125000000000001	0.0363895999322483	
0.4562500000000000	0.3375000000000001	0.0753979910116361	
0.4687500000000000	0.3375000000000001	0.0832819033681170	
0.4812500000000001	0.3125000000000001	0.0391039678364669	
0.4937500000000000	0.3125000000000001	0.0408333580350384	
0.4812500000000001	0.3375000000000001	0.0893552734282725	
0.4937500000000000	0.3375000000000001	0.0931609206215197	
0.4562500000000000	0.3625000000000000	0.1521523252830398	
0.4687500000000000	0.3625000000000000	0.1677072415583228	
0.4562500000000000	0.3875000000000000	0.2708159742934739	
0.4687500000000000	0.3875000000000000	0.2977366024013584	
0.4812500000000000	0.3625000000000000	0.1795487302877202	
0.4937500000000000	0.3625000000000000	0.1867834469147032	
0.4812500000000000	0.3875000000000000	0.3179104176874587	
0.4937500000000000	0.3875000000000000	0.3298087457290508	
0.5062500000000000	0.2625000000000000	0.0051209192108611	
0.5187500000000000	0.2625000000000000	0.0050680657048795	
0.5062500000000000	0.2875000000000000	0.0158546574884976	
0.5187500000000000	0.2875000000000000	0.0156687884706533	
0.5062500000000000	0.3125000000000001	0.0414528128685907	
0.5187500000000000	0.3125000000000001	0.0409306338705166	
0.5062500000000000	0.3375000000000001	0.0944245319177573	
0.5187500000000000	0.3375000000000001	0.0930892676419958	
0.5312500000000000	0.3125000000000001	0.0378889225535626	
0.5437500000000001	0.3125000000000001	0.0347212833728571	
0.5312500000000000	0.3375000000000001	0.0888382138074146	
0.5437500000000001	0.3375000000000001	0.0824551641203391	
0.5062500000000000	0.3625000000000000	0.1888946948213753	
0.5187500000000000	0.3625000000000000	0.1858082491222035	
0.5062500000000000	0.3875000000000000	0.3325913117994380	
0.5187500000000000	0.3875000000000000	0.3262134618527263	
0.5312500000000000	0.3625000000000000	0.1777330262715118	
0.5437500000000001	0.3625000000000000	0.1654544740846939	
0.5312500000000000	0.3875000000000000	0.3113622734961523	
0.5437500000000001	0.3875000000000000	0.2894158638639144	
0.5562500000000000	0.3125000000000001	0.0311622411913853	
0.5687500000000001	0.3125000000000001	0.0277179047549839	
0.5562500000000000	0.3375000000000001	0.0745610722455601	
0.5687500000000001	0.3375000000000001	0.0658927531278981	
0.5562500000000000	0.3625000000000000	0.1500561368134777	
0.5687500000000001	0.3625000000000000	0.1327852178801073	
0.5562500000000000	0.3875000000000000	0.2622336030065793	
0.5687500000000001	0.3875000000000000	0.2319045199430358	
0.6062500000000001	0.3625000000000000	0.1112290762436072	
0.6187500000000001	0.3625000000000000	0.0858751936788106	
0.6062500000000001	0.3875000000000000	0.1361418965239841	
0.6187500000000001	0.3875000000000000	0.1186691099926949	
0.6312500000000001	0.3625000000000000	0.0653906972636202	
0.6437500000000002	0.3625000000000000	0.0512543348569892	
0.6312500000000001	0.3875000000000000	0.0993354533775305	
0.6437500000000002	0.3875000000000000	0.0814479725105910	
0.2562500000000000	0.4125000000000000	0.0015917891739025	
0.2687500000000000	0.4125000000000000	0.0027933256070825	
0.2562500000000000	0.4375000000000000	0.0020616900054955	
0.2687500000000000	0.4375000000000000	0.0038821729689490	
0.2812500000000000	0.4125000000000000	0.0048285285689139	
0.2937500000000001	0.4125000000000000	0.0081235575227339	
0.2812500000000000	0.4375000000000000	0.0068469059544385	
0.2937500000000001	0.4375000000000000	0.0115787430694089	
0.2562500000000000	0.4625000000000000	0.0027507029810290	
0.2687500000000000	0.4625000000000000	0.0049799704280364	
0.2562500000000000	0.4875000000000000	0.0030150809842455	
0.2687500000000000	0.4875000000000000	0.0055735311633007	
0.2812500000000000	0.4625000000000000	0.0087016492922575	
0.2937500000000001	0.4625000000000000	0.0146757009234327	
0.2812500000000000	0.4875000000000000	0.0097856418165999	
0.2937500000000001	0.4875000000000000	0.0165155766518781	
0.2812500000000000	0.5125000000000000	0.0092875976898130	
0.2937500000000001	0.5125000000000000	0.0162139916997304	
0.2812500000000000	0.5375000000000001	0.0084870519175648	
0.2937500000000001	0.5375000000000001	0.0145346356923219	
0.3062500000000000	0.4125000000000000	0.0132598981859279	
0.3187500000000001	0.4125000000000000	0.0209811849747966	
0.3062500000000000	0.4375000000000000	0.0189087680709050	
0.3187500000000001	0.4375000000000000	0.0298897273754641	
0.3312500000000000	0.4125000000000000	0.0321787352033407	
0.3437500000000000	0.4125000000000000	0.0478379816029628	
0.3312500000000000	0.4375000000000000	0.0457731137262622	
0.3437500000000000	0.4375000000000000	0.0679328477214172	
0.3062500000000000	0.4625000000000000	0.0239310750530809	
0.3187500000000001	0.4625000000000000	0.0377749504396030	
0.3062500000000000	0.4875000000000000	0.0269152715217628	
0.3187500000000001	0.4875000000000000	0.0424360527659226	
0.3312500000000000	0.4625000000000000	0.0577570476286912	
0.3437500000000000	0.4625000000000000	0.0855680182123108	
0.3312500000000000	0.4875000000000000	0.0647863166578110	
0.3437500000000000	0.4875000000000000	0.0958135713081490	
0.3562500000000001	0.4125000000000000	0.0689432702020688	
0.3687500000000000	0.4125000000000000	0.0963342283514558	
0.3562500000000001	0.4375000000000000	0.0977252361913255	
0.3687500000000000	0.4375000000000000	0.1362830772801148	
0.3812500000000000	0.4125000000000000	0.1305230866759443	
0.3937500000000000	0.4125000000000000	0.1714967970201906	
0.3812500000000000	0.4375000000000000	0.1842581238289335	
0.3937500000000000	0.4375000000000000	0.2415459072770293	
0.3562500000000001	0.4625000000000000	0.1228576885832406	
0.3687500000000000	0.4625000000000000	0.1709723181487730	
0.3562500000000001	0.4875000000000000	0.1372961690613580	
0.3687500000000000	0.4875000000000000	0.1906456533535581	
0.3812500000000000	0.4625000000000000	0.2306306647956187	
0.3937500000000000	0.4625000000000000	0.3015832011077242	
0.3812500000000000	0.4875000000000000	0.2565441303586616	
0.3937500000000000	0.4875000000000000	0.3345685006515868	
0.3062500000000000	0.5125000000000000	0.0267479940651058	
0.3187500000000001	0.5125000000000000	0.0423426367502732	
0.3062500000000000	0.5375000000000001	0.0239059928169148	
0.3187500000000001	0.5375000000000001	0.0378437160161784	
0.3312500000000000	0.5125000000000000	0.0646887475277554	
0.3437500000000000	0.5125000000000000	0.0955933361350468	
0.3312500000000000	0.5375000000000001	0.0578113597916819	
0.3437500000000000	0.5375000000000001	0.0853718585889806	
0.3062500000000000	0.5625000000000001	0.0174051164291844	
0.3187500000000001	0.5625000000000001	0.0292311347460969	
0.3062500000000000	0.5875000000000001	0.0136999497609221	
0.3187500000000001	0.5875000000000001	0.0215971315358984	
0.3312500000000000	0.5625000000000001	0.0457050797686498	
0.3437500000000000	0.5625000000000001	0.0681293871052506	
0.3312500000000000	0.5875000000000001	0.0332843848011664	
0.3437500000000000	0.5875000000000001	0.0495373293174569	
0.3562500000000001	0.5125000000000000	0.1367673097194870	
0.3687500000000000	0.5125000000000000	0.1895249282061299	
0.3562500000000001	0.5375000000000001	0.1219875892333369	
0.3687500000000000	0.5375000000000001	0.1687442022242143	
0.3812500000000000	0.5125000000000000	0.2544214421418171	
0.3937500000000000	0.5125000000000000	0.3308829283458751	
0.3812500000000000	0.5375000000000001	0.2260227494685471	
0.3937500000000000	0.5375000000000001	0.2931698530219153	
0.3562500000000001	0.5625000000000001	0.0976858348659055	
0.3687500000000000	0.5625000000000001	0.1352182997075829	
0.3562500000000001	0.5875000000000001	0.0711080598048336	
0.3687500000000000	0.5875000000000001	0.0985340578379226	
0.3812500000000000	0.5625000000000001	0.1809711182745200	
0.3937500000000000	0.5625000000000001	0.2343259155368785	
0.3812500000000000	0.5875000000000001	0.1319255483981496	
0.3937500000000000	0.5875000000000001	0.1707586545261531	
0.4062500000000000	0.4125000000000000	0.2185405594332419	
0.4187500000000001	0.4125000000000000	0.2701264695105386	
0.4062500000000001	0.4375000000000000	0.3070449820736280	
0.4187500000000001	0.4375000000000000	0.3785125897735981	
0.4312500000000000	0.4125000000000000	0.3239091180786244	
0.4437500000000000	0.4125000000000000	0.3768560046883120	
0.4312500000000000	0.4375000000000000	0.4525749013163301	
0.4437500000000001	0.4375000000000000	0.5249291520490345	
0.4062500000000000	0.4625000000000000	0.3823209216603816	
0.4187500000000001	0.4625000000000000	0.4699117193241500	
0.4062500000000001	0.4875000000000000	0.4228774954874561	
0.4187500000000001	0.4875000000000000	0.5180491322083961	
0.4312500000000000	0.4625000000000000	0.5600359638904925	
0.4437500000000001	0.4625000000000000	0.6472650297589009	
0.4312500000000000	0.4875000000000000	0.6151472767855372	
0.4437500000000001	0.4875000000000000	0.7080627144327531	
0.4562500000000000	0.4125000000000000	0.4255161721859777	
0.4687500000000000	0.4125000000000000	0.4663994540060405	
0.4562500000000000	0.4375000000000000	0.5907389698440271	
0.4687500000000000	0.4375000000000000	0.6451800038144442	
0.4812500000000000	0.4125000000000000	0.4964096405477116	
0.4937500000000000	0.4125000000000000	0.5132557209044686	
0.4812500000000000	0.4375000000000000	0.6840520697080694	
0.4937500000000000	0.4375000000000000	0.7043486504058970	
0.4562500000000000	0.4625000000000000	0.7255797152293365	
0.4687500000000000	0.4625000000000000	0.7890693056205926	
0.4562500000000000	0.4875000000000000	0.7901199250283247	
0.4687500000000000	0.4875000000000000	0.8548769735351316	
0.4812500000000001	0.4625000000000000	0.8327011963558282	
0.4937500000000000	0.4625000000000000	0.8530211297008294	
0.4812500000000001	0.4875000000000000	0.8969895564925222	
0.4937500000000000	0.4875000000000000	0.9129789845142346	
0.4062500000000000	0.5125000000000000	0.4169060061280579	
0.4187500000000001	0.5125000000000000	0.5089156603678902	
0.4062500000000001	0.5375000000000001	0.3682368632037850	
0.4187500000000001	0.5375000000000001	0.4478677793487795	
0.4312500000000000	0.5125000000000000	0.6018587227236197	
0.4437500000000001	0.5125000000000000	0.6895752023775124	
0.4312500000000000	0.5375000000000001	0.5274049126018460	
0.4437500000000001	0.5375000000000001	0.6012479431568474	
0.4062500000000000	0.5625000000000001	0.2935964029080861	
0.4187500000000001	0.5625000000000001	0.3559472096490275	
0.4062500000000001	0.5875000000000001	0.2137160608476401	
0.4187500000000001	0.5875000000000001	0.2586231037882102	
0.4312500000000000	0.5625000000000001	0.4174932758130334	
0.4437500000000001	0.5625000000000001	0.4736083114394601	
0.4312500000000000	0.5875000000000001	0.3025210145232399	
0.4437500000000000	0.5875000000000001	0.3418987373317213	
0.4562500000000000	0.5125000000000000	0.7654335601111425	
0.4687500000000000	0.5125000000000000	0.8231511405279226	
0.4562500000000000	0.5375000000000001	0.6634500748679237	
0.4687500000000000	0.5375000000000001	0.7084756275852351	
0.4812500000000001	0.5125000000000000	0.8576648475862204	
0.4937500000000000	0.5125000000000000	0.8658877031336891	
0.4812500000000001	0.5375000000000001	0.7319928222390958	
0.4937500000000000	0.5375000000000001	0.7315500811123151	
0.4562500000000000	0.5625000000000001	0.5194275796461194	
0.4687500000000000	0.5625000000000001	0.5504810825425744	
0.4562500000000000	0.5875000000000001	0.3730727366712017	
0.4687500000000000	0.5875000000000001	0.3926673653440587	
0.4812500000000000	0.5625000000000001	0.5633515104764593	
0.4937500000000000	0.5625000000000001	0.5562305849892114	
0.4812500000000000	0.5875000000000001	0.3981166773415347	
0.4937500000000000	0.5875000000000001	0.3880922295228444	
0.5062500000000000	0.4125000000000000	0.5157633349040441	
0.5187500000000000	0.4125000000000000	0.5040254469335913	
0.5062500000000000	0.4375000000000000	0.7046739942711591	
0.5187500000000000	0.4375000000000000	0.6854246304569227	
0.5312500000000000	0.4125000000000000	0.4793458757387106	
0.5437500000000001	0.4125000000000000	0.4440381532124273	
0.5312500000000000	0.4375000000000000	0.6486942253007653	
0.5437500000000001	0.4375000000000000	0.5979368542074793	
0.5062500000000000	0.4625000000000000	0.8486464526492549	
0.5187500000000000	0.4625000000000000	0.8204517239316138	
0.5062500000000000	0.4875000000000000	0.9017499973211114	
0.5187500000000000	0.4875000000000000	0.8647496711211800	
0.5312500000000000	0.4625000000000000	0.7714073602240181	
0.5437500000000001	0.4625000000000000	0.7061102654921944	
0.5312500000000000	0.4875000000000000	0.8057324582133448	
0.5437500000000001	0.4875000000000000	0.7301816104562698	
0.5562500000000000	0.4125000000000000	0.4010880126407357	
0.5687500000000001	0.4125000000000000	0.3537523283480797	
0.5562500000000000	0.4375000000000000	0.5374570938400751	
0.5687500000000001	0.4375000000000000	0.4718286734963433	
0.5812500000000000	0.4125000000000000	0.2873959141022222	
0.5937500000000001	0.4125000000000000	0.2386434744175824	
0.5812500000000000	0.4375000000000000	0.3994240724375919	
0.5937500000000001	0.4375000000000000	0.3311970349486807	
0.5562500000000000	0.4625000000000000	0.6301062743117064	
0.5687500000000001	0.4625000000000000	0.5491402552451359	
0.5562500000000000	0.4875000000000000	0.6445080159905671	
0.5687500000000001	0.4875000000000000	0.5551862388589117	
0.5812500000000000	0.4625000000000000	0.4664968772189960	
0.5937500000000001	0.4625000000000000	0.3875753039824036	
0.5812500000000000	0.4875000000000000	0.4673278394325586	
0.5937500000000001	0.4875000000000000	0.3853854388808509	
0.5062500000000000	0.5125000000000000	0.8471962309105536	
0.5187500000000000	0.5125000000000000	0.8035428689636018	
0.5062500000000000	0.5375000000000001	0.7069946823834193	
0.5187500000000000	0.5375000000000001	0.6605397752040636	
0.5312500000000000	0.5125000000000000	0.7391654770708047	
0.5437500000000001	0.5125000000000000	0.6599526445359021	
0.5312500000000000	0.5375000000000001	0.5964588482967570	
0.5437500000000001	0.5375000000000001	0.5204667416011123	
0.5062500000000000	0.5625000000000001	0.5292565871549121	
0.5187500000000000	0.5625000000000001	0.4845554628554190	
0.5062500000000000	0.5875000000000001	0.3627673034372265	
0.5187500000000000	0.5875000000000001	0.3238568245954264	
0.5312500000000000	0.5625000000000001	0.4259690520861318	
0.5437500000000001	0.5625000000000001	0.3585208041750998	
0.5312500000000000	0.5875000000000001	0.2744177620107190	
0.5437500000000001	0.5875000000000001	0.2184452651029044	
0.5562500000000000	0.5125000000000000	0.5725949150313550	
0.5687500000000001	0.5125000000000000	0.4836894889574319	
0.5562500000000000	0.5375000000000001	0.4389114629289608	
0.5687500000000001	0.5375000000000001	0.3579342877028315	
0.5812500000000000	0.5125000000000000	0.3987420436737656	
0.5937500000000001	0.5125000000000000	0.3218983209098597	
0.5812500000000000	0.5375000000000001	0.2826766314004308	
0.5937500000000001	0.5375000000000001	0.2168334010062212	
0.5562500000000000	0.5625000000000001	0.2877238074843465	
0.5687500000000001	0.5625000000000001	0.2188638321161391	
0.5562500000000000	0.5875000000000001	0.1603417822108745	
0.5687500000000001	0.5875000000000001	0.1043590215689182	
0.5812500000000000	0.5625000000000001	0.1563609866565583	
0.5937500000000001	0.5625000000000001	0.1033509340285847	
0.5812500000000000	0.5875000000000001	0.0541028301143611	
0.5937500000000001	0.5875000000000001	0.0121856491213383	
0.6062500000000001	0.4125000000000000	0.1997766313712885	
0.6187500000000001	0.4125000000000000	0.1668283204970633	
0.6062500000000001	0.4375000000000000	0.2714350147429924	
0.6187500000000001	0.4375000000000000	0.2210814480143967	
0.6312500000000001	0.4125000000000000	0.1382747800583793	
0.6437500000000002	0.4125000000000000	0.1138112822378899	
0.6312500000000001	0.4375000000000000	0.1796328829734803	
0.6437500000000002	0.4375000000000000	0.1460886356769907	
0.6062500000000001	0.4625000000000000	0.3166681636416742	
0.6187500000000001	0.4625000000000000	0.2560864578274524	
0.6062500000000001	0.4875000000000000	0.3127338804336527	
0.6187500000000001	0.4875000000000000	0.2512946263467427	
0.6312500000000001	0.4625000000000000	0.2063577662095098	
0.6437500000000002	0.4625000000000000	0.1667841424311545	
0.6312500000000001	0.4875000000000000	0.2015175023590460	
0.6437500000000002	0.4875000000000000	0.1626666864407444	
0.6562500000000001	0.4625000000000000	0.1264856146247275	
0.6687500000000000	0.4625000000000000	0.1035671361649800	
0.6562500000000001	0.4875000000000000	0.1300766818215778	
0.6687500000000000	0.4875000000000000	0.1063752824610762	
0.6062500000000001	0.5125000000000000	0.2558321607078810	
0.6187500000000001	0.5125000000000000	0.2017495093964211	
0.6062500000000001	0.5375000000000001	0.1625188654218026	
0.6187500000000001	0.5375000000000001	0.1203660019932072	
0.6312500000000001	0.5125000000000000	0.1595480724542309	
0.6437500000000002	0.5125000000000000	0.1281197184548833	
0.6312500000000001	0.5375000000000001	0.0897871921469725	
0.6437500000000002	0.5375000000000001	0.0693274365383573	
0.6062500000000001	0.5625000000000001	0.0615320187753106	
0.6187500000000001	0.5625000000000001	0.0312483030977388	
0.6062500000000001	0.5875000000000001	-0.0199286152833051	
0.6187500000000001	0.5875000000000001	-0.0418919472266075	
0.6312500000000001	0.5625000000000001	0.0117397557454026	
0.6437500000000002	0.5625000000000001	0.0014800683666952	
0.6312500000000001	0.5875000000000001	-0.0542943032301355	
0.6437500000000002	0.5875000000000001	-0.0584012304314221	
0.6562500000000001	0.5125000000000000	0.1046720187782758	
0.6687500000000000	0.5125000000000000	0.0879965077349120	
0.6562500000000001	0.5375000000000001	0.0566899267322880	
0.6687500000000000	0.5375000000000001	0.0498094109729601	
0.6562500000000001	0.5625000000000001	-0.0015880902143632	
0.6687500000000000	0.5625000000000001	0.0004240264399073	
0.6562500000000001	0.5875000000000001	-0.0559071357695758	
0.6687500000000000	0.5875000000000001	-0.0486456271891095	
0.3812500000000000	0.6125000000000002	0.0744454807466003	
0.3937500000000000	0.6125000000000002	0.1055997113175559	
0.3812500000000000	0.6375000000000002	0.0534165404148642	
0.3937500000000000	0.6375000000000002	0.0682680088774587	
0.3812500000000000	0.6625000000000002	0.0306045251249612	
0.3937500000000000	0.6625000000000001	0.0409968755083585	
0.3812500000000000	0.6875000000000001	0.0234383719207803	
0.3937500000000000	0.6875000000000001	0.0279893058523298	
0.4062500000000000	0.6125000000000000	0.1379784030708137	
0.4187500000000001	0.6125000000000002	0.1706015410220636	
0.4062500000000001	0.6375000000000002	0.0869335601596664	
0.4187500000000001	0.6375000000000002	0.1075084475648582	
0.4312500000000000	0.6125000000000002	0.2017543202105092	
0.4437500000000000	0.6125000000000002	0.2291981444247687	
0.4312500000000000	0.6375000000000002	0.1281401961515856	
0.4437500000000001	0.6375000000000002	0.1469267155674868	
0.4062500000000000	0.6625000000000001	0.0529159115930569	
0.4187500000000001	0.6625000000000002	0.0661227285020409	
0.4062500000000001	0.6875000000000001	0.0343693204432932	
0.4187500000000001	0.6875000000000001	0.0422332258783267	
0.4312500000000000	0.6625000000000002	0.0798491476726932	
0.4437500000000001	0.6625000000000001	0.0930047878694168	
0.4312500000000000	0.6875000000000001	0.0511041662781283	
0.4437500000000001	0.6875000000000001	0.0603316982948193	
0.4562500000000000	0.6125000000000000	0.2504668183353351	
0.4687500000000000	0.6125000000000002	0.2632247105010738	
0.4562500000000000	0.6375000000000002	0.1619593479598583	
0.4687500000000000	0.6375000000000002	0.1714663465526940	
0.4812500000000000	0.6125000000000002	0.2656388618355314	
0.4937500000000000	0.6125000000000002	0.2567027346916900	
0.4812500000000000	0.6375000000000002	0.1740084882863492	
0.4937500000000000	0.6375000000000002	0.1686756841824745	
0.4562500000000000	0.6625000000000001	0.1043337141084567	
0.4687500000000000	0.6625000000000002	0.1125621970616381	
0.4562500000000000	0.6875000000000001	0.0691171944565554	
0.4687500000000000	0.6875000000000001	0.0765771879127034	
0.4812500000000001	0.6625000000000002	0.1165482590632239	
0.4937500000000000	0.6625000000000001	0.1154244202224268	
0.4812500000000001	0.6875000000000001	0.0818283824949730	
0.4937500000000000	0.6875000000000001	0.0840813733883934	
0.5062500000000000	0.6125000000000000	0.2364502726410178	
0.5187500000000000	0.6125000000000002	0.2060160173018516	
0.5062500000000000	0.6375000000000002	0.1552365604862744	
0.5187500000000000	0.6375000000000002	0.1342042346520495	
0.5312500000000000	0.6125000000000002	0.1675263931852175	
0.5437500000000001	0.6125000000000002	0.1238413425253898	
0.5312500000000000	0.6375000000000002	0.1067998972495119	
0.5437500000000001	0.6375000000000002	0.0748176242941229	
0.5062500000000000	0.6625000000000001	0.1087155146527183	
0.5187500000000000	0.6625000000000002	0.0964124060817900	
0.5062500000000000	0.6875000000000001	0.0827301214366958	
0.5187500000000000	0.6875000000000001	0.0774244992279919	
0.5312500000000000	0.6625000000000002	0.0789881937547550	
0.5437500000000001	0.6625000000000001	0.0573534989289352	
0.5312500000000000	0.6875000000000001	0.0681153870264806	
0.5437500000000001	0.6875000000000001	0.0550659966294472	
0.5562500000000000	0.6125000000000000	0.0781952112754563	
0.5687500000000001	0.6125000000000002	0.0338034841285523	
0.5562500000000000	0.6375000000000002	0.0404139971137911	
0.5687500000000001	0.6375000000000002	0.0058598658999095	
0.5812500000000000	0.6125000000000002	-0.0064989933943805	
0.5937500000000001	0.6125000000000002	-0.0405317848802786	
0.5812500000000000	0.6375000000000002	-0.0267047965551725	
0.5937500000000001	0.6375000000000002	-0.0554760970839739	
0.6062500000000001	0.6125000000000000	-0.0669196857926182	
0.6187500000000001	0.6125000000000002	-0.0851142061711744	
0.6062500000000001	0.6375000000000002	-0.0791254169922858	
0.6187500000000001	0.6375000000000002	-0.0968615645400885	
