0.4750000000000000	1.0000203532443703	
0.5250000000000000	0.9876960273072231	
0.5625000000000000	0.9723736692465568	
0.9125000000000001	0.2333870605644736	
0.9375000000000000	0.1563563653576566	
0.9624999999999999	0.0783609522260121	
0.9875000000000000	-0.0001183107391975	
0.3937500000000000	0.9510618491146579	
0.7062500000000000	0.7853086600605563	
0.7187500000000001	0.7603960940497565	
0.7312500000000001	0.7343109618138478	
0.7437500000000000	0.7070934847362377	
0.7562500000000000	0.6787856301940633	
0.7687500000000000	0.6494310468475564	
0.6562500000000001	0.8724933382127716	
0.6687500000000001	0.8526362195954346	
0.6812500000000000	0.8314643071646952	
0.6937500000000001	0.8090102464750145	
0.7812500000000000	0.6190749973369963	
0.7937500000000001	0.5877642884910291	
0.8062500000000000	0.5555471991539709	
0.8187500000000001	0.5224734057433805	
0.8312500000000000	0.4885939056526930	
0.8437500000000001	0.4539609386170226	
0.4062500000000000	0.9624613017335619	
0.4187500000000001	0.9723766227766140	
0.6062500000000001	0.9381928885199133	
0.6187500000000001	0.9238801654592445	
0.6312500000000001	0.9081427955843803	
0.6437500000000002	0.8910050447790224	
0.8562500000000001	0.4186279061633920	
0.8687500000000000	0.3826492892695986	
0.8812500000000000	0.3460805643586889	
0.8937500000000000	0.3089781177585877	
0.4312500000000000	0.9807925235374420	
0.4437500000000000	0.9876960273070697	
0.5812500000000000	0.9624583482035989	
0.5937500000000001	0.9510588955848182	
0.2968750000000001	0.8090194254467364	
0.3031250000000000	0.8204040574769786	
0.3093750000000001	0.8314724040529617	
0.3156250000000000	0.8422201981163848	
0.3218750000000001	0.8526432961880430	
0.3281250000000001	0.8627376799652169	
0.3343750000000000	0.8724994578708047	
0.3406250000000000	0.8819248665536004	
0.3468750000000000	0.8910102723391355	
0.3531250000000000	0.8997521726305313	
0.3593750000000001	0.9081471972588157	
0.3656250000000000	0.9161921097821878	
0.3718750000000000	0.9238838087337280	
0.3781250000000000	0.9312193288170725	
0.3843750000000000	0.9381958420495911	
0.1046875000000000	0.3276305364837348	
0.1078125000000000	0.3368902475007743	
0.1109375000000000	0.3461174882421614	
0.1140625000000000	0.3553113693672283	
0.1171875000000000	0.3644710047505763	
0.1203125000000000	0.3735955115674832	
0.1234375000000000	0.3826840103789904	
0.1265625000000000	0.3917356252166663	
0.1296875000000000	0.4007494836670334	
0.1328125000000000	0.4097247169556534	
0.1359375000000000	0.4186604600308610	
0.1390625000000000	0.4275558516471405	
0.1421875000000000	0.4364100344481336	
0.1453125000000000	0.4452221550492732	
0.1484375000000000	0.4539913641200347	
0.1515625000000000	0.4627168164657963	
0.1546875000000000	0.4713976711093003	
0.1578125000000000	0.4800330913717081	
0.1609375000000000	0.4886222449532416	
0.1640625000000000	0.4971643040134015	
0.1671875000000000	0.5056584452507569	
0.1703125000000000	0.5141038499822959	
0.1734375000000000	0.5224997042223327	
0.1765625000000000	0.5308451987609613	
0.1796875000000000	0.5391395292420476	
0.1828125000000000	0.5473818962407568	
0.1859375000000000	0.5555715053406025	
0.1890625000000000	0.5637075672100140	
0.1921875000000000	0.5717892976784147	
0.1953125000000000	0.5798159178118012	
0.1984375000000000	0.5877866539878185	
0.2015625000000000	0.5957007379703243	
0.2046875000000000	0.6035574069834325	
0.2078125000000000	0.6113559037850311	
0.2109375000000000	0.6190954767397672	
0.2140625000000000	0.6267753798914903	
0.2171875000000000	0.6343948730351505	
0.2203125000000000	0.6419532217881396	
0.2234375000000000	0.6494496976610735	
0.2265625000000000	0.6568835781280049	
0.2296875000000000	0.6642541466960614	
0.2328125000000000	0.6715606929745042	
0.2359375000000000	0.6788025127431954	
0.2390625000000000	0.6859789080204728	
0.2421875000000000	0.6930891871304234	
0.2453125000000000	0.7001326647695475	
0.2484375000000000	0.7071086620728100	
0.2515625000000000	0.7140165066790718	
0.2546875000000000	0.7208555327958920	
0.2578125000000000	0.7276250812636993	
0.2609375000000000	0.7343244996193221	
0.2640625000000000	0.7409531421588760	
0.2671875000000000	0.7475103699999963	
0.2703125000000001	0.7539955511434158	
0.2734375000000000	0.7604080605338781	
0.2765625000000000	0.7667472801203816	
0.2796875000000000	0.7730125989157484	
0.2828125000000000	0.7792034130555126	
0.2859375000000001	0.7853191258561223	
0.2890625000000000	0.7913591478724487	
0.2921875000000000	0.7973228969545989	
0.0007812500000000	0.0049087237362966	
0.0023437500000000	0.0098173291936281	
0.0039062500000000	0.0147256980958794	
0.0054687500000000	0.0196337121726353	
0.0070312500000000	0.0245412531620305	
0.0085937500000000	0.0294482028135988	
0.0101562500000000	0.0343544428911230	
0.0117187500000000	0.0392598551754833	
0.0132812500000000	0.0441643214675062	
0.0148437500000000	0.0490677235908127	
0.0164062500000000	0.0539699433946653	
0.0179687500000000	0.0588708627568156	
0.0195312500000000	0.0637703635863500	
0.0210937500000000	0.0686683278265355	
0.0226562500000000	0.0735646374576641	
0.0242187500000000	0.0784591744998970	
0.0257812500000000	0.0833518210161068	
0.0273437500000000	0.0882424591147198	
0.0289062500000000	0.0931309709525562	
0.0304687500000000	0.0980172387376701	
0.0320312500000000	0.1029011447321875	
0.0335937500000000	0.1077825712551433	
0.0351562500000000	0.1126614006853169	
0.0367187500000000	0.1175375154640663	
0.0382812500000000	0.1224107980981612	
0.0398437500000000	0.1272811311626130	
0.0414062500000000	0.1321483973035057	
0.0429687500000000	0.1370124792408223	
0.0445312500000000	0.1418732597712718	
0.0460937500000000	0.1467306217711123	
0.0476562500000000	0.1515844481989741	
0.0492187500000000	0.1564346220986791	
0.0507812500000000	0.1612810266020597	
0.0523437500000000	0.1661235449317739	
0.0539062500000000	0.1709620604041200	
0.0554687500000000	0.1757964564318478	
0.0570312500000000	0.1806266165269678	
0.0585937500000000	0.1854524243035580	
0.0601562500000000	0.1902737634805684	
0.0617187500000000	0.1950905178846234	
0.0632812500000000	0.1999025714528198	
0.0648437500000000	0.2047098082355248	
0.0664062500000000	0.2095121123991684	
0.0679687500000000	0.2143093682290367	
0.0695312500000000	0.2191014601320574	
0.0710937500000000	0.2238882726395874	
0.0726562500000000	0.2286696904101933	
0.0742187500000000	0.2334455982324323	
0.0757812500000000	0.2382158810276272	
0.0773437500000000	0.2429804238526393	
0.0789062500000000	0.2477391119026384	
0.0804687500000000	0.2524918305138693	
0.0820312500000000	0.2572384651664141	
0.0835937500000000	0.2619789014869522	
0.0851562500000000	0.2667130252515154	
0.0867187500000000	0.2714407223882415	
0.0882812500000000	0.2761618789801216	
0.0898437500000000	0.2808763812677456	
0.0914062500000000	0.2855841156520434	
0.0929687500000000	0.2902849686970226	
0.0945312500000000	0.2949788271325001	
0.0960937500000000	0.2996655778568338	
0.0976562500000000	0.3043451079396455	
0.0992187500000000	0.3090173046245439	
0.1007812500000000	0.3136820553318407	
0.1023437500000000	0.3183392476612631	
