0.8250000000000001	0.5000000000000000	0.0000013331857672	
0.8750000000000000	0.5000000000000000	0.0000000397807561	
0.9250000000000000	0.5000000000000000	0.0000000007233091	
0.9750000000000000	0.5000000000000000	0.0000000000079470	
0.7625000000000000	0.5000000000000000	0.0000331953348276	
0.7875000000000001	0.5000000000000000	0.0000077633887372	
0.4937500000000000	0.5000000000000000	0.1010687209155464	
0.7062500000000000	0.5000000000000000	0.0004075586465719	
0.7187500000000001	0.5000000000000000	0.0002299508599319	
0.7312500000000000	0.5000000000000000	0.0001255406284559	
0.7437500000000000	0.5000000000000000	0.0000660494718347	
0.0062500000000000	0.5000000000000000	0.1772485908456712	
0.0187500000000000	0.5000000000000000	0.1772485898586471	
0.0312500000000000	0.5000000000000000	0.1772485893843099	
0.0437500000000000	0.5000000000000000	0.1772485891626905	
0.0562500000000000	0.5000000000000000	0.1772485890549804	
0.0687500000000000	0.5000000000000000	0.1772485889791815	
0.0812500000000000	0.5000000000000000	0.1772485888580187	
0.0937500000000000	0.5000000000000000	0.1772485885486660	
0.1062500000000000	0.5000000000000000	0.1772485876964828	
0.1187500000000000	0.5000000000000000	0.1772485853854865	
0.1312500000000000	0.5000000000000000	0.1772485792986662	
0.1437500000000000	0.5000000000000000	0.1772485637560123	
0.1562500000000000	0.5000000000000000	0.1772485252877498	
0.1687500000000000	0.5000000000000000	0.1772484330072343	
0.1812500000000000	0.5000000000000000	0.1772482184486205	
0.1937500000000000	0.5000000000000000	0.1772477349333233	
0.2062500000000000	0.5000000000000000	0.1772466788388197	
0.2187500000000000	0.5000000000000000	0.1772444430867380	
0.2312500000000000	0.5000000000000000	0.1772398556213280	
0.2437500000000000	0.5000000000000000	0.1772307323569767	
0.2562500000000000	0.5000000000000000	0.1772131468046695	
0.2687500000000000	0.5000000000000000	0.1771802926676623	
0.2812500000000000	0.5000000000000000	0.1771208015110410	
0.2937500000000001	0.5000000000000000	0.1770163912795650	
0.5156250000000000	0.5000000000000000	0.0761782452810180	
0.6531250000000002	0.5000000000000000	0.0029929047410033	
0.6593750000000000	0.5000000000000000	0.0023936959039201	
0.6656250000000001	0.5000000000000000	0.0019008001593444	
0.6718750000000000	0.5000000000000000	0.0014985103771218	
0.3593750000000001	0.5000000000000000	0.1735300687327969	
0.4843750000000000	0.5000000000000000	0.1071679806038943	
0.5031250000000000	0.5000000000000000	0.0886174537971699	
0.5093749999999999	0.5000000000000000	0.0823735543335326	
0.3281250000000001	0.5000000000000000	0.1760736159562659	
0.3343750000000000	0.5000000000000000	0.1757478317623749	
0.3406250000000000	0.5000000000000000	0.1753455419801524	
0.3468750000000000	0.5000000000000000	0.1748526462355767	
0.6781250000000000	0.5000000000000000	0.0011727261832309	
0.6843750000000000	0.5000000000000000	0.0009109512292884	
0.6906250000000000	0.5000000000000000	0.0007022460396589	
0.6968750000000001	0.5000000000000000	0.0005371466456896	
0.3031250000000000	0.5000000000000000	0.1768387834929250	
0.3093750000000001	0.5000000000000000	0.1767091954938072	
0.3156250000000000	0.5000000000000000	0.1765440960998379	
0.3218750000000001	0.5000000000000000	0.1763353909102084	
0.5640625000000000	0.5000000000000000	0.0333763035485364	
0.5671875000000001	0.5000000000000000	0.0313032267235784	
0.5703125000000001	0.5000000000000000	0.0293134582887387	
0.5734375000000000	0.5000000000000000	0.0274073768772965	
0.5765625000000001	0.5000000000000000	0.0255850254821474	
0.5796875000000000	0.5000000000000000	0.0238461256331579	
0.5828125000000001	0.5000000000000000	0.0221900934044342	
0.5859375000000001	0.5000000000000000	0.0206160570169613	
0.5578125000000000	0.5000000000000000	0.0377691191516958	
0.5609375000000000	0.5000000000000000	0.0355319623659328	
0.5890625000000002	0.5000000000000000	0.0191228757945722	
0.5921875000000001	0.5000000000000000	0.0177091602272850	
0.5953125000000001	0.5000000000000000	0.0163732928955857	
0.5984375000000001	0.5000000000000000	0.0151134500120731	
0.4015625000000000	0.5000000000000000	0.1633193428537562	
0.4046875000000000	0.5000000000000000	0.1621335161844914	
0.4078125000000000	0.5000000000000000	0.1608736733009788	
0.4109375000000001	0.5000000000000000	0.1595378059692794	
0.4140625000000000	0.5000000000000000	0.1581240904019923	
0.4171875000000000	0.5000000000000000	0.1566309091796032	
0.4203125000000001	0.5000000000000000	0.1550568727921303	
0.4234375000000000	0.5000000000000000	0.1534008405634066	
0.4265625000000001	0.5000000000000000	0.1516619407144170	
0.4296875000000000	0.5000000000000000	0.1498395893192679	
0.4328125000000000	0.5000000000000000	0.1479335079078257	
0.4359375000000000	0.5000000000000000	0.1459437394729860	
0.4390625000000000	0.5000000000000000	0.1438706626480281	
0.4421875000000000	0.5000000000000000	0.1417150038306317	
0.4453125000000000	0.5000000000000000	0.1394778470448687	
0.4484375000000000	0.5000000000000000	0.1371606413507527	
0.4515625000000000	0.5000000000000000	0.1347652056326001	
0.4546875000000000	0.5000000000000000	0.1322937306223083	
0.4578125000000001	0.5000000000000000	0.1297487780414241	
0.4609375000000000	0.5000000000000000	0.1271332767762153	
0.5328125000000000	0.5000000000000000	0.0583488539957448	
0.5359375000000001	0.5000000000000000	0.0555428307454605	
0.5390625000000001	0.5000000000000000	0.0527964501640821	
0.5421875000000000	0.5000000000000000	0.0501136894203490	
0.5453125000000001	0.5000000000000000	0.0474981881551402	
0.5484375000000000	0.5000000000000000	0.0449532355742561	
0.5515625000000001	0.5000000000000000	0.0424817605639643	
0.5546875000000000	0.5000000000000000	0.0400863248458116	
0.6015625000000001	0.5000000000000000	0.0139276233428084	
0.6046875000000000	0.5000000000000000	0.0128136422794685	
0.6078125000000001	0.5000000000000000	0.0117691958447042	
0.6109375000000000	0.5000000000000000	0.0107918544266337	
0.6203125000000002	0.5000000000000000	0.0082368268386019	
0.6234375000000001	0.5000000000000000	0.0075019669916982	
0.3890625000000000	0.5000000000000000	0.1673678751427380	
0.3921875000000000	0.5000000000000000	0.1664551117699309	
0.5265625000000000	0.5000000000000000	0.0641223303332542	
0.5296875000000000	0.5000000000000000	0.0612102210955948	
0.6140625000000001	0.5000000000000000	0.0098790910538266	
0.6171875000000001	0.5000000000000000	0.0090283020390986	
0.3765625000000000	0.5000000000000000	0.1704259621699582	
0.3796875000000000	0.5000000000000000	0.1697449992048665	
0.3828125000000000	0.5000000000000000	0.1690101393579627	
0.3859375000000000	0.5000000000000000	0.1682186641574660	
0.4640625000000000	0.5000000000000000	0.1244505160324822	
0.4671875000000000	0.5000000000000000	0.1217041354511039	
0.4703125000000000	0.5000000000000000	0.1188981122008196	
0.4734375000000000	0.5000000000000000	0.1160367451009697	
0.6265625000000001	0.5000000000000000	0.0068210040266064	
0.6296875000000001	0.5000000000000000	0.0061912162364972	
0.6328125000000001	0.5000000000000000	0.0056098942502468	
0.6359375000000002	0.5000000000000000	0.0050743553411932	
0.6390625000000002	0.5000000000000000	0.0045819564356813	
0.6421875000000001	0.5000000000000000	0.0041301058007424	
0.6453125000000002	0.5000000000000000	0.0037162734066998	
0.6484375000000001	0.5000000000000000	0.0033379999757026	
0.5203125000000001	0.5000000000000000	0.0700789855926701	
0.5234375000000000	0.5000000000000000	0.0670802986185609	
0.3515625000000000	0.5000000000000000	0.1742534373984935	
0.3546875000000000	0.5000000000000000	0.1739083421637941	
0.3640625000000001	0.5000000000000000	0.1726650097608834	
0.3671875000000000	0.5000000000000000	0.1721726108553716	
0.3703125000000000	0.5000000000000000	0.1716370719463178	
0.3734375000000000	0.5000000000000000	0.1710557499600675	
0.3953125000000001	0.5000000000000000	0.1654777703518604	
0.3984375000000000	0.5000000000000000	0.1644333239170960	
0.4765625000000000	0.5000000000000000	0.1131246358633102	
0.4796874999999999	0.5000000000000000	0.1101666675780034	
