0.4875000000000000	0.5250000000000243	
0.5125000000000000	0.5000000000000209	
0.4687500000000000	0.5375000000000261	
0.9562499999999999	0.0500000000000003	
0.9687500000000000	0.0375000000000003	
0.5312500000000000	0.4750000000000175	
0.9812500000000000	0.0250000000000001	
0.9937500000000000	0.0125000000000000	
0.8906250000000000	0.1125000000000012	
0.8968750000000001	0.1062500000000011	
0.4406250000000000	0.5625000000000293	
0.4468750000000000	0.5562500000000286	
0.5781250000000000	0.4250000000000146	
0.5843750000000001	0.4187500000000143	
0.9031250000000000	0.1000000000000010	
0.9093750000000000	0.0937500000000009	
0.5531250000000001	0.4500000000000159	
0.5593750000000000	0.4437500000000156	
0.5656250000000000	0.4375000000000153	
0.5718750000000001	0.4312500000000149	
0.9156250000000001	0.0875000000000008	
0.9218750000000000	0.0812500000000007	
0.9281250000000001	0.0750000000000006	
0.9343750000000000	0.0687500000000005	
0.4531250000000000	0.5500000000000278	
0.4593750000000000	0.5437500000000268	
0.9406250000000000	0.0625000000000004	
0.9468749999999999	0.0562500000000004	
0.5406250000000001	0.4625000000000166	
0.5468750000000000	0.4562500000000163	
0.3859375000000000	0.6156250000000354	
0.3890625000000000	0.6125000000000349	
0.3921875000000000	0.6093750000000346	
0.3953125000000001	0.6062500000000342	
0.3984375000000000	0.6031250000000339	
0.7015625000000001	0.3000000000000083	
0.7046875000000000	0.2968750000000081	
0.7078125000000001	0.2937500000000078	
0.7109375000000001	0.2906250000000076	
0.7140625000000002	0.2875000000000073	
0.7171875000000001	0.2843750000000070	
0.7203125000000001	0.2812500000000069	
0.7234375000000001	0.2781250000000067	
0.7265625000000001	0.2750000000000065	
0.7296875000000000	0.2718750000000062	
0.7328125000000001	0.2687500000000060	
0.7359375000000000	0.2656250000000059	
0.7390625000000001	0.2625000000000056	
0.7421875000000000	0.2593750000000054	
0.7453125000000000	0.2562500000000052	
0.7484375000000000	0.2531250000000050	
0.7515625000000000	0.2500000000000048	
0.7546875000000000	0.2468750000000046	
0.7578125000000000	0.2437500000000046	
0.7609374999999999	0.2406250000000046	
0.7640625000000000	0.2375000000000045	
0.7671875000000000	0.2343750000000043	
0.7703125000000001	0.2312500000000042	
0.7734375000000000	0.2281250000000041	
0.6515625000000002	0.3500000000000111	
0.6546875000000001	0.3468750000000109	
0.6578125000000001	0.3437500000000109	
0.6609375000000001	0.3406250000000108	
0.6640625000000001	0.3375000000000107	
0.6671875000000000	0.3343750000000106	
0.6703125000000001	0.3312500000000105	
0.6734375000000000	0.3281250000000103	
0.6765625000000001	0.3250000000000101	
0.6796875000000000	0.3218750000000098	
0.6828125000000000	0.3187500000000096	
0.6859375000000000	0.3156250000000095	
0.6890625000000000	0.3125000000000092	
0.6921875000000001	0.3093750000000089	
0.6953125000000001	0.3062500000000087	
0.6984375000000000	0.3031250000000084	
0.7765625000000000	0.2250000000000041	
0.7796875000000000	0.2218750000000042	
0.7828125000000000	0.2187500000000040	
0.7859375000000001	0.2156250000000039	
0.7890625000000001	0.2125000000000038	
0.7921875000000000	0.2093750000000036	
0.7953125000000001	0.2062500000000037	
0.7984375000000000	0.2031250000000036	
0.8015625000000001	0.2000000000000035	
0.8046875000000000	0.1968750000000034	
0.8078125000000000	0.1937500000000034	
0.8109375000000000	0.1906250000000033	
0.4015625000000000	0.6000000000000335	
0.4046875000000000	0.5968750000000332	
0.4078125000000000	0.5937500000000329	
0.4109375000000001	0.5906250000000325	
0.8140625000000000	0.1875000000000032	
0.8171875000000001	0.1843750000000031	
0.8203125000000001	0.1812500000000030	
0.8234375000000000	0.1781250000000029	
0.8265625000000001	0.1750000000000029	
0.8296875000000000	0.1718750000000028	
0.8328125000000001	0.1687500000000027	
0.8359375000000001	0.1656250000000026	
0.8390625000000002	0.1625000000000025	
0.8421875000000001	0.1593750000000024	
0.8453125000000001	0.1562500000000023	
0.8484375000000001	0.1531250000000023	
0.4140625000000000	0.5875000000000322	
0.4171875000000000	0.5843750000000318	
0.4203125000000001	0.5812500000000314	
0.4234375000000000	0.5781250000000309	
0.6203125000000002	0.3812500000000125	
0.6234375000000001	0.3781250000000123	
0.6265625000000001	0.3750000000000122	
0.6296875000000001	0.3718750000000122	
0.6328125000000001	0.3687500000000120	
0.6359375000000002	0.3656250000000118	
0.6390625000000002	0.3625000000000116	
0.6421875000000001	0.3593750000000114	
0.6453125000000002	0.3562500000000113	
0.6484375000000001	0.3531250000000112	
0.6015625000000001	0.4000000000000133	
0.6046875000000000	0.3968750000000132	
0.6078125000000001	0.3937500000000131	
0.6109375000000000	0.3906250000000130	
0.6140625000000001	0.3875000000000128	
0.6171875000000001	0.3843750000000127	
0.8515625000000001	0.1500000000000021	
0.8546875000000000	0.1468750000000020	
0.8578125000000001	0.1437500000000019	
0.8609375000000000	0.1406250000000019	
0.8640625000000001	0.1375000000000017	
0.8671875000000000	0.1343750000000016	
0.8703125000000000	0.1312500000000015	
0.8734375000000000	0.1281250000000015	
0.8765625000000000	0.1250000000000014	
0.8796875000000000	0.1218750000000013	
0.8828125000000000	0.1187500000000013	
0.8859374999999999	0.1156250000000013	
0.4265625000000001	0.5750000000000306	
0.4296875000000000	0.5718750000000303	
0.4328125000000000	0.5687500000000301	
0.4359375000000000	0.5656250000000298	
0.5890625000000002	0.4125000000000139	
0.5921875000000001	0.4093750000000137	
0.5953125000000001	0.4062500000000137	
0.5984375000000001	0.4031250000000135	
0.2867187500000000	0.7140625000000452	
0.2882812500000000	0.7125000000000450	
0.2898437500000000	0.7109375000000449	
0.2914062500000000	0.7093750000000447	
0.2929687500000001	0.7078125000000446	
0.2945312500000001	0.7062500000000445	
0.2960937500000000	0.7046875000000444	
0.2976562500000001	0.7031250000000443	
0.2992187500000000	0.7015625000000443	
0.3007812500000001	0.7000000000000440	
0.3023437500000000	0.6984375000000438	
0.3039062500000000	0.6968750000000438	
0.3054687500000000	0.6953125000000435	
0.3070312500000000	0.6937500000000435	
0.3085937500000001	0.6921875000000434	
0.3101562500000001	0.6906250000000431	
0.3117187500000000	0.6890625000000429	
0.3132812500000001	0.6875000000000427	
0.3148437500000000	0.6859375000000426	
0.3164062500000001	0.6843750000000424	
0.3179687500000001	0.6828125000000420	
0.3195312500000001	0.6812500000000419	
0.3210937500000001	0.6796875000000417	
0.3226562500000001	0.6781250000000418	
0.3242187500000001	0.6765625000000417	
0.3257812500000001	0.6750000000000415	
0.3273437500000000	0.6734375000000412	
0.3289062500000001	0.6718750000000411	
0.3304687500000000	0.6703125000000409	
0.3320312500000001	0.6687500000000407	
0.3335937500000000	0.6671875000000406	
0.3351562500000000	0.6656250000000405	
0.3367187500000000	0.6640625000000404	
0.3382812500000000	0.6625000000000403	
0.3398437500000000	0.6609375000000401	
0.3414062500000000	0.6593750000000400	
0.3429687500000000	0.6578125000000399	
0.3445312500000000	0.6562500000000397	
0.3460937500000000	0.6546875000000396	
0.3476562500000001	0.6531250000000395	
0.3492187500000000	0.6515625000000391	
0.3507812500000000	0.6500000000000390	
0.3523437500000000	0.6484375000000389	
0.3539062500000000	0.6468750000000387	
0.3554687500000001	0.6453125000000386	
0.3570312500000001	0.6437500000000385	
0.3585937500000000	0.6421875000000383	
0.3601562500000001	0.6406250000000382	
0.3617187500000000	0.6390625000000381	
0.3632812500000001	0.6375000000000377	
0.3648437500000000	0.6359375000000375	
0.3664062500000000	0.6343750000000373	
0.3679687500000000	0.6328125000000372	
0.3695312500000000	0.6312500000000371	
0.3710937500000000	0.6296875000000369	
0.3726562500000000	0.6281250000000368	
0.3742187500000000	0.6265625000000367	
0.3757812500000000	0.6250000000000365	
0.3773437500000000	0.6234375000000363	
0.3789062500000000	0.6218750000000361	
0.3804687500000000	0.6203125000000360	
0.3820312500000000	0.6187500000000357	
0.3835937500000000	0.6171875000000355	
0.0800781250000000	0.9203125000216337	
0.0808593750000000	0.9195312500209942	
0.0816406250000000	0.9187500000203737	
0.0824218750000000	0.9179687500197713	
0.0832031250000000	0.9171875000191869	
0.0839843750000000	0.9164062500186200	
0.0847656250000000	0.9156250000180692	
0.0855468750000000	0.9148437500175352	
0.0863281250000000	0.9140625000170164	
0.0871093750000000	0.9132812500165135	
0.0878906250000000	0.9125000000160253	
0.0886718750000000	0.9117187500155514	
0.0894531250000000	0.9109375000150914	
0.0902343750000000	0.9101562500146452	
0.0910156250000000	0.9093750000142120	
0.0917968750000000	0.9085937500137917	
0.0925781250000000	0.9078125000133839	
0.0933593750000000	0.9070312500129880	
0.0941406250000000	0.9062500000126039	
0.0949218750000000	0.9054687500122311	
0.0957031250000000	0.9046875000118688	
0.0964843750000000	0.9039062500115177	
0.0972656250000000	0.9031250000111766	
0.0980468750000000	0.9023437500108459	
0.0988281250000000	0.9015625000105247	
0.0996093750000000	0.9007812500102137	
0.1003906250000000	0.9000000000099114	
0.1011718750000000	0.8992187500096182	
0.1019531250000000	0.8984375000093334	
0.1027343750000000	0.8976562500090574	
0.1035156250000000	0.8968750000087893	
0.1042968750000000	0.8960937500085293	
0.1050781250000000	0.8953125000082768	
0.1058593750000000	0.8945312500080316	
0.1066406250000000	0.8937500000077937	
0.1074218750000000	0.8929687500075632	
0.1082031250000000	0.8921875000073392	
0.1089843750000000	0.8914062500071218	
0.1097656250000000	0.8906250000069111	
0.1105468750000000	0.8898437500067065	
0.1113281250000000	0.8890625000065080	
0.1121093750000000	0.8882812500063154	
0.1128906250000000	0.8875000000061286	
0.1136718750000000	0.8867187500059472	
0.1144531250000000	0.8859375000057714	
0.1152343750000000	0.8851562500056009	
0.1160156250000000	0.8843750000054352	
0.1167968750000000	0.8835937500052745	
0.1175781250000000	0.8828125000051185	
0.1183593750000000	0.8820312500049673	
0.1191406250000000	0.8812500000048202	
0.1199218750000000	0.8804687500046777	
0.1207031250000000	0.8796875000045394	
0.1214843750000000	0.8789062500044051	
0.1222656250000000	0.8781250000042747	
0.1230468750000000	0.8773437500041483	
0.1238281250000000	0.8765625000040256	
0.1246093750000000	0.8757812500039065	
0.1253906250000000	0.8750000000037910	
0.1261718750000000	0.8742187500036787	
0.1269531250000000	0.8734375000035701	
0.1277343750000000	0.8726562500034645	
0.1285156250000000	0.8718750000033619	
0.1292968750000000	0.8710937500032627	
0.1300781250000000	0.8703125000031660	
0.1308593750000000	0.8695312500030724	
0.1316406250000000	0.8687500000029815	
0.1324218750000000	0.8679687500028936	
0.1332031250000000	0.8671875000028082	
0.1339843750000000	0.8664062500027251	
0.1347656250000000	0.8656250000026444	
0.1355468750000000	0.8648437500025663	
0.1363281250000000	0.8640625000024906	
0.1371093750000000	0.8632812500024172	
0.1378906250000000	0.8625000000023458	
0.1386718750000000	0.8617187500022766	
0.1394531250000000	0.8609375000022095	
0.1402343750000000	0.8601562500021442	
0.1410156250000000	0.8593750000020810	
0.1417968750000000	0.8585937500020198	
0.1425781250000000	0.8578125000019601	
0.1433593750000000	0.8570312500019024	
0.1441406250000000	0.8562500000018465	
0.1449218750000000	0.8554687500017920	
0.1457031250000000	0.8546875000017395	
0.1464843750000000	0.8539062500016883	
0.1472656250000000	0.8531250000016387	
0.1480468750000000	0.8523437500015905	
0.1488281250000000	0.8515625000015437	
0.1496093750000000	0.8507812500014982	
0.1503906250000000	0.8500000000014543	
0.1511718750000000	0.8492187500014117	
0.1519531250000000	0.8484375000013704	
0.1527343750000000	0.8476562500013303	
0.1535156250000000	0.8468750000012910	
0.1542968750000000	0.8460937500012531	
0.1550781250000000	0.8453125000012165	
0.1558593750000000	0.8445312500011810	
0.1566406250000000	0.8437500000011463	
0.1574218750000000	0.8429687500011127	
0.1582031250000000	0.8421875000010801	
0.1589843750000000	0.8414062500010484	
0.1597656250000000	0.8406250000010176	
0.1605468750000000	0.8398437500009879	
0.1613281250000000	0.8390625000009591	
0.1621093750000000	0.8382812500009308	
0.1628906250000000	0.8375000000009036	
0.1636718750000000	0.8367187500008774	
0.1644531250000000	0.8359375000008519	
0.1652343750000000	0.8351562500008274	
0.1660156250000000	0.8343750000008033	
0.1667968750000000	0.8335937500007800	
0.1675781250000000	0.8328125000007573	
0.1683593750000000	0.8320312500007354	
0.1691406250000000	0.8312500000007140	
0.1699218750000000	0.8304687500006935	
0.1707031250000000	0.8296875000006734	
0.1714843750000000	0.8289062500006539	
0.1722656250000000	0.8281250000006349	
0.1730468750000000	0.8273437500006162	
0.1738281250000000	0.8265625000005985	
0.1746093750000000	0.8257812500005813	
0.1753906250000000	0.8250000000005648	
0.1761718750000000	0.8242187500005487	
0.1769531250000000	0.8234375000005330	
0.1777343750000000	0.8226562500005175	
0.1785156250000000	0.8218750000005024	
0.1792968750000000	0.8210937500004878	
0.1800781250000000	0.8203125000004740	
0.1808593750000000	0.8195312500004606	
0.1816406250000000	0.8187500000004474	
0.1824218750000000	0.8179687500004346	
0.1832031250000000	0.8171875000004222	
0.1839843750000000	0.8164062500004102	
0.1847656250000000	0.8156250000003986	
0.1855468750000000	0.8148437500003873	
0.1863281250000000	0.8140625000003763	
0.1871093750000000	0.8132812500003659	
0.1878906250000000	0.8125000000003555	
0.1886718750000000	0.8117187500003455	
0.1894531250000000	0.8109375000003358	
0.1902343750000000	0.8101562500003262	
0.1910156250000000	0.8093750000003169	
0.1917968750000000	0.8085937500003079	
0.1925781250000000	0.8078125000002991	
0.1933593750000000	0.8070312500002910	
0.1941406250000000	0.8062500000002828	
0.1949218750000000	0.8054687500002751	
0.1957031250000000	0.8046875000002673	
0.1964843750000000	0.8039062500002601	
0.1972656250000000	0.8031250000002528	
0.1980468750000000	0.8023437500002459	
0.1988281250000000	0.8015625000002395	
0.1996093750000000	0.8007812500002327	
0.2003906250000000	0.8000000000002262	
0.2011718750000000	0.7992187500002201	
0.2019531250000000	0.7984375000002142	
0.2027343750000000	0.7976562500002087	
0.2035156250000000	0.7968750000002032	
0.2042968750000000	0.7960937500001977	
0.2050781250000000	0.7953125000001923	
0.2058593750000000	0.7945312500001871	
0.2066406250000000	0.7937500000001821	
0.2074218750000000	0.7929687500001772	
0.2082031250000000	0.7921875000001726	
0.2089843750000000	0.7914062500001680	
0.2097656250000000	0.7906250000001636	
0.2105468750000000	0.7898437500001592	
0.2113281250000000	0.7890625000001551	
0.2121093750000000	0.7882812500001510	
0.2128906250000000	0.7875000000001472	
0.2136718750000000	0.7867187500001436	
0.2144531250000000	0.7859375000001402	
0.2152343750000000	0.7851562500001370	
0.2160156250000000	0.7843750000001337	
0.2167968750000000	0.7835937500001303	
0.2175781250000000	0.7828125000001271	
0.2183593750000000	0.7820312500001243	
0.2191406250000000	0.7812500000001215	
0.2199218750000000	0.7804687500001186	
0.2207031250000000	0.7796875000001160	
0.2214843750000000	0.7789062500001134	
0.2222656250000000	0.7781250000001110	
0.2230468750000000	0.7773437500001082	
0.2238281250000000	0.7765625000001056	
0.2246093750000000	0.7757812500001033	
0.2253906250000000	0.7750000000001011	
0.2261718750000000	0.7742187500000988	
0.2269531250000000	0.7734375000000966	
0.2277343750000000	0.7726562500000942	
0.2285156250000000	0.7718750000000920	
0.2292968750000000	0.7710937500000896	
0.2300781250000000	0.7703125000000877	
0.2308593750000000	0.7695312500000857	
0.2316406250000000	0.7687500000000840	
0.2324218750000000	0.7679687500000822	
0.2332031250000000	0.7671875000000807	
0.2339843750000000	0.7664062500000792	
0.2347656250000000	0.7656250000000776	
0.2355468750000000	0.7648437500000760	
0.2363281250000000	0.7640625000000745	
0.2371093750000000	0.7632812500000731	
0.2378906250000000	0.7625000000000717	
0.2386718750000000	0.7617187500000704	
0.2394531250000000	0.7609375000000691	
0.2402343750000000	0.7601562500000680	
0.2410156250000000	0.7593750000000670	
0.2417968750000000	0.7585937500000659	
0.2425781250000000	0.7578125000000648	
0.2433593750000000	0.7570312500000638	
0.2441406250000000	0.7562500000000628	
0.2449218750000000	0.7554687500000619	
0.2457031250000000	0.7546875000000608	
0.2464843750000000	0.7539062500000600	
0.2472656250000000	0.7531250000000589	
0.2480468750000000	0.7523437500000578	
0.2488281250000000	0.7515625000000570	
0.2496093750000000	0.7507812500000561	
0.2503906250000000	0.7500000000000553	
0.2511718750000000	0.7492187500000544	
0.2519531250000000	0.7484375000000538	
0.2527343750000000	0.7476562500000531	
0.2535156250000000	0.7468750000000526	
0.2542968750000000	0.7460937500000520	
0.2550781249999999	0.7453125000000516	
0.2558593750000000	0.7445312500000509	
0.2566406250000000	0.7437500000000503	
0.2574218750000000	0.7429687500000497	
0.2582031250000000	0.7421875000000493	
0.2589843750000000	0.7414062500000491	
0.2597656250000000	0.7406250000000489	
0.2605468750000001	0.7398437500000488	
0.2613281250000000	0.7390625000000486	
0.2621093750000000	0.7382812500000484	
0.2628906250000000	0.7375000000000482	
0.2636718750000000	0.7367187500000482	
0.2644531250000000	0.7359375000000483	
0.2652343750000000	0.7351562500000481	
0.2660156250000000	0.7343750000000481	
0.2667968750000000	0.7335937500000479	
0.2675781250000000	0.7328125000000478	
0.2683593750000001	0.7320312500000478	
0.2691406250000000	0.7312500000000477	
0.2699218750000001	0.7304687500000477	
0.2707031250000000	0.7296875000000476	
0.2714843750000000	0.7289062500000476	
0.2722656250000001	0.7281250000000474	
0.2730468750000000	0.7273437500000475	
0.2738281250000000	0.7265625000000475	
0.2746093750000000	0.7257812500000473	
0.2753906250000000	0.7250000000000474	
0.2761718750000001	0.7242187500000470	
0.2769531250000000	0.7234375000000469	
0.2777343750000000	0.7226562500000469	
0.2785156250000000	0.7218750000000467	
0.2792968750000000	0.7210937500000465	
0.2800781250000000	0.7203125000000465	
0.2808593750000000	0.7195312500000464	
0.2816406250000000	0.7187500000000464	
0.2824218750000000	0.7179687500000462	
0.2832031250000000	0.7171875000000461	
0.2839843750000001	0.7164062500000459	
0.2847656250000000	0.7156250000000457	
0.2855468750000001	0.7148437500000455	
0.0001953125000000	1.0000000004444969	
0.0005859375000000	0.9996093754379983	
0.0009765625000000	0.9992187504315895	
0.0013671875000000	0.9988281254252808	
0.0017578125000000	0.9984375004190601	
0.0021484375000000	0.9980468754129322	
0.0025390625000000	0.9976562504068923	
0.0029296875000000	0.9972656254009391	
0.0033203125000000	0.9968750003950770	
0.0037109375000000	0.9964843753892965	
0.0041015625000000	0.9960937503836007	
0.0044921875000000	0.9957031253779893	
0.0048828125000000	0.9953125003724573	
0.0052734375000000	0.9949218753670067	
0.0056640625000000	0.9945312503616373	
0.0060546875000000	0.9941406253563470	
0.0064453125000000	0.9937500003511281	
0.0068359375000000	0.9933593753459906	
0.0072265625000000	0.9929687503409246	
0.0076171875000000	0.9925781253359333	
0.0080078125000000	0.9921875003310172	
0.0083984375000000	0.9917968753261689	
0.0087890625000000	0.9914062503213935	
0.0091796875000000	0.9910156253166893	
0.0095703125000000	0.9906250003120506	
0.0099609375000000	0.9902343753074823	
0.0103515625000000	0.9898437503029773	
0.0107421875000000	0.9894531252985382	
0.0111328125000000	0.9890625002941672	
0.0115234375000000	0.9886718752898578	
0.0119140625000000	0.9882812502856120	
0.0123046875000000	0.9878906252814302	
0.0126953125000000	0.9875000002773042	
0.0130859375000000	0.9871093752732411	
0.0134765625000000	0.9867187502692379	
0.0138671875000000	0.9863281252652927	
0.0142578125000000	0.9859375002614028	
0.0146484375000000	0.9855468752575739	
0.0150390625000000	0.9851562502537972	
0.0154296875000000	0.9847656252500792	
0.0158203125000000	0.9843750002464124	
0.0162109375000000	0.9839843752427997	
0.0166015625000000	0.9835937502392392	
0.0169921875000000	0.9832031252357315	
0.0173828125000000	0.9828125002322802	
0.0177734375000000	0.9824218752288703	
0.0181640625000000	0.9820312502255171	
0.0185546875000000	0.9816406252222053	
0.0189453125000000	0.9812500002189481	
0.0193359375000000	0.9808593752157350	
0.0197265625000000	0.9804687502125722	
0.0201171875000000	0.9800781252094565	
0.0205078125000000	0.9796875002063820	
0.0208984375000000	0.9792968752033515	
0.0212890625000000	0.9789062502003700	
0.0216796875000000	0.9785156251974299	
0.0220703125000000	0.9781250001945357	
0.0224609375000000	0.9777343751916805	
0.0228515625000000	0.9773437501888660	
0.0232421875000000	0.9769531251860937	
0.0236328125000000	0.9765625001833627	
0.0240234375000000	0.9761718751806708	
0.0244140625000000	0.9757812501780172	
0.0248046875000000	0.9753906251754065	
0.0251953125000000	0.9750000001728314	
0.0255859375000000	0.9746093751702928	
0.0259765625000000	0.9742187501677942	
0.0263671875000000	0.9738281251653286	
0.0267578125000000	0.9734375001629023	
0.0271484375000000	0.9730468751605095	
0.0275390625000000	0.9726562501581528	
0.0279296875000000	0.9722656251558301	
0.0283203125000000	0.9718750001535423	
0.0287109375000000	0.9714843751512874	
0.0291015625000000	0.9710937501490622	
0.0294921875000000	0.9707031251468743	
0.0298828125000000	0.9703125001447160	
0.0302734375000000	0.9699218751425923	
0.0306640625000000	0.9695312501404947	
0.0310546875000000	0.9691406251384302	
0.0314453125000000	0.9687500001363956	
0.0318359375000000	0.9683593751343932	
0.0322265625000000	0.9679687501324146	
0.0326171875000000	0.9675781251304724	
0.0330078125000000	0.9671875001285520	
0.0333984375000000	0.9667968751266641	
0.0337890625000000	0.9664062501248015	
0.0341796875000000	0.9660156251229678	
0.0345703125000000	0.9656250001211615	
0.0349609375000000	0.9652343751193779	
0.0353515625000000	0.9648437501176247	
0.0357421875000000	0.9644531251158949	
0.0361328125000000	0.9640625001141899	
0.0365234375000000	0.9636718751125108	
0.0369140625000000	0.9632812501108583	
0.0373046875000000	0.9628906251092271	
0.0376953125000000	0.9625000001076186	
0.0380859375000000	0.9621093751060373	
0.0384765625000000	0.9617187501044775	
0.0388671875000000	0.9613281251029401	
0.0392578125000000	0.9609375001014263	
0.0396484375000000	0.9605468750999335	
0.0400390625000000	0.9601562500984621	
0.0404296875000000	0.9597656250970164	
0.0408203125000000	0.9593750000955895	
0.0412109375000000	0.9589843750941817	
0.0416015625000000	0.9585937500927957	
0.0419921875000000	0.9582031250914289	
0.0423828125000000	0.9578125000900841	
0.0427734375000000	0.9574218750887575	
0.0431640625000000	0.9570312500874519	
0.0435546875000000	0.9566406250861655	
0.0439453125000000	0.9562500000848964	
0.0443359375000000	0.9558593750836472	
0.0447265625000000	0.9554687500824139	
0.0451171875000000	0.9550781250812022	
0.0455078125000000	0.9546875000800064	
0.0458984375000000	0.9542968750788277	
0.0462890625000000	0.9539062500776678	
0.0466796875000000	0.9535156250765269	
0.0470703125000000	0.9531250000753986	
0.0474609375000000	0.9527343750742883	
0.0478515625000000	0.9523437500731924	
0.0482421875000000	0.9519531250721155	
0.0486328125000000	0.9515625000710524	
0.0490234375000000	0.9511718750700077	
0.0494140625000000	0.9507812500689760	
0.0498046875000000	0.9503906250679582	
0.0501953125000000	0.9500000000669583	
0.0505859375000000	0.9496093750659711	
0.0509765625000000	0.9492187500650000	
0.0513671875000000	0.9488281250640412	
0.0517578125000000	0.9484375000630991	
0.0521484375000000	0.9480468750621683	
0.0525390625000000	0.9476562500612529	
0.0529296875000000	0.9472656250603485	
0.0533203125000000	0.9468750000594595	
0.0537109375000000	0.9464843750585843	
0.0541015625000000	0.9460937500577199	
0.0544921875000000	0.9457031250568690	
0.0548828125000000	0.9453125000560313	
0.0552734375000000	0.9449218750552075	
0.0556640625000000	0.9445312500543919	
0.0560546875000000	0.9441406250535900	
0.0564453125000000	0.9437500000528004	
0.0568359375000000	0.9433593750520225	
0.0572265625000000	0.9429687500512545	
0.0576171875000000	0.9425781250504993	
0.0580078125000000	0.9421875000497540	
0.0583984375000000	0.9417968750490199	
0.0587890625000000	0.9414062500482975	
0.0591796875000000	0.9410156250475845	
0.0595703125000000	0.9406250000468834	
0.0599609375000000	0.9402343750461931	
0.0603515625000000	0.9398437500455101	
0.0607421875000000	0.9394531250448401	
0.0611328125000000	0.9390625000441780	
0.0615234375000000	0.9386718750435276	
0.0619140625000000	0.9382812500428832	
0.0623046875000000	0.9378906250422512	
0.0626953125000000	0.9375000000416291	
0.0630859375000000	0.9371093750410144	
0.0634765625000000	0.9367187500404082	
0.0638671875000000	0.9363281250398131	
0.0642578125000000	0.9359375000392240	
0.0646484375000000	0.9355468750386470	
0.0650390625000000	0.9351562500380751	
0.0654296875000000	0.9347656250375143	
0.0658203125000000	0.9343750000369606	
0.0662109375000000	0.9339843750364148	
0.0666015625000000	0.9335937500358774	
0.0669921875000000	0.9332031250353487	
0.0673828125000000	0.9328125000348270	
0.0677734375000000	0.9324218750343115	
0.0681640625000000	0.9320312500338065	
0.0685546875000000	0.9316406250333066	
0.0689453125000000	0.9312500000328158	
0.0693359375000000	0.9308593750323310	
0.0697265625000000	0.9304687500318535	
0.0701171875000000	0.9300781250313820	
0.0705078125000000	0.9296875000309199	
0.0708984375000000	0.9292968750304634	
0.0712890625000000	0.9289062500300140	
0.0716796875000000	0.9285156250295705	
0.0720703125000000	0.9281250000291346	
0.0724609375000000	0.9277343750287032	
0.0728515625000000	0.9273437500282794	
0.0732421875000000	0.9269531250278618	
0.0736328125000000	0.9265625000274507	
0.0740234375000000	0.9261718750270441	
0.0744140625000000	0.9257812500266451	
0.0748046875000000	0.9253906250262517	
0.0751953125000000	0.9250000000258642	
0.0755859375000000	0.9246093750254821	
0.0759765625000000	0.9242187500251058	
0.0763671875000000	0.9238281250247344	
0.0767578125000000	0.9234375000243688	
0.0771484375000000	0.9230468750240091	
0.0775390625000000	0.9226562500236541	
0.0779296875000000	0.9222656250233050	
0.0783203125000000	0.9218750000229611	
0.0787109375000000	0.9214843750226217	
0.0791015625000000	0.9210937500222874	
0.0794921875000000	0.9207031250219583	
