0.0015625000000000	0.1772453850862133	
0.0046875000000000	0.1772453851980981	
0.0078125000000000	0.1772453850877065	
0.0109375000000000	0.1772453851540610	
0.0140625000000000	0.1772453850884689	
0.0171875000000000	0.1772453851274354	
0.0203125000000000	0.1772453850886580	
0.0234375000000000	0.1772453851112145	
0.0265625000000000	0.1772453850882707	
0.0296875000000000	0.1772453851009592	
0.0328125000000000	0.1772453850871347	
0.0359375000000000	0.1772453850937299	
0.0390625000000000	0.1772453850848374	
0.0421875000000000	0.1772453850873425	
0.0453125000000000	0.1772453850805907	
0.0484375000000000	0.1772453850797768	
0.0515625000000000	0.1772453850729944	
0.0546875000000000	0.1772453850686093	
0.0578125000000000	0.1772453850596147	
0.0609375000000000	0.1772453850503167	
0.0640625000000000	0.1772453850362923	
0.0671875000000000	0.1772453850192839	
0.0703125000000000	0.1772453849959896	
0.0734375000000000	0.1772453849662738	
0.0765625000000000	0.1772453849269033	
0.0796875000000000	0.1772453848759826	
0.0828125000000000	0.1772453848094084	
0.0859375000000000	0.1772453847231490	
0.0890625000000000	0.1772453846111454	
0.0921875000000000	0.1772453844662896	
0.0953125000000000	0.1772453842791986	
0.0984375000000000	0.1772453840380282	
0.1015625000000000	0.1772453837277538	
0.1046875000000000	0.1772453833293544	
0.1078125000000000	0.1772453828187972	
0.1109375000000000	0.1772453821657839	
0.1140625000000000	0.1772453813321982	
0.1171875000000000	0.1772453802701813	
0.1203125000000000	0.1772453789197780	
0.1234375000000000	0.1772453772060260	
0.1265625000000000	0.1772453750354050	
0.1296875000000000	0.1772453722914831	
0.1328125000000000	0.1772453688296088	
0.1359375000000000	0.1772453644704516	
0.1390625000000000	0.1772453589921539	
0.1421875000000000	0.1772453521208288	
0.1453125000000000	0.1772453435190728	
0.1484375000000000	0.1772453327721172	
0.1515625000000000	0.1772453193711654	
0.1546875000000000	0.1772453026934117	
0.1578125000000000	0.1772452819781117	
0.1609375000000000	0.1772452562980131	
0.1640625000000000	0.1772452245253283	
0.1671875000000000	0.1772451852912995	
0.1703125000000000	0.1772451369382727	
0.1734375000000000	0.1772450774630333	
0.1765625000000000	0.1772450044499827	
0.1796875000000000	0.1772449149925228	
0.1828125000000000	0.1772448056008172	
0.1859375000000000	0.1772446720938284	
0.1890625000000000	0.1772445094732981	
0.1921875000000000	0.1772443117770110	
0.1953125000000000	0.1772440719083984	
0.1984375000000000	0.1772437814391900	
0.2015625000000000	0.1772434303814538	
0.2046875000000000	0.1772430069249930	
0.2078125000000000	0.1772424971356562	
0.2109375000000000	0.1772418846096967	
0.2140625000000000	0.1772411500788796	
0.2171875000000000	0.1772402709605994	
0.2203125000000000	0.1772392208467919	
0.2234375000000000	0.1772379689250095	
0.2265625000000000	0.1772364793245719	
0.2296875000000000	0.1772347103802829	
0.2328125000000000	0.1772326138058369	
0.2359375000000000	0.1772301337686704	
0.2390625000000000	0.1772272058577527	
0.2421875000000000	0.1772237559355816	
0.2453125000000000	0.1772196988655480	
0.2484375000000000	0.1772149371057922	
0.2515625000000000	0.1772093591608338	
0.2546875000000000	0.1772028378824908	
0.2578125000000000	0.1771952286120674	
0.2609375000000000	0.1771863671564098	
0.2640625000000000	0.1771760675913047	
0.2671875000000000	0.1771641198867608	
0.2703125000000001	0.1771502873500939	
0.2734375000000000	0.1771343038843563	
0.2765625000000000	0.1771158710615878	
0.2796875000000000	0.1770946550126308	
0.2828125000000000	0.1770702831378013	
0.2859375000000001	0.1770423406456457	
0.2890625000000000	0.1770103669302452	
0.2921875000000000	0.1769738518011106	
0.2953125000000001	0.1769322315836215	
0.2984375000000000	0.1768848851121578	
0.3015625000000001	0.1768311296425734	
0.3046875000000000	0.1767702167153695	
0.3078125000000000	0.1767013280058781	
0.3109375000000001	0.1766235712028063	
0.3140625000000000	0.1765359759616695	
0.3171875000000001	0.1764374899847694	
0.3203125000000001	0.1763269752844643	
0.3234375000000000	0.1762032046913576	
0.3265625000000001	0.1760648586736620	
0.3296875000000000	0.1759105225382077	
0.3328125000000001	0.1757386840872995	
0.3359375000000000	0.1755477318087035	
0.3390625000000000	0.1753359536783859	
0.3421875000000000	0.1751015366570833	
0.3453125000000000	0.1748425669622350	
0.3484375000000001	0.1745570311961379	
0.3515625000000000	0.1742428184092815	
0.3546875000000000	0.1738977231745820	
0.3578125000000001	0.1735194497435849	
0.3609375000000000	0.1731056173495422	
0.3640625000000001	0.1726537667146033	
0.3671875000000000	0.1721613678090917	
0.3703125000000000	0.1716258289000379	
0.3734375000000000	0.1710445069137875	
0.3765625000000000	0.1704147191236781	
0.3796875000000000	0.1697337561585865	
0.3828125000000000	0.1689988963116827	
0.3859375000000000	0.1682074211111861	
0.3890625000000000	0.1673566320964582	
0.3921875000000000	0.1664438687236508	
0.3953125000000001	0.1654665273055805	
0.3984375000000000	0.1644220808708161	
0.4015625000000000	0.1633080998074764	
0.4046875000000000	0.1621222731382113	
0.4078125000000000	0.1608624302546988	
0.4109375000000001	0.1595265629229995	
0.4140625000000000	0.1581128473557124	
0.4171875000000000	0.1566196661333235	
0.4203125000000001	0.1550456297458505	
0.4234375000000000	0.1533895975171267	
0.4265625000000001	0.1516506976681372	
0.4296875000000000	0.1498283462729881	
0.4328125000000000	0.1479222648615459	
0.4359375000000000	0.1459324964267063	
0.4390625000000000	0.1438594196017483	
0.4421875000000000	0.1417037607843519	
0.4453125000000000	0.1394666039985888	
0.4484375000000000	0.1371493983044730	
0.4515625000000000	0.1347539625863203	
0.4546875000000000	0.1322824875760286	
0.4578125000000001	0.1297375349951444	
0.4609375000000000	0.1271220337299356	
0.4640625000000000	0.1244392729862025	
0.4671875000000000	0.1216928924048242	
0.4703125000000000	0.1188868691545400	
0.4734375000000000	0.1160255020546901	
0.4765625000000000	0.1131133928170306	
0.4796874999999999	0.1101554245317238	
0.4828125000000000	0.1071567375576146	
0.4859375000000000	0.1041227030103613	
0.4890625000000000	0.1010588940733449	
0.4921875000000000	0.0979710553850138	
0.4953125000000000	0.0948650707819242	
0.4984375000000000	0.0917469296988117	
0.5015625000000000	0.0886226925451401	
0.5046875000000000	0.0854984553914685	
0.5078125000000000	0.0823803143083559	
0.5109374999999999	0.0792743297052666	
0.5140625000000000	0.0761864910169353	
0.5171875000000000	0.0731226820799190	
0.5203125000000001	0.0700886475326656	
0.5234375000000000	0.0670899605585564	
0.5265625000000000	0.0641319922732496	
0.5296875000000000	0.0612198830355902	
0.5328125000000000	0.0583585159357403	
0.5359375000000001	0.0555524926854559	
0.5390625000000001	0.0528061121040776	
0.5421875000000000	0.0501233513603445	
0.5453125000000001	0.0475078500951358	
0.5484375000000000	0.0449628975142516	
0.5515625000000001	0.0424914225039598	
0.5546875000000000	0.0400959867858071	
0.5578125000000000	0.0377787810916912	
0.5609375000000000	0.0355416243059283	
0.5640625000000000	0.0333859654885319	
0.5671875000000001	0.0313128886635739	
0.5703125000000001	0.0293231202287342	
0.5734375000000000	0.0274170388172920	
0.5765625000000001	0.0255946874221429	
0.5796875000000000	0.0238557875731534	
0.5828125000000001	0.0221997553444297	
0.5859375000000001	0.0206257189569568	
0.5890625000000002	0.0191325377345677	
0.5921875000000001	0.0177188221672806	
0.5953125000000001	0.0163829548355813	
0.5984375000000001	0.0151231119520686	
0.6015625000000001	0.0139372852828039	
0.6046875000000000	0.0128233042194640	
0.6078125000000001	0.0117788577846997	
0.6109375000000000	0.0108015163666292	
0.6140625000000001	0.0098887529938221	
0.6171875000000001	0.0090379639790941	
0.6203125000000002	0.0082464887785974	
0.6234375000000001	0.0075116289316937	
0.6265625000000001	0.0068306659666020	
0.6296875000000001	0.0062008781764927	
0.6328125000000001	0.0056195561902424	
0.6359375000000002	0.0050840172811887	
0.6390625000000002	0.0045916183756769	
0.6421875000000001	0.0041397677407379	
0.6453125000000002	0.0037259353466954	
0.6484375000000001	0.0033476619156982	
0.6515625000000002	0.0030025666809988	
0.6546875000000001	0.0026883538941421	
0.6578125000000001	0.0024028181280452	
0.6609375000000001	0.0021438484331970	
0.6640625000000001	0.0019094314118943	
0.6671875000000000	0.0016976532815766	
0.6703125000000001	0.0015067010029807	
0.6734375000000000	0.0013348625520727	
0.6765625000000001	0.0011805264166183	
0.6796875000000000	0.0010421803989225	
0.6828125000000000	0.0009184098058160	
0.6859375000000000	0.0008078951055108	
0.6890625000000000	0.0007094091286108	
0.6921875000000001	0.0006218138874739	
0.6953125000000001	0.0005440570844023	
0.6984375000000000	0.0004751683749106	
0.7015625000000001	0.0004142554477069	
0.7046875000000000	0.0003604999781222	
0.7078125000000001	0.0003131535066589	
0.7109375000000001	0.0002715332891697	
0.7140625000000002	0.0002350181600351	
0.7171875000000001	0.0002030444446343	
0.7203125000000001	0.0001751019524787	
0.7234375000000001	0.0001507300776491	
0.7265625000000001	0.0001295140286922	
0.7296875000000000	0.0001110812059241	
0.7328125000000001	0.0000950977401861	
0.7359375000000000	0.0000812652035195	
0.7390625000000001	0.0000693174989756	
0.7421875000000000	0.0000590179338705	
0.7453125000000000	0.0000501564782130	
0.7484375000000000	0.0000425472077893	
0.7515625000000000	0.0000360259294466	
0.7546875000000000	0.0000304479844882	
0.7578125000000000	0.0000256862247322	
0.7609374999999999	0.0000216291546984	
0.7640625000000000	0.0000181792325278	
0.7671875000000000	0.0000152513216095	
0.7703125000000001	0.0000127712844430	
0.7734375000000000	0.0000106747099973	
0.7765625000000000	0.0000089057657086	
0.7796875000000000	0.0000074161652707	
0.7828125000000000	0.0000061642434884	
0.7859375000000001	0.0000051141296807	
0.7890625000000001	0.0000042350114008	
0.7921875000000000	0.0000035004805843	
0.7953125000000001	0.0000028879546241	
0.7984375000000000	0.0000023781652871	
0.8015625000000001	0.0000019547088264	
0.8046875000000000	0.0000016036510902	
0.8078125000000000	0.0000013131818818	
0.8109375000000000	0.0000010733132693	
0.8140625000000000	0.0000008756169820	
0.8171875000000001	0.0000007129964519	
0.8203125000000001	0.0000005794894633	
0.8234375000000000	0.0000004700977571	
0.8265625000000001	0.0000003806402975	
0.8296875000000000	0.0000003076272469	
0.8328125000000001	0.0000002481520079	
0.8359375000000001	0.0000001997989809	
0.8390625000000002	0.0000001605649521	
0.8421875000000001	0.0000001287922674	
0.8453125000000001	0.0000001031121686	
0.8484375000000001	0.0000000823968682	
0.8515625000000001	0.0000000657191148	
0.8546875000000000	0.0000000523181635	
0.8578125000000001	0.0000000415712072	
0.8609375000000000	0.0000000329694516	
0.8640625000000001	0.0000000260981266	
0.8671875000000000	0.0000000206198287	
0.8703125000000000	0.0000000162606711	
0.8734375000000000	0.0000000127987971	
0.8765625000000000	0.0000000100548753	
0.8796875000000000	0.0000000078842545	
0.8828125000000000	0.0000000061705026	
0.8859374999999999	0.0000000048200986	
0.8890625000000000	0.0000000037580821	
0.8921875000000000	0.0000000029244958	
0.8953125000000001	0.0000000022714831	
0.8984375000000000	0.0000000017609258	
0.9015625000000000	0.0000000013625260	
0.9046875000000000	0.0000000010522519	
0.9078125000000000	0.0000000008110818	
0.9109375000000001	0.0000000006239905	
0.9140625000000001	0.0000000004791349	
0.9171875000000000	0.0000000003671992	
0.9203125000000001	0.0000000002808707	
0.9234375000000000	0.0000000002144214	
0.9265625000000001	0.0000000001633733	
0.9296875000000000	0.0000000001242333	
0.9328125000000000	0.0000000000942822	
0.9359375000000000	0.0000000000714075	
0.9390625000000000	0.0000000000539713	
0.9421875000000000	0.0000000000407065	
0.9453125000000000	0.0000000000306349	
0.9484374999999999	0.0000000000230027	
0.9515625000000000	0.0000000000172303	
0.9546874999999999	0.0000000000128731	
0.9578125000000000	0.0000000000095905	
0.9609374999999999	0.0000000000071224	
0.9640624999999999	0.0000000000052702	
0.9671875000000000	0.0000000000038830	
0.9703125000000000	0.0000000000028460	
0.9734375000000000	0.0000000000020724	
0.9765625000000000	0.0000000000014964	
0.9796874999999999	0.0000000000010683	
0.9828125000000000	0.0000000000007508	
0.9859375000000000	0.0000000000005158	
0.9890625000000001	0.0000000000003422	
0.9921875000000000	0.0000000000002141	
0.9953125000000000	0.0000000000001199	
0.9984375000000000	0.0000000000000507	
