0.8250000000000001	0.4538141887996669	
0.8750000000000000	0.3086915312942461	
0.9250000000000000	0.1559520222274198	
0.9750000000000000	-0.0006433815001483	
0.7625000000000000	0.6494252401379847	
0.7875000000000001	0.5877465926181225	
0.4812500000000000	0.9992296009265429	
0.4937500000000000	1.0000006142265105	
0.5062500000000000	0.9992296009265480	
0.5187500000000000	0.9969177498732810	
0.7062500000000000	0.7853139704951413	
0.7187500000000001	0.7604014044824530	
0.7312500000000001	0.7343162722440648	
0.7437500000000000	0.7070987951632004	
0.6531250000000002	0.8819209980178945	
0.6593750000000000	0.8724955893350999	
0.5406250000000001	0.9905696546096328	
0.5468750000000000	0.9876886084808418	
0.6656250000000001	0.8627338114295129	
0.6718750000000000	0.8526394276523401	
0.6781250000000001	0.8422163295806830	
0.6843750000000000	0.8314685355172609	
0.4656250000000000	0.9951851149797581	
0.4718750000000000	0.9969177498732723	
0.5281250000000000	0.9951851149797685	
0.5343750000000000	0.9930688112667633	
0.6906250000000000	0.8204001889412786	
0.6968750000000001	0.8090155569110373	
0.4234375000000000	0.9723701915849279	
0.4265625000000001	0.9746151487669268	
0.4296875000000000	0.9767661701621435	
0.4328125000000000	0.9788230484506590	
0.4359375000000000	0.9807855853862626	
0.4390625000000000	0.9826535918155599	
0.4421875000000000	0.9844268876962035	
0.4453125000000000	0.9861053021142450	
0.4484375000000000	0.9876886733006098	
0.6015625000000001	0.9479770737837832	
0.6046875000000000	0.9448061421388563	
0.6078125000000001	0.9415441477550015	
0.6109375000000000	0.9381914050300266	
0.6140625000000001	0.9347482371082538	
0.6171875000000001	0.9312149758493737	
0.6203125000000002	0.9275919617964604	
0.6234375000000001	0.9238795441431493	
0.5703125000000001	0.9746150839471637	
0.5734375000000000	0.9723701267651657	
0.5765625000000001	0.9700314501700311	
0.5796875000000000	0.9675992795682777	
0.5828125000000001	0.9650738493775706	
0.5859375000000001	0.9624554030041277	
0.5890625000000002	0.9597441928192605	
0.5921875000000001	0.9569404801350496	
0.5953125000000001	0.9540445351791589	
0.5984375000000001	0.9510566370687904	
0.6265625000000001	0.9200780806999804	
0.6296875000000001	0.9161879378599125	
0.6328125000000001	0.9122094905630092	
0.6359375000000002	0.9081431222603016	
0.6390625000000002	0.9039892248768302	
0.6421875000000001	0.8997481987738707	
0.6453125000000002	0.8954204527103460	
0.6484375000000001	0.8910064038034287	
0.5515625000000001	0.9861052372944776	
0.5546875000000000	0.9844268228764368	
0.5578125000000000	0.9826535269957941	
0.5609375000000000	0.9807855205664975	
0.5640625000000000	0.9788229836308945	
0.5671875000000001	0.9767661053423797	
0.4515625000000000	0.9891768486466876	
0.4546875000000000	0.9905696847190408	
0.4578125000000001	0.9918670472732298	
0.4609375000000000	0.9930688112667514	
0.3414062500000000	0.8795968560803300	
0.3429687500000000	0.8819214376821538	
0.3445312500000000	0.8842247687828715	
0.3460937500000000	0.8865067938821873	
0.3476562500000001	0.8887674579931877	
0.3492187500000000	0.8910067066436663	
0.3507812500000000	0.8932244858774372	
0.3523437500000000	0.8954207422556335	
0.3539062500000000	0.8975954228579963	
0.3554687500000001	0.8997484752841494	
0.3570312500000001	0.9018798476548615	
0.3585937500000000	0.9039894886132971	
0.3601562500000001	0.9060773473262533	
0.3617187500000000	0.9081433734853850	
0.3632812500000001	0.9101875173084171	
0.3648437500000000	0.9122097295403437	
0.3664062500000000	0.9142099614546153	
0.3679687500000000	0.9161881648543129	
0.3695312500000000	0.9181442920733089	
0.3710937500000000	0.9200782959774163	
0.3726562500000000	0.9219901299655240	
0.3742187500000000	0.9238797479707199	
0.3757812500000000	0.9257471044614005	
0.3773437500000000	0.9275921544423684	
0.3789062500000000	0.9294148534559166	
0.3804687500000000	0.9312151575828991	
0.3820312500000000	0.9329930234437902	
0.3835937500000000	0.9347484081997287	
0.3851562500000000	0.9364812695535507	
0.3867187500000000	0.9381915657508089	
0.3882812500000000	0.9398792555807780	
0.3898437500000000	0.9415442983774487	
0.3914062500000000	0.9431866540205063	
0.3929687500000000	0.9448062829362989	
0.3945312500000001	0.9464031460987897	
0.3960937500000000	0.9479772050304984	
0.3976562500000000	0.9495284218034277	
0.3992187500000000	0.9510567590399766	
0.4007812500000000	0.9525621799138426	
0.4023437500000000	0.9540446481509079	
0.4039062500000000	0.9555041280301138	
0.4054687500000000	0.9569405843843213	
0.4070312500000000	0.9583539826011584	
0.4085937500000000	0.9597442886238550	
0.4101562500000001	0.9611114689520619	
0.4117187500000000	0.9624554906426590	
0.4132812500000000	0.9637763213105497	
0.4148437500000000	0.9650739291294397	
0.4164062500000000	0.9663482828326051	
0.4179687500000001	0.9675993517136458	
0.4195312500000001	0.9688271056272240	
0.4210937500000000	0.9700315149897925	
0.0886718750000000	0.2761616194901244	
0.0894531250000000	0.2785197077500797	
0.0902343750000000	0.2808761182277707	
0.0910156250000000	0.2832308367283560	
0.0917968750000000	0.2855838490671871	
0.0925781250000000	0.2879351410698932	
0.0933593750000000	0.2902846985724664	
0.0941406250000000	0.2926325074213475	
0.0949218750000000	0.2949785534735110	
0.0957031250000000	0.2973228225965505	
0.0964843750000000	0.2996653006687636	
0.0972656250000000	0.3020059735792370	
0.0980468750000000	0.3043448272279315	
0.0988281250000000	0.3066818475257672	
0.0996093750000000	0.3090170203947081	
0.1003906250000000	0.3113503317678469	
0.1011718750000000	0.3136817675894897	
0.1019531250000000	0.3160113138152412	
0.1027343750000000	0.3183389564120884	
0.1035156250000000	0.3206646813584860	
0.1042968750000000	0.3229884746444402	
0.1050781250000000	0.3253103222715936	
0.1058593750000000	0.3276302102533092	
0.1066406250000000	0.3299481246147546	
0.1074218750000000	0.3322640513929866	
0.1082031250000000	0.3345779766370351	
0.1089843750000000	0.3368898864079868	
0.1097656250000000	0.3391997667790696	
0.1105468750000000	0.3415076038357363	
0.1113281250000000	0.3438133836757488	
0.1121093750000000	0.3461170924092609	
0.1128906250000000	0.3484187161589032	
0.1136718750000000	0.3507182410598658	
0.1144531250000000	0.3530156532599820	
0.1152343750000000	0.3553109389198120	
0.1160156250000000	0.3576040842127264	
0.1167968750000000	0.3598950753249887	
0.1175781250000000	0.3621838984558392	
0.1183593750000000	0.3644705398175782	
0.1191406250000000	0.3667549856356483	
0.1199218750000000	0.3690372221487185	
0.1207031250000000	0.3713172356087661	
0.1214843750000000	0.3735950122811601	
0.1222656250000000	0.3758705384447435	
0.1230468750000000	0.3781438003919165	
0.1238281250000000	0.3804147844287185	
0.1246093750000000	0.3826834768749110	
0.1253906250000000	0.3849498640640599	
0.1261718750000000	0.3872139323436176	
0.1269531250000000	0.3894756680750057	
0.1277343750000000	0.3917350576336969	
0.1285156250000000	0.3939920874092967	
0.1292968750000000	0.3962467438056263	
0.1300781250000000	0.3984990132408034	
0.1308593750000000	0.4007488821473250	
0.1316406250000000	0.4029963369721483	
0.1324218750000000	0.4052413641767734	
0.1332031250000000	0.4074839502373235	
0.1339843750000000	0.4097240816446276	
0.1347656250000000	0.4119617449043008	
0.1355468750000000	0.4141969265368267	
0.1363281250000000	0.4164296130776378	
0.1371093750000000	0.4186597910771968	
0.1378906250000000	0.4208874471010776	
0.1386718750000000	0.4231125677300465	
0.1394531250000000	0.4253351395601426	
0.1402343750000000	0.4275551492027591	
0.1410156250000000	0.4297725832847233	
0.1417968750000000	0.4319874284483777	
0.1425781250000000	0.4341996713516602	
0.1433593750000000	0.4364092986681842	
0.1441406250000000	0.4386162970873198	
0.1449218750000000	0.4408206533142729	
0.1457031250000000	0.4430223540701660	
0.1464843750000000	0.4452213860921180	
0.1472656250000000	0.4474177361333238	
0.1480468750000000	0.4496113909631345	
0.1488281250000000	0.4518023373671370	
0.1496093750000000	0.4539905621472335	
0.1503906250000000	0.4561760521217213	
0.1511718750000000	0.4583587941253712	
0.1519531250000000	0.4605387750095086	
0.1527343750000000	0.4627159816420910	
0.1535156250000000	0.4648904009077881	
0.1542968750000000	0.4670620197080602	
0.1550781250000000	0.4692308249612375	
0.1558593750000000	0.4713968036025989	
0.1566406250000000	0.4735599425844507	
0.1574218750000000	0.4757202288762049	
0.1582031250000000	0.4778776494644579	
0.1589843750000000	0.4800321913530690	
0.1597656250000000	0.4821838415632383	
0.1605468750000000	0.4843325871335855	
0.1613281250000000	0.4864784151202275	
0.1621093750000000	0.4886213125968565	
0.1628906250000000	0.4907612666548178	
0.1636718750000000	0.4928982644031876	
0.1644531250000000	0.4950322929688511	
0.1652343750000000	0.4971633394965791	
0.1660156250000000	0.4992913911491061	
0.1667968750000000	0.5014164351072079	
0.1675781250000000	0.5035384585697780	
0.1683593750000000	0.5056574487539054	
0.1691406250000000	0.5077733928949509	
0.1699218750000000	0.5098862782466249	
0.1707031250000000	0.5119960920810636	
0.1714843750000000	0.5141028216889059	
0.1722656250000000	0.5162064543793694	
0.1730468750000000	0.5183069774803279	
0.1738281250000000	0.5204043783383868	
0.1746093750000000	0.5224986443189594	
0.1753906250000000	0.5245897628063438	
0.1761718750000000	0.5266777212037985	
0.1769531250000000	0.5287625069336173	
0.1777343750000000	0.5308441074372066	
0.1785156250000000	0.5329225101751600	
0.1792968750000000	0.5349977026273345	
0.1800781250000000	0.5370696722929253	
0.1808593750000000	0.5391384066905420	
0.1816406250000000	0.5412038933582823	
0.1824218750000000	0.5432661198538089	
0.1832031250000000	0.5453250737544231	
0.1839843750000000	0.5473807426571400	
0.1847656250000000	0.5494331141787634	
0.1855468750000000	0.5514821759559603	
0.1863281250000000	0.5535279156453354	
0.1871093750000000	0.5555703209235053	
0.1878906250000000	0.5576093794871729	
0.1886718750000000	0.5596450790532013	
0.1894531250000000	0.5616774073586881	
0.1902343750000000	0.5637063521610393	
0.1910156250000000	0.5657319012380426	
0.1917968750000000	0.5677540423879415	
0.1925781250000000	0.5697727634295080	
0.1933593750000000	0.5717880522021175	
0.1941406250000000	0.5737998965658206	
0.1949218750000000	0.5758082844014170	
0.1957031250000000	0.5778132036105279	
0.1964843750000000	0.5798146421156694	
0.1972656250000000	0.5818125878603251	
0.1980468750000000	0.5838070288090189	
0.1988281250000000	0.5857979529473873	
0.1996093750000000	0.5877853482822519	
0.2003906250000000	0.5897692028416912	
0.2011718750000000	0.5917495046751131	
0.2019531250000000	0.5937262418533271	
0.2027343750000000	0.5956994024686162	
0.2035156250000000	0.5976689746348074	
0.2042968750000000	0.5996349464873449	
0.2050781250000000	0.6015973061833613	
0.2058593750000000	0.6035560419017474	
0.2066406250000000	0.6055111418432257	
0.2074218750000000	0.6074625942304201	
0.2082031250000000	0.6094103873079264	
0.2089843750000000	0.6113545093423847	
0.2097656250000000	0.6132949486225485	
0.2105468750000000	0.6152316934593565	
0.2113281250000000	0.6171647321860021	
0.2121093750000000	0.6190940531580043	
0.2128906250000000	0.6210196447532774	
0.2136718750000000	0.6229414953722010	
0.2144531250000000	0.6248595934376902	
0.2152343750000000	0.6267739273952655	
0.2160156250000000	0.6286844857131220	
0.2167968750000000	0.6305912568821983	
0.2175781250000000	0.6324942294162474	
0.2183593750000000	0.6343933918519047	
0.2191406250000000	0.6362887327487570	
0.2199218750000000	0.6381802406894119	
0.2207031250000000	0.6400679042795672	
0.2214843750000000	0.6419517121480779	
0.2222656250000000	0.6438316529470258	
0.2230468750000000	0.6457077153517878	
0.2238281250000000	0.6475798880611037	
0.2246093750000000	0.6494481597971447	
0.2253906250000000	0.6513125193055811	
0.2261718750000000	0.6531729553556505	
0.2269531250000000	0.6550294567402244	
0.2277343750000000	0.6568820122758772	
0.2285156250000000	0.6587306108029525	
0.2292968750000000	0.6605752411856303	
0.2300781250000000	0.6624158923119949	
0.2308593750000000	0.6642525530941013	
0.2316406250000000	0.6660852124680416	
0.2324218750000000	0.6679138593940126	
0.2332031250000000	0.6697384828563813	
0.2339843750000000	0.6715590718637523	
0.2347656250000000	0.6733756154490330	
0.2355468750000000	0.6751881026695001	
0.2363281250000000	0.6769965226068662	
0.2371093750000000	0.6788008643673440	
0.2378906250000000	0.6806011170817132	
0.2386718750000000	0.6823972699053860	
0.2394531250000000	0.6841893120184714	
0.2402343750000000	0.6859772326258418	
0.2410156250000000	0.6877610209571963	
0.2417968750000000	0.6895406662671273	
0.2425781250000000	0.6913161578351839	
0.2433593750000000	0.6930874849659372	
0.2441406250000000	0.6948546369890447	
0.2449218750000000	0.6966176032593148	
0.2457031250000000	0.6983763731567696	
0.2464843750000000	0.7001309360867103	
0.2472656250000000	0.7018812814797810	
0.2480468750000000	0.7036273987920314	
0.2488281250000000	0.7053692775049809	
0.2496093750000000	0.7071069071256821	
0.2503906250000000	0.7088402771867837	
0.2511718750000000	0.7105693772465937	
0.2519531250000000	0.7122941968891423	
0.2527343750000000	0.7140147257242446	
0.2535156250000000	0.7157309533875631	
0.2542968750000000	0.7174428695406700	
0.2550781249999999	0.7191504638711106	
0.2558593750000000	0.7208537260924637	
0.2566406250000000	0.7225526459444047	
0.2574218750000000	0.7242472131927671	
0.2582031250000000	0.7259374176296041	
0.2589843750000000	0.7276232490732500	
0.2597656250000000	0.7293046973683823	
0.2605468750000001	0.7309817523860813	
0.2613281250000000	0.7326544040238931	
0.2621093750000000	0.7343226422058886	
0.2628906250000000	0.7359864568827256	
0.2636718750000000	0.7376458380317081	
0.2644531250000000	0.7393007756568484	
0.2652343750000000	0.7409512597889254	
0.2660156250000000	0.7425972804855456	
0.2667968750000000	0.7442388278312031	
0.2675781250000000	0.7458758919373389	
0.2683593750000001	0.7475084629424014	
0.2691406250000000	0.7491365310119042	
0.2699218750000001	0.7507600863384869	
0.2707031250000000	0.7523791191419729	
0.2714843750000000	0.7539936196694295	
0.2722656250000001	0.7556035781952257	
0.2730468750000000	0.7572089850210916	
0.2738281250000000	0.7588098304761761	
0.2746093750000000	0.7604061049171056	
0.2753906250000000	0.7619977987280417	
0.2761718750000001	0.7635849023207399	
0.2769531250000000	0.7651674061346061	
0.2777343750000000	0.7667453006367555	
0.2785156250000000	0.7683185763220692	
0.2792968750000000	0.7698872237132519	
0.2800781250000000	0.7714512333608887	
0.2808593750000000	0.7730105958435018	
0.2816406250000000	0.7745653017676080	
0.2824218750000000	0.7761153417677749	
0.2832031250000000	0.7776607065066767	
0.2839843750000001	0.7792013866751518	
0.2847656250000000	0.7807373729922575	
0.2855468750000001	0.7822686562053272	
0.2863281250000000	0.7837952270900244	
0.2871093750000000	0.7853170764504003	
0.2878906250000001	0.7868341951189475	
0.2886718750000000	0.7883465739566564	
0.2894531250000000	0.7898542038530698	
0.2902343750000000	0.7913570757263375	
0.2910156250000000	0.7928551805232713	
0.2917968750000001	0.7943485092193996	
0.2925781250000000	0.7958370528190220	
0.2933593750000001	0.7973208023552623	
0.2941406250000000	0.7987997488901242	
0.2949218750000001	0.8002738835145440	
0.2957031250000001	0.8017431973484446	
0.2964843750000000	0.8032076815407891	
0.2972656250000001	0.8046673272696339	
0.2980468750000000	0.8061221257421818	
0.2988281250000000	0.8075720681948355	
0.2996093750000001	0.8090171458932498	
0.3003906250000000	0.8104573501323842	
0.3011718750000001	0.8118926722365558	
0.3019531250000000	0.8133231035594912	
0.3027343750000000	0.8147486354843789	
0.3035156250000001	0.8161692594239207	
0.3042968750000000	0.8175849668203840	
0.3050781250000000	0.8189957491456528	
0.3058593750000000	0.8204015979012796	
0.3066406250000000	0.8218025046185367	
0.3074218750000001	0.8231984608584662	
0.3082031250000000	0.8245894582119317	
0.3089843750000001	0.8259754882996690	
0.3097656250000000	0.8273565427723362	
0.3105468750000001	0.8287326133105641	
0.3113281250000001	0.8301036916250062	
0.3121093750000000	0.8314697694563893	
0.3128906250000001	0.8328308385755621	
0.3136718750000000	0.8341868907835457	
0.3144531250000000	0.8355379179115829	
0.3152343750000001	0.8368839118211870	
0.3160156250000000	0.8382248644041908	
0.3167968750000001	0.8395607675827963	
0.3175781250000000	0.8408916133096220	
0.3183593750000001	0.8422173935677526	
0.3191406250000001	0.8435381003707865	
0.3199218750000001	0.8448537257628846	
0.3207031250000001	0.8461642618188174	
0.3214843750000000	0.8474697006440137	
0.3222656250000001	0.8487700343746072	
0.3230468750000001	0.8500652551774845	
0.3238281250000000	0.8513553552503321	
0.3246093750000001	0.8526403268216832	
0.3253906250000000	0.8539201621509649	
0.3261718750000001	0.8551948535285445	
0.3269531250000001	0.8564643932757765	
0.3277343750000000	0.8577287737450479	
0.3285156250000001	0.8589879873198250	
0.3292968750000000	0.8602420264146990	
0.3300781250000000	0.8614908834754322	
0.3308593750000001	0.8627345509790025	
0.3316406250000000	0.8639730214336501	
0.3324218750000001	0.8652062873789206	
0.3332031250000000	0.8664343413857121	
0.3339843750000000	0.8676571760563190	
0.3347656250000001	0.8688747840244764	
0.3355468750000000	0.8700871579554046	
0.3363281250000000	0.8712942905458536	
0.3371093750000000	0.8724961745241464	
0.3378906250000000	0.8736928026502235	
0.3386718750000001	0.8748841677156867	
0.3394531250000000	0.8760702625438412	
0.3402343750000000	0.8772510799897406	
0.0001953125000000	0.0012271843992938	
0.0005859375000000	0.0024543669504700	
0.0009765625000000	0.0036815458054139	
0.0013671875000000	0.0049087191160165	
0.0017578125000000	0.0061358850341767	
0.0021484375000000	0.0073630417118049	
0.0025390625000000	0.0085901873008254	
0.0029296875000000	0.0098173199531791	
0.0033203125000000	0.0110444378208264	
0.0037109375000000	0.0122715390557498	
0.0041015625000000	0.0134986218099573	
0.0044921875000000	0.0147256842354842	
0.0048828125000000	0.0159527244843968	
0.0052734375000000	0.0171797407087947	
0.0056640625000000	0.0184067310608135	
0.0060546875000000	0.0196336936926279	
0.0064453125000000	0.0208606267564545	
0.0068359375000000	0.0220875284045542	
0.0072265625000000	0.0233143967892353	
0.0076171875000000	0.0245412300628562	
0.0080078125000000	0.0257680263778281	
0.0083984375000000	0.0269947838866179	
0.0087890625000000	0.0282215007417511	
0.0091796875000000	0.0294481750958142	
0.0095703125000000	0.0306748051014578	
0.0099609375000000	0.0319013889113992	
0.0103515625000000	0.0331279246784255	
0.0107421875000000	0.0343544105553959	
0.0111328125000000	0.0355808446952449	
0.0115234375000000	0.0368072252509847	
0.0119140625000000	0.0380335503757086	
0.0123046875000000	0.0392598182225929	
0.0126953125000000	0.0404860269449005	
0.0130859375000000	0.0417121746959832	
0.0134765625000000	0.0429382596292846	
0.0138671875000000	0.0441642798983430	
0.0142578125000000	0.0453902336567940	
0.0146484375000000	0.0466161190583734	
0.0150390625000000	0.0478419342569199	
0.0154296875000000	0.0490676774063782	
0.0158203125000000	0.0502933466608009	
0.0162109375000000	0.0515189401743525	
0.0166015625000000	0.0527444561013113	
0.0169921875000000	0.0539698925960724	
0.0173828125000000	0.0551952478131505	
0.0177734375000000	0.0564205199071830	
0.0181640625000000	0.0576457070329321	
0.0185546875000000	0.0588708073452883	
0.0189453125000000	0.0600958189992724	
0.0193359375000000	0.0613207401500393	
0.0197265625000000	0.0625455689528796	
0.0201171875000000	0.0637703035632235	
0.0205078125000000	0.0649949421366425	
0.0208984375000000	0.0662194828288535	
0.0212890625000000	0.0674439237957199	
0.0216796875000000	0.0686682631932561	
0.0220703125000000	0.0698924991776287	
0.0224609375000000	0.0711166299051608	
0.0228515625000000	0.0723406535323334	
0.0232421875000000	0.0735645682157892	
0.0236328125000000	0.0747883721123346	
0.0240234375000000	0.0760120633789434	
0.0244140625000000	0.0772356401727583	
0.0248046875000000	0.0784591006510950	
0.0251953125000000	0.0796824429714439	
0.0255859375000000	0.0809056652914738	
0.0259765625000000	0.0821287657690340	
0.0263671875000000	0.0833517425621571	
0.0267578125000000	0.0845745938290622	
0.0271484375000000	0.0857973177281575	
0.0275390625000000	0.0870199124180428	
0.0279296875000000	0.0882423760575128	
0.0283203125000000	0.0894647068055589	
0.0287109375000000	0.0906869028213736	
0.0291015625000000	0.0919089622643515	
0.0294921875000000	0.0931308832940932	
0.0298828125000000	0.0943526640704077	
0.0302734375000000	0.0955743027533153	
0.0306640625000000	0.0967957975030502	
0.0310546875000000	0.0980171464800634	
0.0314453125000000	0.0992383478450253	
0.0318359375000000	0.1004593997588288	
0.0322265625000000	0.1016803003825918	
0.0326171875000000	0.1029010478776601	
0.0330078125000000	0.1041216404056098	
0.0333984375000000	0.1053420761282508	
0.0337890625000000	0.1065623532076288	
0.0341796875000000	0.1077824698060290	
0.0345703125000000	0.1090024240859771	
0.0349609375000000	0.1102222142102447	
0.0353515625000000	0.1114418383418496	
0.0357421875000000	0.1126612946440600	
0.0361328125000000	0.1138805812803966	
0.0365234375000000	0.1150996964146359	
0.0369140625000000	0.1163186382108124	
0.0373046875000000	0.1175374048332222	
0.0376953125000000	0.1187559944464241	
0.0380859375000000	0.1199744052152447	
0.0384765625000000	0.1211926353047793	
0.0388671875000000	0.1224106828803952	
0.0392578125000000	0.1236285461077349	
0.0396484375000000	0.1248462231527184	
0.0400390625000000	0.1260637121815462	
0.0404296875000000	0.1272810113607019	
0.0408203125000000	0.1284981188569542	
0.0412109375000000	0.1297150328373621	
0.0416015625000000	0.1309317514692746	
0.0419921875000000	0.1321482729203358	
0.0423828125000000	0.1333645953584859	
0.0427734375000000	0.1345807169519657	
0.0431640625000000	0.1357966358693178	
0.0435546875000000	0.1370123502793910	
0.0439453125000000	0.1382278583513401	
0.0443359375000000	0.1394431582546330	
0.0447265625000000	0.1406582481590493	
0.0451171875000000	0.1418731262346862	
0.0455078125000000	0.1430877906519586	
0.0458984375000000	0.1443022395816043	
0.0462890625000000	0.1455164711946849	
0.0466796875000000	0.1467304836625903	
0.0470703125000000	0.1479442751570382	
0.0474609375000000	0.1491578438500820	
0.0478515625000000	0.1503711879141083	
0.0482421875000000	0.1515843055218432	
0.0486328125000000	0.1527971948463533	
0.0490234375000000	0.1540098540610495	
0.0494140625000000	0.1552222813396885	
0.0498046875000000	0.1564344748563776	
0.0501953125000000	0.1576464327855739	
0.0505859375000000	0.1588581533020921	
0.0509765625000000	0.1600696345811020	
0.0513671875000000	0.1612808747981351	
0.0517578125000000	0.1624918721290851	
0.0521484375000000	0.1637026247502127	
0.0525390625000000	0.1649131308381456	
0.0529296875000000	0.1661233885698844	
0.0533203125000000	0.1673333961228016	
0.0537109375000000	0.1685431516746483	
0.0541015625000000	0.1697526534035546	
0.0544921875000000	0.1709618994880331	
0.0548828125000000	0.1721708881069797	
0.0552734375000000	0.1733796174396812	
0.0556640625000000	0.1745880856658115	
0.0560546875000000	0.1757962909654407	
0.0564453125000000	0.1770042315190322	
0.0568359375000000	0.1782119055074501	
0.0572265625000000	0.1794193111119587	
0.0576171875000000	0.1806264465142277	
0.0580078125000000	0.1818333098963320	
0.0583984375000000	0.1830398994407582	
0.0587890625000000	0.1842462133304032	
0.0591796875000000	0.1854522497485814	
0.0595703125000000	0.1866580068790223	
0.0599609375000000	0.1878634829058787	
0.0603515625000000	0.1890686760137243	
0.0607421875000000	0.1902735843875615	
0.0611328125000000	0.1914782062128187	
0.0615234375000000	0.1926825396753578	
0.0619140625000000	0.1938865829614742	
0.0623046875000000	0.1950903342579013	
0.0626953125000000	0.1962937917518100	
0.0630859375000000	0.1974969536308163	
0.0634765625000000	0.1986998180829793	
0.0638671875000000	0.1999023832968072	
0.0642578125000000	0.2011046474612584	
0.0646484375000000	0.2023066087657450	
0.0650390625000000	0.2035082654001350	
0.0654296875000000	0.2047096155547553	
0.0658203125000000	0.2059106574203940	
0.0662109375000000	0.2071113891883039	
0.0666015625000000	0.2083118090502042	
0.0669921875000000	0.2095119151982853	
0.0673828125000000	0.2107117058252079	
0.0677734375000000	0.2119111791241100	
0.0681640625000000	0.2131103332886053	
0.0685546875000000	0.2143091665127912	
0.0689453125000000	0.2155076769912446	
0.0693359375000000	0.2167058629190313	
0.0697265625000000	0.2179037224917046	
0.0701171875000000	0.2191012539053101	
0.0705078125000000	0.2202984553563866	
0.0708984375000000	0.2214953250419708	
0.0712890625000000	0.2226918611595980	
0.0716796875000000	0.2238880619073074	
0.0720703125000000	0.2250839254836410	
0.0724609375000000	0.2262794500876514	
0.0728515625000000	0.2274746339188986	
0.0732421875000000	0.2286694751774586	
0.0736328125000000	0.2298639720639211	
0.0740234375000000	0.2310581227793958	
0.0744140625000000	0.2322519255255134	
0.0748046875000000	0.2334453785044290	
0.0751953125000000	0.2346384799188226	
0.0755859375000000	0.2358312279719064	
0.0759765625000000	0.2370236208674227	
0.0763671875000000	0.2382156568096495	
0.0767578125000000	0.2394073340034019	
0.0771484375000000	0.2405986506540362	
0.0775390625000000	0.2417896049674506	
0.0779296875000000	0.2429801951500900	
0.0783203125000000	0.2441704194089463	
0.0787109375000000	0.2453602759515638	
0.0791015625000000	0.2465497629860395	
0.0794921875000000	0.2477388787210284	
0.0798828125000000	0.2489276213657426	
0.0802734375000000	0.2501159891299581	
0.0806640625000000	0.2513039802240135	
0.0810546875000000	0.2524915928588172	
0.0814453125000000	0.2536788252458445	
0.0818359375000000	0.2548656755971457	
0.0822265625000000	0.2560521421253451	
0.0826171875000000	0.2572382230436463	
0.0830078125000000	0.2584239165658323	
0.0833984375000000	0.2596092209062701	
0.0837890625000000	0.2607941342799129	
0.0841796875000000	0.2619786549023027	
0.0845703125000000	0.2631627809895725	
0.0849609375000000	0.2643465107584506	
0.0853515625000000	0.2655298424262599	
0.0857421875000000	0.2667127742109260	
0.0861328125000000	0.2678953043309741	
0.0865234375000000	0.2690774310055347	
0.0869140625000000	0.2702591524543474	
0.0873046875000000	0.2714404668977611	
0.0876953125000000	0.2726213725567366	
0.0880859375000000	0.2738018676528521	
