0.4750000000000000	0.1733401085597482	
0.5250000000000000	0.1628595392020518	
0.7250000000000001	0.0131628974446930	
0.7750000000000000	0.0026823280871381	
0.8250000000000001	0.0003437969679402	
0.8750000000000000	0.0000273111965659	
0.9250000000000000	0.0000013324624582	
0.9750000000000000	0.0000000390574470	
0.4375000000000000	0.1751230256273284	
0.6125000000000000	0.0880376106337940	
0.6375000000000002	0.0634251997086587	
0.5625000000000000	0.1343703979655004	
0.5875000000000001	0.1126500215589292	
0.6625000000000001	0.0417048233020876	
0.6875000000000000	0.0247889771480444	
0.3437500000000000	0.1762757344219443	
0.3562500000000001	0.1762581488691733	
0.3687500000000000	0.1762252947318134	
0.3812500000000000	0.1761658035749238	
0.3937500000000000	0.1760613933432438	
0.4062500000000000	0.1758837855564487	
0.4187500000000001	0.1755909598206555	
0.0343750000000000	0.1762938496161028	
0.0406250000000000	0.1762938495032783	
0.0468750000000000	0.1762938494036959	
0.0531250000000000	0.1762938493158078	
0.0593750000000000	0.1762938492382461	
0.0656250000000000	0.1762938491698022	
0.0718750000000000	0.1762938491094077	
0.0781250000000000	0.1762938490561182	
0.0843750000000000	0.1762938490090985	
0.0906250000000000	0.1762938489676085	
0.0968750000000000	0.1762938489309908	
0.1031250000000000	0.1762938488986575	
0.1093750000000000	0.1762938488700763	
0.1156250000000000	0.1762938488447536	
0.1218750000000000	0.1762938488222110	
0.1281250000000000	0.1762938488019505	
0.1343750000000000	0.1762938487833997	
0.1406250000000000	0.1762938487658207	
0.1468750000000000	0.1762938487481597	
0.1531250000000000	0.1762938487287942	
0.1593750000000000	0.1762938487051134	
0.1656250000000000	0.1762938486728204	
0.1718750000000000	0.1762938486247846	
0.1781250000000000	0.1762938485491652	
0.1843750000000000	0.1762938484263728	
0.1906250000000000	0.1762938482241860	
0.1968750000000000	0.1762938478899785	
0.2031250000000000	0.1762938473384486	
0.2093750000000000	0.1762938464324290	
0.2156250000000000	0.1762938449531392	
0.2218750000000000	0.1762938425544918	
0.2281250000000000	0.1762938386935469	
0.2343750000000000	0.1762938325256327	
0.2406250000000000	0.1762938227476449	
0.2468750000000000	0.1762938073661035	
0.2531250000000000	0.1762937833570620	
0.2593750000000000	0.1762937461721740	
0.2656250000000000	0.1762936890281877	
0.2718750000000000	0.1762936018947941	
0.2781250000000000	0.1762934700668540	
0.2843750000000000	0.1762932721702600	
0.2906250000000000	0.1762929774046694	
0.2968750000000001	0.1762925417698019	
0.3031250000000000	0.1762919029538779	
0.3093750000000001	0.1762909734825175	
0.3156250000000000	0.1762896316341974	
0.3218750000000001	0.1762877095254659	
0.3281250000000001	0.1762849776583392	
0.3343750000000000	0.1762811251083731	
0.0015625000000000	0.1762938504144246	
0.0046875000000000	0.1762938503112399	
0.0078125000000000	0.1762938502140940	
0.0109375000000000	0.1762938501226347	
0.0140625000000000	0.1762938500365311	
0.0171875000000000	0.1762938499554708	
0.0203125000000000	0.1762938498791596	
0.0234375000000000	0.1762938498073207	
0.0265625000000000	0.1762938497396931	
0.0296875000000000	0.1762938496760310	
