0.4937500000000000	0.5125000000000881	
0.5062500000000000	0.5000000000000810	
0.9781249999999999	0.0250000000000003	
0.9843750000000000	0.0187500000000002	
0.4843750000000000	0.5187500000000916	
0.5156250000000000	0.4875000000000741	
0.9906250000000001	0.0125000000000000	
0.9968750000000000	0.0062500000000000	
0.9453125000000000	0.0562500000000013	
0.9484374999999999	0.0531250000000013	
0.5390625000000001	0.4625000000000675	
0.4671875000000000	0.5343750000001000	
0.4703125000000000	0.5312500000000984	
0.4734375000000000	0.5281250000000968	
0.9515625000000000	0.0500000000000011	
0.9546874999999999	0.0468750000000010	
0.9578125000000000	0.0437500000000010	
0.9609374999999999	0.0406250000000009	
0.9640624999999999	0.0375000000000008	
0.9671875000000000	0.0343750000000006	
0.5265625000000000	0.4750000000000708	
0.5296875000000000	0.4718750000000701	
0.5328125000000000	0.4687500000000693	
0.5359375000000001	0.4656250000000683	
0.9703125000000000	0.0312500000000005	
0.9734375000000000	0.0281250000000003	
0.4765625000000000	0.5250000000000949	
0.4796874999999999	0.5218750000000933	
0.5203125000000001	0.4812500000000723	
0.5234375000000000	0.4781250000000715	
0.8757812500000000	0.1250000000000054	
0.8773437500000001	0.1234375000000051	
0.8789062500000000	0.1218750000000050	
0.8804687499999999	0.1203125000000050	
0.8820312500000000	0.1187500000000049	
0.8835937500000000	0.1171875000000048	
0.8851562499999999	0.1156250000000048	
0.8867187500000000	0.1140625000000047	
0.4351562500000000	0.5656250000001157	
0.4367187500000000	0.5640625000001149	
0.5882812500000001	0.4125000000000567	
0.5898437500000002	0.4109375000000564	
0.5914062500000001	0.4093750000000560	
0.8882812499999999	0.1125000000000046	
0.8898437500000000	0.1109375000000045	
0.8914062500000000	0.1093750000000044	
0.8929687500000001	0.1078125000000043	
0.4382812500000000	0.5625000000001141	
0.4398437500000000	0.5609375000001133	
0.5789062500000000	0.4218750000000588	
0.5804687500000001	0.4203125000000585	
0.5820312500000000	0.4187500000000581	
0.5835937500000001	0.4171875000000578	
0.5851562500000000	0.4156250000000574	
0.5867187500000002	0.4140625000000571	
0.8945312500000000	0.1062500000000042	
0.8960937500000001	0.1046875000000040	
0.8976562500000000	0.1031250000000039	
0.8992187500000000	0.1015625000000039	
0.4414062500000000	0.5593750000001125	
0.4429687500000000	0.5578125000001117	
0.4445312500000000	0.5562500000001109	
0.4460937500000000	0.5546875000001101	
0.4476562500000000	0.5531250000001093	
0.4492187500000000	0.5515625000001085	
0.5757812500000001	0.4250000000000594	
0.5773437500000000	0.4234375000000591	
0.9007812500000001	0.1000000000000038	
0.9023437500000000	0.0984375000000037	
0.9039062499999999	0.0968750000000037	
0.9054687500000000	0.0953125000000036	
0.9070312500000000	0.0937500000000035	
0.9085937500000001	0.0921875000000034	
0.9101562500000000	0.0906250000000033	
0.9117187500000001	0.0890625000000032	
0.5632812500000000	0.4375000000000622	
0.5648437500000001	0.4359375000000619	
0.5664062500000000	0.4343750000000615	
0.5679687500000001	0.4328125000000611	
0.5695312500000000	0.4312500000000608	
0.5710937500000002	0.4296875000000604	
0.5726562500000001	0.4281250000000600	
0.5742187500000000	0.4265625000000598	
0.5570312500000001	0.4437500000000635	
0.5585937500000000	0.4421875000000631	
0.5601562499999999	0.4406250000000629	
0.5617187500000000	0.4390625000000625	
0.9132812500000000	0.0875000000000031	
0.9148437500000002	0.0859375000000030	
0.9164062500000001	0.0843750000000029	
0.9179687500000000	0.0828125000000029	
0.9195312500000001	0.0812500000000027	
0.9210937500000000	0.0796875000000026	
0.9226562500000000	0.0781250000000026	
0.9242187500000001	0.0765625000000025	
0.4507812500000000	0.5500000000001077	
0.4523437500000000	0.5484375000001069	
0.4539062500000000	0.5468750000001061	
0.4554687500000000	0.5453125000001053	
0.5507812500000000	0.4500000000000648	
0.5523437500000001	0.4484375000000644	
0.5539062500000000	0.4468750000000641	
0.5554687500000000	0.4453125000000638	
0.9257812500000000	0.0750000000000023	
0.9273437500000001	0.0734375000000022	
0.9289062500000000	0.0718750000000021	
0.9304687500000000	0.0703125000000021	
0.9320312500000001	0.0687500000000019	
0.9335937500000000	0.0671875000000018	
0.9351562499999999	0.0656250000000018	
0.9367187500000000	0.0640625000000016	
0.4570312500000001	0.5437500000001045	
0.4585937500000000	0.5421875000001037	
0.4601562500000000	0.5406250000001031	
0.4617187500000000	0.5390625000001024	
0.9382812500000000	0.0625000000000015	
0.9398437500000001	0.0609375000000014	
0.9414062500000000	0.0593750000000013	
0.9429687499999999	0.0578125000000014	
0.5445312500000001	0.4562500000000661	
0.5460937500000000	0.4546875000000657	
0.5476562500000000	0.4531250000000655	
0.5492187500000001	0.4515625000000652	
0.5414062500000001	0.4593750000000667	
0.5429687500000000	0.4578125000000665	
0.4632812500000000	0.5375000000001016	
0.4648437500000000	0.5359375000001007	
0.3785156250000000	0.6218750000001434	
0.3792968750000000	0.6210937500001430	
0.3800781249999999	0.6203125000001427	
0.3808593750000000	0.6195312500001424	
0.3816406250000000	0.6187500000001420	
0.3824218750000000	0.6179687500001415	
0.3832031250000000	0.6171875000001412	
0.3839843750000000	0.6164062500001408	
0.3847656250000000	0.6156250000001404	
0.3855468750000001	0.6148437500001400	
0.3863281250000000	0.6140625000001396	
0.3871093750000000	0.6132812500001392	
0.3878906250000000	0.6125000000001388	
0.3886718750000000	0.6117187500001384	
0.3894531250000000	0.6109375000001381	
0.3902343750000000	0.6101562500001378	
0.3910156250000000	0.6093750000001374	
0.3917968750000000	0.6085937500001370	
0.3925781250000000	0.6078125000001366	
0.3933593750000001	0.6070312500001362	
0.3941406250000000	0.6062500000001358	
0.3949218750000001	0.6054687500001354	
0.3957031250000000	0.6046875000001350	
0.3964843750000000	0.6039062500001346	
0.3972656250000001	0.6031250000001342	
0.3980468750000000	0.6023437500001338	
0.3988281250000000	0.6015625000001334	
0.3996093750000000	0.6007812500001330	
0.7003906250000000	0.3000000000000330	
0.7011718750000001	0.2992187500000327	
0.7019531250000001	0.2984375000000326	
0.7027343750000000	0.2976562500000324	
0.7035156250000000	0.2968750000000322	
0.7042968750000000	0.2960937500000320	
0.7050781250000000	0.2953125000000317	
0.7058593750000001	0.2945312500000314	
0.7066406250000000	0.2937500000000313	
0.7074218750000001	0.2929687500000311	
0.7082031250000000	0.2921875000000308	
0.7089843750000001	0.2914062500000305	
0.7097656250000001	0.2906250000000303	
0.7105468750000001	0.2898437500000302	
0.7113281250000001	0.2890625000000299	
0.7121093750000002	0.2882812500000296	
0.7128906250000001	0.2875000000000294	
0.7136718750000002	0.2867187500000292	
0.7144531250000001	0.2859375000000289	
0.7152343750000002	0.2851562500000286	
0.7160156250000002	0.2843750000000285	
0.7167968750000001	0.2835937500000283	
0.7175781250000001	0.2828125000000281	
0.7183593750000001	0.2820312500000279	
0.7191406250000001	0.2812500000000276	
0.7199218750000002	0.2804687500000274	
0.7207031250000001	0.2796875000000272	
0.7214843750000001	0.2789062500000270	
0.7222656250000000	0.2781250000000268	
0.7230468750000001	0.2773437500000266	
0.7238281250000000	0.2765625000000264	
0.7246093750000001	0.2757812500000261	
0.7253906250000001	0.2750000000000259	
0.7261718750000001	0.2742187500000257	
0.7269531250000001	0.2734375000000254	
0.7277343750000002	0.2726562500000251	
0.7285156250000001	0.2718750000000250	
0.7292968750000001	0.2710937500000248	
0.7300781250000000	0.2703125000000246	
0.7308593750000001	0.2695312500000244	
0.7316406250000000	0.2687500000000241	
0.7324218750000001	0.2679687500000238	
0.7332031250000001	0.2671875000000237	
0.7339843750000000	0.2664062500000235	
0.7347656250000000	0.2656250000000233	
0.7355468750000000	0.2648437500000231	
0.7363281250000000	0.2640625000000228	
0.7371093750000001	0.2632812500000226	
0.7378906250000000	0.2625000000000224	
0.7386718750000001	0.2617187500000222	
0.7394531250000000	0.2609375000000219	
0.7402343750000001	0.2601562500000216	
0.7410156250000001	0.2593750000000214	
0.7417968750000000	0.2585937500000213	
0.7425781250000000	0.2578125000000211	
0.7433593750000000	0.2570312500000209	
0.7441406250000000	0.2562500000000206	
0.7449218750000001	0.2554687500000203	
0.7457031250000000	0.2546875000000202	
0.7464843750000000	0.2539062500000200	
0.7472656249999999	0.2531250000000198	
0.7480468750000000	0.2523437500000196	
0.7488281250000000	0.2515625000000193	
0.7496093750000000	0.2507812500000191	
0.7503906250000000	0.2500000000000189	
0.7511718750000000	0.2492187500000188	
0.7519531250000000	0.2484375000000186	
0.7527343750000001	0.2476562500000185	
0.7535156250000000	0.2468750000000184	
0.7542968750000000	0.2460937500000184	
0.7550781249999999	0.2453125000000184	
0.7558593750000000	0.2445312500000184	
0.7566406250000000	0.2437500000000182	
0.7574218750000000	0.2429687500000181	
0.7582031250000000	0.2421875000000180	
0.7589843749999999	0.2414062500000180	
0.7597656249999999	0.2406250000000180	
0.7605468750000000	0.2398437500000180	
0.7613281249999999	0.2390625000000178	
0.7621093750000000	0.2382812500000177	
0.7628906249999999	0.2375000000000176	
0.7636718750000000	0.2367187500000176	
0.7644531250000000	0.2359375000000175	
0.7652343750000000	0.2351562500000173	
0.7660156250000000	0.2343750000000173	
0.7667968750000000	0.2335937500000173	
0.7675781250000000	0.2328125000000172	
0.7683593750000001	0.2320312500000171	
0.7691406250000000	0.2312500000000171	
0.7699218750000001	0.2304687500000170	
0.7707031250000000	0.2296875000000169	
0.7714843750000001	0.2289062500000167	
0.6847656249999999	0.3156250000000376	
0.6855468750000000	0.3148437500000374	
0.6863281250000000	0.3140625000000371	
0.6871093750000000	0.3132812500000368	
0.6878906250000000	0.3125000000000366	
0.6886718750000000	0.3117187500000365	
0.6894531250000000	0.3109375000000362	
0.6902343750000001	0.3101562500000359	
0.6910156250000000	0.3093750000000357	
0.6917968750000001	0.3085937500000355	
0.6925781250000000	0.3078125000000352	
0.6933593750000001	0.3070312500000349	
0.6941406250000001	0.3062500000000348	
0.6949218750000001	0.3054687500000346	
0.6957031250000001	0.3046875000000343	
0.6964843750000002	0.3039062500000340	
0.6972656250000001	0.3031250000000338	
0.6980468750000001	0.3023437500000337	
0.6988281250000000	0.3015625000000335	
0.6996093750000001	0.3007812500000333	
0.4003906250000000	0.6000000000001326	
0.4011718750000001	0.5992187500001322	
0.4019531250000000	0.5984375000001319	
0.4027343750000000	0.5976562500001315	
0.4035156250000000	0.5968750000001311	
0.4042968750000000	0.5960937500001307	
0.4050781250000000	0.5953125000001304	
0.4058593750000000	0.5945312500001301	
0.7722656250000001	0.2281250000000167	
0.7730468750000000	0.2273437500000167	
0.7738281250000000	0.2265625000000167	
0.7746093750000000	0.2257812500000166	
0.6503906250000001	0.3500000000000452	
0.6511718750000002	0.3492187500000450	
0.6519531250000001	0.3484375000000448	
0.6527343750000002	0.3476562500000445	
0.6535156250000002	0.3468750000000445	
0.6542968750000001	0.3460937500000444	
0.6550781250000001	0.3453125000000443	
0.6558593750000001	0.3445312500000443	
0.6566406250000001	0.3437500000000441	
0.6574218750000002	0.3429687500000439	
0.6582031250000001	0.3421875000000438	
0.6589843750000001	0.3414062500000437	
0.6597656250000000	0.3406250000000436	
0.6605468750000001	0.3398437500000435	
0.6613281250000000	0.3390625000000433	
0.6621093750000001	0.3382812500000431	
0.6628906250000001	0.3375000000000430	
0.6636718750000001	0.3367187500000429	
0.6644531250000001	0.3359375000000426	
0.6652343750000002	0.3351562500000425	
0.6660156250000001	0.3343750000000424	
0.6667968750000001	0.3335937500000422	
0.6675781250000000	0.3328125000000421	
0.6683593750000001	0.3320312500000420	
0.6691406250000000	0.3312500000000417	
0.6699218750000001	0.3304687500000414	
0.6707031250000001	0.3296875000000412	
0.6714843750000000	0.3289062500000410	
0.6722656250000000	0.3281250000000409	
0.6730468750000000	0.3273437500000407	
0.6738281250000000	0.3265625000000404	
0.6746093750000001	0.3257812500000401	
0.6753906250000000	0.3250000000000399	
0.6761718750000001	0.3242187500000399	
0.6769531250000000	0.3234375000000396	
0.6777343750000001	0.3226562500000394	
0.6785156250000001	0.3218750000000392	
0.6792968750000000	0.3210937500000390	
0.6800781250000000	0.3203125000000389	
0.6808593750000000	0.3195312500000387	
0.6816406250000000	0.3187500000000384	
0.6824218750000001	0.3179687500000381	
0.6832031250000000	0.3171875000000379	
0.6839843750000000	0.3164062500000377	
0.7753906250000000	0.2250000000000165	
0.7761718750000001	0.2242187500000163	
0.7769531250000000	0.2234375000000162	
0.7777343750000000	0.2226562500000162	
0.7785156249999999	0.2218750000000162	
0.7792968750000000	0.2210937500000161	
0.7800781250000000	0.2203125000000160	
0.7808593750000000	0.2195312500000158	
0.7816406250000000	0.2187500000000158	
0.7824218750000000	0.2179687500000158	
0.7832031250000000	0.2171875000000156	
0.7839843750000001	0.2164062500000155	
0.7847656250000000	0.2156250000000154	
0.7855468750000001	0.2148437500000154	
0.7863281250000000	0.2140625000000153	
0.7871093750000001	0.2132812500000151	
0.7878906250000001	0.2125000000000151	
0.7886718750000001	0.2117187500000150	
0.7894531250000001	0.2109375000000149	
0.7902343750000002	0.2101562500000147	
0.7910156250000001	0.2093750000000147	
0.7917968750000001	0.2085937500000147	
0.7925781250000000	0.2078125000000147	
0.7933593750000001	0.2070312500000147	
0.7941406250000000	0.2062500000000146	
0.7949218750000001	0.2054687500000144	
0.7957031250000001	0.2046875000000144	
0.7964843750000000	0.2039062500000144	
0.7972656250000000	0.2031250000000144	
0.7980468750000000	0.2023437500000143	
0.7988281250000000	0.2015625000000141	
0.7996093750000001	0.2007812500000140	
0.8003906250000000	0.2000000000000140	
0.8011718750000001	0.1992187500000140	
0.8019531250000000	0.1984375000000139	
0.8027343750000001	0.1976562500000137	
0.8035156250000001	0.1968750000000137	
0.8042968750000000	0.1960937500000136	
0.8050781250000000	0.1953125000000136	
0.8058593750000000	0.1945312500000136	
0.8066406250000000	0.1937500000000134	
0.8074218750000001	0.1929687500000133	
0.8082031250000000	0.1921875000000133	
0.8089843750000000	0.1914062500000133	
0.8097656249999999	0.1906250000000132	
0.8105468750000000	0.1898437500000132	
0.8113281250000000	0.1890625000000131	
0.8121093750000000	0.1882812500000129	
0.4066406250000000	0.5937500000001297	
0.4074218750000000	0.5929687500001293	
0.4082031250000000	0.5921875000001289	
0.4089843750000001	0.5914062500001285	
0.4097656250000000	0.5906250000001281	
0.4105468750000001	0.5898437500001277	
0.4113281250000000	0.5890625000001273	
0.4121093750000000	0.5882812500001269	
0.8128906250000000	0.1875000000000129	
0.8136718750000000	0.1867187500000129	
0.8144531250000000	0.1859375000000127	
0.8152343750000001	0.1851562500000126	
0.8160156250000000	0.1843750000000126	
0.8167968750000001	0.1835937500000126	
0.4128906250000001	0.5875000000001265	
0.4136718750000000	0.5867187500001261	
0.4144531250000000	0.5859375000001257	
0.4152343750000000	0.5851562500001253	
0.6425781250000001	0.3578125000000466	
0.6433593750000002	0.3570312500000464	
0.6441406250000001	0.3562500000000463	
0.6449218750000002	0.3554687500000461	
0.6457031250000002	0.3546875000000460	
0.6464843750000001	0.3539062500000458	
0.6472656250000001	0.3531250000000458	
0.6480468750000001	0.3523437500000457	
0.6488281250000001	0.3515625000000455	
0.6496093750000002	0.3507812500000452	
0.8175781250000000	0.1828125000000125	
0.8183593750000001	0.1820312500000123	
0.8191406250000001	0.1812500000000123	
0.8199218750000001	0.1804687500000123	
0.8207031250000001	0.1796875000000121	
0.8214843750000002	0.1789062500000120	
0.8222656250000001	0.1781250000000119	
0.8230468750000001	0.1773437500000119	
0.8238281250000000	0.1765625000000119	
0.8246093750000001	0.1757812500000119	
0.8253906250000000	0.1750000000000118	
0.8261718750000001	0.1742187500000116	
0.8269531250000001	0.1734375000000116	
0.8277343750000000	0.1726562500000116	
0.8285156250000000	0.1718750000000115	
0.8292968750000000	0.1710937500000115	
0.8300781250000000	0.1703125000000114	
0.8308593750000001	0.1695312500000112	
0.8316406250000000	0.1687500000000112	
0.8324218750000001	0.1679687500000112	
0.8332031250000000	0.1671875000000111	
0.8339843750000001	0.1664062500000109	
0.8347656250000001	0.1656250000000108	
0.8355468750000001	0.1648437500000108	
0.8363281250000001	0.1640625000000107	
0.8371093750000002	0.1632812500000105	
0.8378906250000001	0.1625000000000105	
0.8386718750000002	0.1617187500000104	
0.8394531250000001	0.1609375000000102	
0.8402343750000002	0.1601562500000101	
0.8410156250000002	0.1593750000000100	
0.8417968750000001	0.1585937500000100	
0.8425781250000001	0.1578125000000100	
0.8433593750000001	0.1570312500000099	
0.8441406250000001	0.1562500000000097	
0.8449218750000002	0.1554687500000095	
0.8457031250000001	0.1546875000000095	
0.8464843750000001	0.1539062500000094	
0.8472656250000000	0.1531250000000093	
0.8480468750000001	0.1523437500000093	
0.8488281250000000	0.1515625000000091	
0.8496093750000001	0.1507812500000089	
0.4160156250000000	0.5843750000001249	
0.4167968750000001	0.5835937500001245	
0.4175781250000000	0.5828125000001240	
0.4183593750000001	0.5820312500001237	
0.4191406250000000	0.5812500000001233	
0.4199218750000001	0.5804687500001230	
0.4207031250000001	0.5796875000001227	
0.4214843750000000	0.5789062500001223	
0.4222656250000001	0.5781250000001219	
0.4230468750000000	0.5773437500001215	
0.4238281250000000	0.5765625000001211	
0.4246093750000001	0.5757812500001207	
0.6191406250000001	0.3812500000000508	
0.6199218750000002	0.3804687500000506	
0.6207031250000001	0.3796875000000504	
0.6214843750000002	0.3789062500000501	
0.6222656250000002	0.3781250000000500	
0.6230468750000001	0.3773437500000499	
0.6238281250000001	0.3765625000000499	
0.6246093750000001	0.3757812500000498	
0.6253906250000001	0.3750000000000496	
0.6261718750000002	0.3742187500000494	
0.6269531250000001	0.3734375000000494	
0.6277343750000001	0.3726562500000492	
0.6285156250000000	0.3718750000000491	
0.6292968750000001	0.3710937500000491	
0.6300781250000000	0.3703125000000488	
0.6308593750000001	0.3695312500000486	
0.6316406250000001	0.3687500000000485	
0.6324218750000001	0.3679687500000484	
0.6332031250000001	0.3671875000000482	
0.6339843750000002	0.3664062500000480	
0.6347656250000001	0.3656250000000480	
0.6355468750000002	0.3648437500000479	
0.6363281250000001	0.3640625000000476	
0.6371093750000002	0.3632812500000474	
0.6378906250000002	0.3625000000000474	
0.6386718750000002	0.3617187500000473	
0.6394531250000002	0.3609375000000471	
0.6402343750000002	0.3601562500000469	
0.6410156250000002	0.3593750000000467	
0.6417968750000002	0.3585937500000467	
0.6003906250000001	0.4000000000000543	
0.6011718750000001	0.3992187500000542	
0.6019531250000001	0.3984375000000541	
0.6027343750000002	0.3976562500000539	
0.6035156250000001	0.3968750000000538	
0.6042968750000001	0.3960937500000536	
0.6050781250000000	0.3953125000000536	
0.6058593750000001	0.3945312500000535	
0.6066406250000000	0.3937500000000533	
0.6074218750000001	0.3929687500000530	
0.6082031250000001	0.3921875000000530	
0.6089843750000000	0.3914062500000529	
0.6097656250000000	0.3906250000000527	
0.6105468750000000	0.3898437500000527	
0.6113281250000000	0.3890625000000524	
0.6121093750000001	0.3882812500000521	
0.6128906250000000	0.3875000000000520	
0.6136718750000001	0.3867187500000520	
0.6144531250000000	0.3859375000000517	
0.6152343750000001	0.3851562500000514	
0.6160156250000001	0.3843750000000513	
0.6167968750000001	0.3835937500000512	
0.6175781250000001	0.3828125000000510	
0.6183593750000002	0.3820312500000508	
0.8503906250000001	0.1500000000000088	
0.8511718750000001	0.1492187500000088	
0.8519531250000001	0.1484375000000086	
0.8527343750000002	0.1476562500000084	
0.8535156250000001	0.1468750000000084	
0.8542968750000001	0.1460937500000083	
0.8550781250000000	0.1453125000000082	
0.8558593750000001	0.1445312500000082	
0.8566406250000000	0.1437500000000080	
0.8574218750000001	0.1429687500000078	
0.8582031250000001	0.1421875000000077	
0.8589843750000000	0.1414062500000077	
0.8597656250000000	0.1406250000000076	
0.8605468750000000	0.1398437500000075	
0.8613281250000000	0.1390625000000074	
0.8621093750000001	0.1382812500000072	
0.8628906250000000	0.1375000000000071	
0.8636718750000001	0.1367187500000070	
0.8644531250000000	0.1359375000000069	
0.8652343750000001	0.1351562500000067	
0.8660156250000001	0.1343750000000066	
0.8667968750000000	0.1335937500000066	
0.8675781250000000	0.1328125000000065	
0.8683593750000000	0.1320312500000064	
0.4253906250000000	0.5750000000001203	
0.4261718750000001	0.5742187500001199	
0.4269531250000000	0.5734375000001195	
0.4277343750000000	0.5726562500001191	
0.4285156250000001	0.5718750000001187	
0.4292968750000000	0.5710937500001183	
0.4300781250000000	0.5703125000001180	
0.4308593750000000	0.5695312500001177	
0.5972656250000000	0.4031250000000548	
0.5980468750000001	0.4023437500000547	
0.5988281250000000	0.4015625000000546	
0.5996093750000001	0.4007812500000544	
0.8691406250000000	0.1312500000000063	
0.8699218750000001	0.1304687500000061	
0.8707031250000000	0.1296875000000060	
0.8714843750000000	0.1289062500000059	
0.8722656249999999	0.1281250000000059	
0.8730468750000000	0.1273437500000058	
0.8738281250000000	0.1265625000000056	
0.8746093750000000	0.1257812500000055	
0.4316406250000000	0.5687500000001173	
0.4324218750000001	0.5679687500001169	
0.4332031250000000	0.5671875000001165	
0.4339843750000000	0.5664062500001161	
0.5925781250000001	0.4078125000000558	
0.5933593750000001	0.4070312500000557	
0.5941406250000001	0.4062500000000555	
0.5949218750000002	0.4054687500000552	
0.5957031250000001	0.4046875000000550	
0.5964843750000001	0.4039062500000549	
0.2767578125000000	0.7234375000001718	
0.2771484375000000	0.7230468750001715	
0.2775390625000000	0.7226562500001714	
0.2779296875000000	0.7222656250001713	
0.2783203125000000	0.7218750000001711	
0.2787109375000000	0.7214843750001710	
0.2791015625000000	0.7210937500001710	
0.2794921875000000	0.7207031250001709	
0.2798828125000000	0.7203125000001708	
0.2802734375000000	0.7199218750001707	
0.2806640625000000	0.7195312500001705	
0.2810546875000000	0.7191406250001704	
0.2814453125000000	0.7187500000001703	
0.2818359375000000	0.7183593750001702	
0.2822265625000000	0.7179687500001701	
0.2826171875000000	0.7175781250001700	
0.2830078125000000	0.7171875000001700	
0.2833984375000000	0.7167968750001698	
0.2837890625000000	0.7164062500001696	
0.2841796875000001	0.7160156250001695	
0.2845703125000000	0.7156250000001694	
0.2849609375000001	0.7152343750001693	
0.2853515625000000	0.7148437500001692	
0.2857421875000001	0.7144531250001691	
0.2861328125000001	0.7140625000001690	
0.2865234375000000	0.7136718750001689	
0.2869140625000000	0.7132812500001688	
0.2873046875000000	0.7128906250001688	
0.2876953125000000	0.7125000000001684	
0.2880859375000001	0.7121093750001684	
0.2884765625000000	0.7117187500001683	
0.2888671875000000	0.7113281250001682	
0.2892578125000000	0.7109375000001681	
0.2896484375000000	0.7105468750001680	
0.2900390625000000	0.7101562500001679	
0.2904296875000000	0.7097656250001678	
0.2908203125000000	0.7093750000001676	
0.2912109375000000	0.7089843750001675	
0.2916015625000000	0.7085937500001673	
0.2919921875000001	0.7082031250001672	
0.2923828125000000	0.7078125000001673	
0.2927734375000001	0.7074218750001672	
0.2931640625000000	0.7070312500001670	
0.2935546875000001	0.7066406250001669	
0.2939453125000001	0.7062500000001668	
0.2943359375000001	0.7058593750001667	
0.2947265625000001	0.7054687500001666	
0.2951171875000001	0.7050781250001664	
0.2955078125000001	0.7046875000001663	
0.2958984375000001	0.7042968750001662	
0.2962890625000000	0.7039062500001662	
0.2966796875000001	0.7035156250001661	
0.2970703125000000	0.7031250000001659	
0.2974609375000001	0.7027343750001658	
0.2978515625000001	0.7023437500001657	
0.2982421875000000	0.7019531250001656	
0.2986328125000000	0.7015625000001655	
0.2990234375000000	0.7011718750001653	
0.2994140625000000	0.7007812500001651	
0.2998046875000001	0.7003906250001650	
0.3001953125000000	0.7000000000001649	
0.3005859375000001	0.6996093750001650	
0.3009765625000000	0.6992187500001648	
0.3013671875000001	0.6988281250001647	
0.3017578125000001	0.6984375000001646	
0.3021484375000000	0.6980468750001645	
0.3025390625000000	0.6976562500001644	
0.3029296875000000	0.6972656250001643	
0.3033203125000000	0.6968750000001640	
0.3037109375000001	0.6964843750001639	
0.3041015625000000	0.6960937500001638	
0.3044921875000000	0.6957031250001637	
0.3048828125000000	0.6953125000001636	
0.3052734375000000	0.6949218750001636	
0.3056640625000000	0.6945312500001635	
0.3060546875000000	0.6941406250001634	
0.3064453125000000	0.6937500000001633	
0.3068359375000000	0.6933593750001632	
0.3072265625000000	0.6929687500001629	
0.3076171875000001	0.6925781250001628	
0.3080078125000000	0.6921875000001628	
0.3083984375000001	0.6917968750001627	
0.3087890625000000	0.6914062500001625	
0.3091796875000001	0.6910156250001624	
0.3095703125000001	0.6906250000001624	
0.3099609375000001	0.6902343750001623	
0.3103515625000001	0.6898437500001622	
0.3107421875000001	0.6894531250001621	
0.3111328125000001	0.6890625000001621	
0.3115234375000001	0.6886718750001620	
0.3119140625000000	0.6882812500001620	
0.3123046875000001	0.6878906250001620	
0.3126953125000000	0.6875000000001619	
0.3130859375000001	0.6871093750001616	
0.3134765625000001	0.6867187500001615	
0.3138671875000000	0.6863281250001615	
0.3142578125000000	0.6859375000001614	
0.3146484375000000	0.6855468750001612	
0.3150390625000000	0.6851562500001610	
0.3154296875000001	0.6847656250001609	
0.3158203125000000	0.6843750000001609	
0.3162109375000001	0.6839843750001608	
0.3166015625000000	0.6835937500001608	
0.3169921875000001	0.6832031250001607	
0.3173828125000001	0.6828125000001607	
0.3177734375000001	0.6824218750001606	
0.3181640625000001	0.6820312500001604	
0.3185546875000001	0.6816406250001603	
0.3189453125000001	0.6812500000001602	
0.3193359375000001	0.6808593750001601	
0.3197265625000001	0.6804687500001600	
0.3201171875000001	0.6800781250001600	
0.3205078125000001	0.6796875000001600	
0.3208984375000001	0.6792968750001599	
0.3212890625000001	0.6789062500001598	
0.3216796875000001	0.6785156250001598	
0.3220703125000001	0.6781250000001597	
0.3224609375000001	0.6777343750001594	
0.3228515625000001	0.6773437500001593	
0.3232421875000001	0.6769531250001593	
0.3236328125000000	0.6765625000001592	
0.3240234375000001	0.6761718750001591	
0.3244140625000000	0.6757812500001590	
0.3248046875000001	0.6753906250001587	
0.3251953125000001	0.6750000000001586	
0.3255859375000001	0.6746093750001587	
0.3259765625000001	0.6742187500001586	
0.3263671875000001	0.6738281250001585	
0.3267578125000001	0.6734375000001585	
0.3271484375000001	0.6730468750001584	
0.3275390625000000	0.6726562500001583	
0.3279296875000001	0.6722656250001582	
0.3283203125000000	0.6718750000001581	
0.3287109375000001	0.6714843750001579	
0.3291015625000001	0.6710937500001578	
0.3294921875000000	0.6707031250001577	
0.3298828125000000	0.6703125000001576	
0.3302734375000000	0.6699218750001575	
0.3306640625000000	0.6695312500001573	
0.3310546875000001	0.6691406250001573	
0.3314453125000000	0.6687500000001573	
0.3318359375000001	0.6683593750001572	
0.3322265625000000	0.6679687500001570	
0.3326171875000001	0.6675781250001569	
0.3330078125000001	0.6671875000001568	
0.3333984375000000	0.6667968750001567	
0.3337890625000000	0.6664062500001566	
0.3341796875000000	0.6660156250001565	
0.3345703125000000	0.6656250000001562	
0.3349609375000001	0.6652343750001561	
0.3353515625000000	0.6648437500001561	
0.3357421875000000	0.6644531250001560	
0.3361328125000000	0.6640625000001559	
0.3365234375000000	0.6636718750001558	
0.3369140625000000	0.6632812500001557	
0.3373046875000000	0.6628906250001555	
0.3376953125000000	0.6625000000001554	
0.3380859375000000	0.6621093750001553	
0.3384765625000000	0.6617187500001551	
0.3388671875000001	0.6613281250001550	
0.3392578125000000	0.6609375000001549	
0.3396484375000000	0.6605468750001549	
0.3400390625000000	0.6601562500001548	
0.3404296875000000	0.6597656250001547	
0.3408203125000000	0.6593750000001546	
0.3412109375000000	0.6589843750001545	
0.3416015625000000	0.6585937500001544	
0.3419921875000000	0.6582031250001543	
0.3423828125000000	0.6578125000001541	
0.3427734375000000	0.6574218750001540	
0.3431640625000000	0.6570312500001538	
0.3435546875000000	0.6566406250001537	
0.3439453125000000	0.6562500000001537	
0.3443359375000000	0.6558593750001536	
0.3447265625000000	0.6554687500001535	
0.3451171875000000	0.6550781250001534	
0.3455078125000000	0.6546875000001533	
0.3458984375000000	0.6542968750001532	
0.3462890625000000	0.6539062500001531	
0.3466796875000001	0.6535156250001529	
0.3470703125000000	0.6531250000001528	
0.3474609375000001	0.6527343750001527	
0.3478515625000000	0.6523437500001525	
0.3482421875000001	0.6519531250001525	
0.3486328125000001	0.6515625000001524	
0.3490234375000000	0.6511718750001523	
0.3494140625000000	0.6507812500001522	
0.3498046875000000	0.6503906250001521	
0.3501953125000000	0.6500000000001518	
0.3505859375000001	0.6496093750001517	
0.3509765625000000	0.6492187500001516	
0.3513671875000000	0.6488281250001515	
0.3517578125000000	0.6484375000001514	
0.3521484375000000	0.6480468750001513	
0.3525390625000000	0.6476562500001513	
0.3529296875000000	0.6472656250001511	
0.3533203125000000	0.6468750000001510	
0.3537109375000000	0.6464843750001509	
0.3541015625000000	0.6460937500001507	
0.3544921875000001	0.6457031250001504	
0.3548828125000000	0.6453125000001504	
0.3552734375000001	0.6449218750001503	
0.3556640625000000	0.6445312500001502	
0.3560546875000001	0.6441406250001499	
0.3564453125000001	0.6437500000001498	
0.3568359375000001	0.6433593750001498	
0.3572265625000001	0.6429687500001497	
0.3576171875000001	0.6425781250001497	
0.3580078125000001	0.6421875000001496	
0.3583984375000001	0.6417968750001495	
0.3587890625000000	0.6414062500001494	
0.3591796875000001	0.6410156250001493	
0.3595703125000000	0.6406250000001492	
0.3599609375000001	0.6402343750001491	
0.3603515625000001	0.6398437500001490	
0.3607421875000000	0.6394531250001489	
0.3611328125000000	0.6390625000001489	
0.3615234375000000	0.6386718750001488	
0.3619140625000000	0.6382812500001487	
0.3623046875000001	0.6378906250001485	
0.3626953125000000	0.6375000000001484	
0.3630859375000001	0.6371093750001483	
0.3634765625000000	0.6367187500001481	
0.3638671875000001	0.6363281250001480	
0.3642578125000001	0.6359375000001479	
0.3646484375000000	0.6355468750001478	
0.3650390625000000	0.6351562500001477	
0.3654296875000000	0.6347656250001477	
0.3658203125000000	0.6343750000001473	
0.3662109375000001	0.6339843750001473	
0.3666015625000000	0.6335937500001472	
0.3669921875000000	0.6332031250001471	
0.3673828125000000	0.6328125000001470	
0.3677734375000000	0.6324218750001469	
0.3681640625000000	0.6320312500001468	
0.3685546875000000	0.6316406250001466	
0.3689453125000000	0.6312500000001465	
0.3693359375000000	0.6308593750001464	
0.3697265625000000	0.6304687500001462	
0.3701171875000001	0.6300781250001461	
0.3705078125000000	0.6296875000001461	
0.3708984375000000	0.6292968750001460	
0.3712890625000000	0.6289062500001459	
0.3716796875000000	0.6285156250001458	
0.3720703125000000	0.6281250000001457	
0.3724609375000000	0.6277343750001456	
0.3728515625000000	0.6273437500001455	
0.3732421875000000	0.6269531250001454	
0.3736328125000000	0.6265625000001452	
0.3740234375000000	0.6261718750001452	
0.3744140625000000	0.6257812500001450	
0.3748046875000000	0.6253906250001448	
0.3751953125000000	0.6250000000001446	
0.3755859375000000	0.6246093750001445	
0.3759765625000000	0.6242187500001444	
0.3763671875000000	0.6238281250001441	
0.3767578125000000	0.6234375000001440	
0.3771484375000000	0.6230468750001439	
0.3775390625000000	0.6226562500001438	
0.3779296875000000	0.6222656250001437	
0.0534179687500000	0.9466796875029078	
0.0536132812500000	0.9464843750028660	
0.0538085937500000	0.9462890625028247	
0.0540039062500000	0.9460937500027842	
0.0541992187500000	0.9458984375027437	
0.0543945312500000	0.9457031250027041	
0.0545898437500000	0.9455078125026655	
0.0547851562500000	0.9453125000026272	
0.0549804687500000	0.9451171875025893	
0.0551757812500000	0.9449218750025521	
0.0553710937500000	0.9447265625025154	
0.0555664062500000	0.9445312500024794	
0.0557617187500000	0.9443359375024439	
0.0559570312500000	0.9441406250024089	
0.0561523437500000	0.9439453125023747	
0.0563476562500000	0.9437500000023405	
0.0565429687500000	0.9435546875023071	
0.0567382812500000	0.9433593750022742	
0.0569335937500000	0.9431640625022417	
0.0571289062500000	0.9429687500022095	
0.0573242187500000	0.9427734375021778	
0.0575195312500000	0.9425781250021465	
0.0577148437500000	0.9423828125021159	
0.0579101562500000	0.9421875000020857	
0.0581054687500000	0.9419921875020558	
0.0583007812500000	0.9417968750020267	
0.0584960937500000	0.9416015625019980	
0.0586914062500000	0.9414062500019695	
0.0588867187500000	0.9412109375019416	
0.0590820312500000	0.9410156250019139	
0.0592773437500000	0.9408203125018868	
0.0594726562500000	0.9406250000018601	
0.0596679687500000	0.9404296875018336	
0.0598632812500000	0.9402343750018078	
0.0600585937500000	0.9400390625017825	
0.0602539062500000	0.9398437500017573	
0.0604492187500000	0.9396484375017324	
0.0606445312500000	0.9394531250017080	
0.0608398437500000	0.9392578125016837	
0.0610351562500000	0.9390625000016597	
0.0612304687500000	0.9388671875016366	
0.0614257812500000	0.9386718750016134	
0.0616210937500000	0.9384765625015908	
0.0618164062500000	0.9382812500015685	
0.0620117187500000	0.9380859375015463	
0.0622070312500000	0.9378906250015244	
0.0624023437500000	0.9376953125015030	
0.0625976562500000	0.9375000000014817	
0.0627929687500000	0.9373046875014608	
0.0629882812500000	0.9371093750014402	
0.0631835937500000	0.9369140625014201	
0.0633789062500000	0.9367187500014000	
0.0635742187500000	0.9365234375013805	
0.0637695312500000	0.9363281250013613	
0.0639648437500000	0.9361328125013426	
0.0641601562500000	0.9359375000013241	
0.0643554687500000	0.9357421875013057	
0.0645507812500000	0.9355468750012874	
0.0647460937500000	0.9353515625012694	
0.0649414062500000	0.9351562500012518	
0.0651367187500000	0.9349609375012345	
0.0653320312500000	0.9347656250012175	
0.0655273437500000	0.9345703125012008	
0.0657226562500000	0.9343750000011843	
0.0659179687500000	0.9341796875011679	
0.0661132812500000	0.9339843750011518	
0.0663085937500000	0.9337890625011360	
0.0665039062500000	0.9335937500011204	
0.0666992187500000	0.9333984375011051	
0.0668945312500000	0.9332031250010898	
0.0670898437500000	0.9330078125010750	
0.0672851562500000	0.9328125000010604	
0.0674804687500000	0.9326171875010461	
0.0676757812500000	0.9324218750010320	
0.0678710937500000	0.9322265625010178	
0.0680664062500000	0.9320312500010040	
0.0682617187500000	0.9318359375009904	
0.0684570312500000	0.9316406250009769	
0.0686523437500000	0.9314453125009639	
0.0688476562500000	0.9312500000009506	
0.0690429687500000	0.9310546875009380	
0.0692382812500000	0.9308593750009255	
0.0694335937500000	0.9306640625009133	
0.0696289062500000	0.9304687500009012	
0.0698242187500000	0.9302734375008888	
0.0700195312500000	0.9300781250008772	
0.0702148437500000	0.9298828125008656	
0.0704101562500000	0.9296875000008542	
0.0706054687500000	0.9294921875008428	
0.0708007812500000	0.9292968750008317	
0.0709960937500000	0.9291015625008205	
0.0711914062500000	0.9289062500008098	
0.0713867187500000	0.9287109375007991	
0.0715820312500000	0.9285156250007884	
0.0717773437500000	0.9283203125007782	
0.0719726562500000	0.9281250000007679	
0.0721679687500000	0.9279296875007580	
0.0723632812500000	0.9277343750007482	
0.0725585937500000	0.9275390625007385	
0.0727539062500000	0.9273437500007287	
0.0729492187500000	0.9271484375007191	
0.0731445312500000	0.9269531250007097	
0.0733398437500000	0.9267578125007003	
0.0735351562500000	0.9265625000006912	
0.0737304687500000	0.9263671875006823	
0.0739257812500000	0.9261718750006733	
0.0741210937500000	0.9259765625006645	
0.0743164062500000	0.9257812500006559	
0.0745117187500000	0.9255859375006477	
0.0747070312500000	0.9253906250006394	
0.0749023437500000	0.9251953125006315	
0.0750976562500000	0.9250000000006237	
0.0752929687500000	0.9248046875006158	
0.0754882812500000	0.9246093750006081	
0.0756835937500000	0.9244140625006005	
0.0758789062500000	0.9242187500005929	
0.0760742187500000	0.9240234375005854	
0.0762695312500000	0.9238281250005780	
0.0764648437500000	0.9236328125005707	
0.0766601562500000	0.9234375000005639	
0.0768554687500000	0.9232421875005572	
0.0770507812500000	0.9230468750005505	
0.0772460937500000	0.9228515625005438	
0.0774414062500000	0.9226562500005371	
0.0776367187500000	0.9224609375005304	
0.0778320312500000	0.9222656250005239	
0.0780273437500000	0.9220703125005176	
0.0782226562500000	0.9218750000005116	
0.0784179687500000	0.9216796875005056	
0.0786132812500000	0.9214843750004997	
0.0788085937500000	0.9212890625004941	
0.0790039062500000	0.9210937500004883	
0.0791992187500000	0.9208984375004829	
0.0793945312500000	0.9207031250004774	
0.0795898437500000	0.9205078125004719	
0.0797851562500000	0.9203125000004666	
0.0799804687500000	0.9201171875004613	
0.0801757812500000	0.9199218750004561	
0.0803710937500000	0.9197265625004512	
0.0805664062500000	0.9195312500004460	
0.0807617187500000	0.9193359375004410	
0.0809570312500000	0.9191406250004359	
0.0811523437500000	0.9189453125004312	
0.0813476562500000	0.9187500000004264	
0.0815429687500000	0.9185546875004218	
0.0817382812500000	0.9183593750004170	
0.0819335937500000	0.9181640625004124	
0.0821289062500000	0.9179687500004079	
0.0823242187500000	0.9177734375004034	
0.0825195312500000	0.9175781250003989	
0.0827148437500000	0.9173828125003947	
0.0829101562500000	0.9171875000003904	
0.0831054687500000	0.9169921875003864	
0.0833007812500000	0.9167968750003823	
0.0834960937500000	0.9166015625003785	
0.0836914062500000	0.9164062500003748	
0.0838867187500000	0.9162109375003712	
0.0840820312500000	0.9160156250003676	
0.0842773437500000	0.9158203125003641	
0.0844726562500000	0.9156250000003607	
0.0846679687500000	0.9154296875003576	
0.0848632812500000	0.9152343750003542	
0.0850585937500000	0.9150390625003511	
0.0852539062500000	0.9148437500003477	
0.0854492187500000	0.9146484375003447	
0.0856445312500000	0.9144531250003414	
0.0858398437500000	0.9142578125003384	
0.0860351562500000	0.9140625000003353	
0.0862304687500000	0.9138671875003321	
0.0864257812500000	0.9136718750003293	
0.0866210937500000	0.9134765625003265	
0.0868164062500000	0.9132812500003236	
0.0870117187500000	0.9130859375003206	
0.0872070312500000	0.9128906250003179	
0.0874023437500000	0.9126953125003151	
0.0875976562500000	0.9125000000003125	
0.0877929687500000	0.9123046875003098	
0.0879882812500000	0.9121093750003072	
0.0881835937500000	0.9119140625003048	
0.0883789062500000	0.9117187500003023	
0.0885742187500000	0.9115234375002998	
0.0887695312500000	0.9113281250002973	
0.0889648437500000	0.9111328125002951	
0.0891601562500000	0.9109375000002925	
0.0893554687500000	0.9107421875002902	
0.0895507812500000	0.9105468750002879	
0.0897460937500000	0.9103515625002853	
0.0899414062500000	0.9101562500002831	
0.0901367187500000	0.9099609375002808	
0.0903320312500000	0.9097656250002785	
0.0905273437500000	0.9095703125002761	
0.0907226562500000	0.9093750000002738	
0.0909179687500000	0.9091796875002714	
0.0911132812500000	0.9089843750002693	
0.0913085937500000	0.9087890625002669	
0.0915039062500000	0.9085937500002648	
0.0916992187500000	0.9083984375002625	
0.0918945312500000	0.9082031250002602	
0.0920898437500000	0.9080078125002577	
0.0922851562500000	0.9078125000002553	
0.0924804687500000	0.9076171875002530	
0.0926757812500000	0.9074218750002508	
0.0928710937500000	0.9072265625002487	
0.0930664062500000	0.9070312500002464	
0.0932617187500000	0.9068359375002443	
0.0934570312500000	0.9066406250002423	
0.0936523437500000	0.9064453125002401	
0.0938476562500000	0.9062500000002385	
0.0940429687500000	0.9060546875002364	
0.0942382812500000	0.9058593750002348	
0.0944335937500000	0.9056640625002335	
0.0946289062500000	0.9054687500002321	
0.0948242187500000	0.9052734375002306	
0.0950195312500000	0.9050781250002293	
0.0952148437500000	0.9048828125002280	
0.0954101562500000	0.9046875000002266	
0.0956054687500000	0.9044921875002252	
0.0958007812500000	0.9042968750002240	
0.0959960937500000	0.9041015625002229	
0.0961914062500000	0.9039062500002218	
0.0963867187500000	0.9037109375002208	
0.0965820312500000	0.9035156250002196	
0.0967773437500000	0.9033203125002186	
0.0969726562500000	0.9031250000002178	
0.0971679687500000	0.9029296875002168	
0.0973632812500000	0.9027343750002159	
0.0975585937500000	0.9025390625002149	
0.0977539062500000	0.9023437500002141	
0.0979492187500000	0.9021484375002131	
0.0981445312500000	0.9019531250002122	
0.0983398437500000	0.9017578125002113	
0.0985351562500000	0.9015625000002103	
0.0987304687500000	0.9013671875002094	
0.0989257812500000	0.9011718750002085	
0.0991210937500000	0.9009765625002075	
0.0993164062500000	0.9007812500002066	
0.0995117187500000	0.9005859375002058	
0.0997070312500000	0.9003906250002051	
0.0999023437500000	0.9001953125002045	
0.1000976562500000	0.9000000000002035	
0.1002929687500000	0.8998046875002026	
0.1004882812500000	0.8996093750002019	
0.1006835937500000	0.8994140625002012	
0.1008789062500000	0.8992187500002008	
0.1010742187500000	0.8990234375002003	
0.1012695312500000	0.8988281250001999	
0.1014648437500000	0.8986328125001997	
0.1016601562500000	0.8984375000001992	
0.1018554687500000	0.8982421875001986	
0.1020507812500000	0.8980468750001982	
0.1022460937500000	0.8978515625001979	
0.1024414062500000	0.8976562500001977	
0.1026367187500000	0.8974609375001972	
0.1028320312500000	0.8972656250001971	
0.1030273437500000	0.8970703125001969	
0.1032226562500000	0.8968750000001966	
0.1034179687500000	0.8966796875001964	
0.1036132812500000	0.8964843750001965	
0.1038085937500000	0.8962890625001965	
0.1040039062500000	0.8960937500001964	
0.1041992187500000	0.8958984375001964	
0.1043945312500000	0.8957031250001963	
0.1045898437500000	0.8955078125001964	
0.1047851562500000	0.8953125000001965	
0.1049804687500000	0.8951171875001964	
0.1051757812500000	0.8949218750001964	
0.1053710937500000	0.8947265625001963	
0.1055664062500000	0.8945312500001964	
0.1057617187500000	0.8943359375001962	
0.1059570312500000	0.8941406250001962	
0.1061523437500000	0.8939453125001964	
0.1063476562500000	0.8937500000001964	
0.1065429687500000	0.8935546875001965	
0.1067382812500000	0.8933593750001965	
0.1069335937500000	0.8931640625001965	
0.1071289062500000	0.8929687500001966	
0.1073242187500000	0.8927734375001963	
0.1075195312500000	0.8925781250001964	
0.1077148437500000	0.8923828125001965	
0.1079101562500000	0.8921875000001962	
0.1081054687500000	0.8919921875001962	
0.1083007812500000	0.8917968750001963	
0.1084960937500000	0.8916015625001963	
0.1086914062500000	0.8914062500001962	
0.1088867187500000	0.8912109375001962	
0.1090820312500000	0.8910156250001964	
0.1092773437500000	0.8908203125001963	
0.1094726562500000	0.8906250000001963	
0.1096679687500000	0.8904296875001962	
0.1098632812500000	0.8902343750001962	
0.1100585937500000	0.8900390625001962	
0.1102539062500000	0.8898437500001961	
0.1104492187500000	0.8896484375001961	
0.1106445312500000	0.8894531250001960	
0.1108398437500000	0.8892578125001960	
0.1110351562500000	0.8890625000001959	
0.1112304687500000	0.8888671875001959	
0.1114257812500000	0.8886718750001960	
0.1116210937500000	0.8884765625001958	
0.1118164062500000	0.8882812500001958	
0.1120117187500000	0.8880859375001959	
0.1122070312500000	0.8878906250001959	
0.1124023437500000	0.8876953125001956	
0.1125976562500000	0.8875000000001956	
0.1127929687500000	0.8873046875001955	
0.1129882812500000	0.8871093750001956	
0.1131835937500000	0.8869140625001957	
0.1133789062500000	0.8867187500001956	
0.1135742187500000	0.8865234375001956	
0.1137695312500000	0.8863281250001956	
0.1139648437500000	0.8861328125001956	
0.1141601562500000	0.8859375000001954	
0.1143554687500000	0.8857421875001954	
0.1145507812500000	0.8855468750001954	
0.1147460937500000	0.8853515625001953	
0.1149414062500000	0.8851562500001954	
0.1151367187500000	0.8849609375001952	
0.1153320312500000	0.8847656250001952	
0.1155273437500000	0.8845703125001951	
0.1157226562500000	0.8843750000001951	
0.1159179687500000	0.8841796875001950	
0.1161132812500000	0.8839843750001950	
0.1163085937500000	0.8837890625001950	
0.1165039062500000	0.8835937500001950	
0.1166992187500000	0.8833984375001951	
0.1168945312500000	0.8832031250001953	
0.1170898437500000	0.8830078125001951	
0.1172851562500000	0.8828125000001952	
0.1174804687500000	0.8826171875001951	
0.1176757812500000	0.8824218750001951	
0.1178710937500000	0.8822265625001950	
0.1180664062500000	0.8820312500001951	
0.1182617187500000	0.8818359375001950	
0.1184570312500000	0.8816406250001949	
0.1186523437500000	0.8814453125001951	
0.1188476562500000	0.8812500000001953	
0.1190429687500000	0.8810546875001952	
0.1192382812500000	0.8808593750001951	
0.1194335937500000	0.8806640625001951	
0.1196289062500000	0.8804687500001951	
0.1198242187500000	0.8802734375001950	
0.1200195312500000	0.8800781250001950	
0.1202148437500000	0.8798828125001950	
0.1204101562500000	0.8796875000001949	
0.1206054687500000	0.8794921875001949	
0.1208007812500000	0.8792968750001950	
0.1209960937500000	0.8791015625001952	
0.1211914062500000	0.8789062500001954	
0.1213867187500000	0.8787109375001955	
0.1215820312500000	0.8785156250001953	
0.1217773437500000	0.8783203125001953	
0.1219726562500000	0.8781250000001953	
0.1221679687500000	0.8779296875001954	
0.1223632812500000	0.8777343750001954	
0.1225585937500000	0.8775390625001953	
0.1227539062500000	0.8773437500001953	
0.1229492187500000	0.8771484375001952	
0.1231445312500000	0.8769531250001953	
0.1233398437500000	0.8767578125001954	
0.1235351562500000	0.8765625000001951	
0.1237304687500000	0.8763671875001950	
0.1239257812500000	0.8761718750001950	
0.1241210937500000	0.8759765625001950	
0.1243164062500000	0.8757812500001950	
0.1245117187500000	0.8755859375001949	
0.1247070312500000	0.8753906250001948	
0.1249023437500000	0.8751953125001948	
0.1250976562500000	0.8750000000001947	
0.1252929687500000	0.8748046875001947	
0.1254882812500000	0.8746093750001946	
0.1256835937500000	0.8744140625001946	
0.1258789062500000	0.8742187500001943	
0.1260742187500000	0.8740234375001944	
0.1262695312500000	0.8738281250001945	
0.1264648437500000	0.8736328125001944	
0.1266601562500000	0.8734375000001944	
0.1268554687500000	0.8732421875001942	
0.1270507812500000	0.8730468750001943	
0.1272460937500000	0.8728515625001942	
0.1274414062500000	0.8726562500001943	
0.1276367187500000	0.8724609375001944	
0.1278320312500000	0.8722656250001944	
0.1280273437500000	0.8720703125001943	
0.1282226562500000	0.8718750000001942	
0.1284179687500000	0.8716796875001942	
0.1286132812500000	0.8714843750001943	
0.1288085937500000	0.8712890625001941	
0.1290039062500000	0.8710937500001942	
0.1291992187500000	0.8708984375001942	
0.1293945312500000	0.8707031250001942	
0.1295898437500000	0.8705078125001942	
0.1297851562500000	0.8703125000001941	
0.1299804687500000	0.8701171875001941	
0.1301757812500000	0.8699218750001940	
0.1303710937500000	0.8697265625001940	
0.1305664062500000	0.8695312500001942	
0.1307617187500000	0.8693359375001942	
0.1309570312500000	0.8691406250001943	
0.1311523437500000	0.8689453125001944	
0.1313476562500000	0.8687500000001942	
0.1315429687500000	0.8685546875001942	
0.1317382812500000	0.8683593750001941	
0.1319335937500000	0.8681640625001942	
0.1321289062500000	0.8679687500001942	
0.1323242187500000	0.8677734375001942	
0.1325195312500000	0.8675781250001942	
0.1327148437500000	0.8673828125001941	
0.1329101562500000	0.8671875000001941	
0.1331054687500000	0.8669921875001940	
0.1333007812500000	0.8667968750001940	
0.1334960937500000	0.8666015625001939	
0.1336914062500000	0.8664062500001939	
0.1338867187500000	0.8662109375001938	
0.1340820312500000	0.8660156250001939	
0.1342773437500000	0.8658203125001938	
0.1344726562500000	0.8656250000001937	
0.1346679687500000	0.8654296875001936	
0.1348632812500000	0.8652343750001936	
0.1350585937500000	0.8650390625001937	
0.1352539062500000	0.8648437500001935	
0.1354492187500000	0.8646484375001936	
0.1356445312500000	0.8644531250001934	
0.1358398437500000	0.8642578125001934	
0.1360351562500000	0.8640625000001934	
0.1362304687500000	0.8638671875001932	
0.1364257812500000	0.8636718750001933	
0.1366210937500000	0.8634765625001931	
0.1368164062500000	0.8632812500001932	
0.1370117187500000	0.8630859375001931	
0.1372070312500000	0.8628906250001931	
0.1374023437500000	0.8626953125001930	
0.1375976562500000	0.8625000000001931	
0.1377929687500000	0.8623046875001932	
0.1379882812500000	0.8621093750001931	
0.1381835937500000	0.8619140625001931	
0.1383789062500000	0.8617187500001930	
0.1385742187500000	0.8615234375001931	
0.1387695312500000	0.8613281250001932	
0.1389648437500000	0.8611328125001932	
0.1391601562500000	0.8609375000001931	
0.1393554687500000	0.8607421875001930	
0.1395507812500000	0.8605468750001930	
0.1397460937500000	0.8603515625001930	
0.1399414062500000	0.8601562500001931	
0.1401367187500000	0.8599609375001931	
0.1403320312500000	0.8597656250001930	
0.1405273437500000	0.8595703125001930	
0.1407226562500000	0.8593750000001930	
0.1409179687500000	0.8591796875001929	
0.1411132812500000	0.8589843750001930	
0.1413085937500000	0.8587890625001930	
0.1415039062500000	0.8585937500001931	
0.1416992187500000	0.8583984375001932	
0.1418945312500000	0.8582031250001931	
0.1420898437500000	0.8580078125001931	
0.1422851562500000	0.8578125000001930	
0.1424804687500000	0.8576171875001931	
0.1426757812500000	0.8574218750001932	
0.1428710937500000	0.8572265625001931	
0.1430664062500000	0.8570312500001931	
0.1432617187500000	0.8568359375001930	
0.1434570312500000	0.8566406250001930	
0.1436523437500000	0.8564453125001930	
0.1438476562500000	0.8562500000001929	
0.1440429687500000	0.8560546875001929	
0.1442382812500000	0.8558593750001928	
0.1444335937500000	0.8556640625001926	
0.1446289062500000	0.8554687500001925	
0.1448242187500000	0.8552734375001925	
0.1450195312500000	0.8550781250001924	
0.1452148437500000	0.8548828125001924	
0.1454101562500000	0.8546875000001923	
0.1456054687500000	0.8544921875001922	
0.1458007812500000	0.8542968750001922	
0.1459960937500000	0.8541015625001920	
0.1461914062500000	0.8539062500001919	
0.1463867187500000	0.8537109375001919	
0.1465820312500000	0.8535156250001920	
0.1467773437500000	0.8533203125001918	
0.1469726562500000	0.8531250000001918	
0.1471679687500000	0.8529296875001917	
0.1473632812500000	0.8527343750001914	
0.1475585937500000	0.8525390625001914	
0.1477539062500000	0.8523437500001915	
0.1479492187500000	0.8521484375001913	
0.1481445312500000	0.8519531250001913	
0.1483398437500000	0.8517578125001911	
0.1485351562500000	0.8515625000001910	
0.1487304687500000	0.8513671875001909	
0.1489257812500000	0.8511718750001909	
0.1491210937500000	0.8509765625001908	
0.1493164062500000	0.8507812500001909	
0.1495117187500000	0.8505859375001908	
0.1497070312500000	0.8503906250001908	
0.1499023437500000	0.8501953125001909	
0.1500976562500000	0.8500000000001908	
0.1502929687500000	0.8498046875001909	
0.1504882812500000	0.8496093750001910	
0.1506835937500000	0.8494140625001909	
0.1508789062500000	0.8492187500001909	
0.1510742187500000	0.8490234375001908	
0.1512695312500000	0.8488281250001908	
0.1514648437500000	0.8486328125001907	
0.1516601562500000	0.8484375000001907	
0.1518554687500000	0.8482421875001906	
0.1520507812500000	0.8480468750001908	
0.1522460937500000	0.8478515625001908	
0.1524414062500000	0.8476562500001907	
0.1526367187500000	0.8474609375001907	
0.1528320312500000	0.8472656250001906	
0.1530273437500000	0.8470703125001906	
0.1532226562500000	0.8468750000001906	
0.1534179687500000	0.8466796875001905	
0.1536132812500000	0.8464843750001905	
0.1538085937500000	0.8462890625001902	
0.1540039062500000	0.8460937500001902	
0.1541992187500000	0.8458984375001899	
0.1543945312500000	0.8457031250001898	
0.1545898437500000	0.8455078125001899	
0.1547851562500000	0.8453125000001899	
0.1549804687500000	0.8451171875001899	
0.1551757812500000	0.8449218750001899	
0.1553710937500000	0.8447265625001898	
0.1555664062500000	0.8445312500001898	
0.1557617187500000	0.8443359375001895	
0.1559570312500000	0.8441406250001895	
0.1561523437500000	0.8439453125001894	
0.1563476562500000	0.8437500000001894	
0.1565429687500000	0.8435546875001894	
0.1567382812500000	0.8433593750001893	
0.1569335937500000	0.8431640625001893	
0.1571289062500000	0.8429687500001892	
0.1573242187500000	0.8427734375001892	
0.1575195312500000	0.8425781250001891	
0.1577148437500000	0.8423828125001891	
0.1579101562500000	0.8421875000001890	
0.1581054687500000	0.8419921875001890	
0.1583007812500000	0.8417968750001890	
0.1584960937500000	0.8416015625001889	
0.1586914062500000	0.8414062500001888	
0.1588867187500000	0.8412109375001888	
0.1590820312500000	0.8410156250001888	
0.1592773437500000	0.8408203125001887	
0.1594726562500000	0.8406250000001887	
0.1596679687500001	0.8404296875001888	
0.1598632812500000	0.8402343750001888	
0.1600585937500001	0.8400390625001886	
0.1602539062500000	0.8398437500001885	
0.1604492187500000	0.8396484375001887	
0.1606445312500000	0.8394531250001886	
0.1608398437500000	0.8392578125001886	
0.1610351562500000	0.8390625000001886	
0.1612304687500000	0.8388671875001885	
0.1614257812500000	0.8386718750001887	
0.1616210937500000	0.8384765625001886	
0.1618164062500000	0.8382812500001886	
0.1620117187500000	0.8380859375001886	
0.1622070312500000	0.8378906250001885	
0.1624023437500000	0.8376953125001885	
0.1625976562500000	0.8375000000001884	
0.1627929687500000	0.8373046875001884	
0.1629882812500000	0.8371093750001883	
0.1631835937500000	0.8369140625001883	
0.1633789062500000	0.8367187500001882	
0.1635742187500000	0.8365234375001882	
0.1637695312500000	0.8363281250001879	
0.1639648437500000	0.8361328125001877	
0.1641601562500000	0.8359375000001876	
0.1643554687500000	0.8357421875001876	
0.1645507812500000	0.8355468750001875	
0.1647460937500000	0.8353515625001875	
0.1649414062500000	0.8351562500001876	
0.1651367187500000	0.8349609375001876	
0.1653320312500000	0.8347656250001876	
0.1655273437500000	0.8345703125001875	
0.1657226562500000	0.8343750000001875	
0.1659179687500000	0.8341796875001876	
0.1661132812500000	0.8339843750001876	
0.1663085937500000	0.8337890625001876	
0.1665039062500000	0.8335937500001875	
0.1666992187500000	0.8333984375001876	
0.1668945312500000	0.8332031250001876	
0.1670898437500000	0.8330078125001876	
0.1672851562500000	0.8328125000001876	
0.1674804687500000	0.8326171875001875	
0.1676757812500000	0.8324218750001876	
0.1678710937500000	0.8322265625001876	
0.1680664062500000	0.8320312500001876	
0.1682617187500000	0.8318359375001877	
0.1684570312500000	0.8316406250001875	
0.1686523437500000	0.8314453125001876	
0.1688476562500000	0.8312500000001876	
0.1690429687500000	0.8310546875001876	
0.1692382812500000	0.8308593750001876	
0.1694335937500000	0.8306640625001875	
0.1696289062500000	0.8304687500001875	
0.1698242187500000	0.8302734375001875	
0.1700195312500000	0.8300781250001874	
0.1702148437500000	0.8298828125001874	
0.1704101562500000	0.8296875000001873	
0.1706054687500000	0.8294921875001873	
0.1708007812500000	0.8292968750001872	
0.1709960937500000	0.8291015625001872	
0.1711914062500000	0.8289062500001871	
0.1713867187500000	0.8287109375001871	
0.1715820312500000	0.8285156250001871	
0.1717773437500000	0.8283203125001870	
0.1719726562500000	0.8281250000001870	
0.1721679687500000	0.8279296875001868	
0.1723632812500000	0.8277343750001869	
0.1725585937500000	0.8275390625001868	
0.1727539062500000	0.8273437500001866	
0.1729492187500000	0.8271484375001865	
0.1731445312500000	0.8269531250001865	
0.1733398437500000	0.8267578125001864	
0.1735351562500000	0.8265625000001864	
0.1737304687500000	0.8263671875001863	
0.1739257812500000	0.8261718750001864	
0.1741210937500000	0.8259765625001863	
0.1743164062500000	0.8257812500001862	
0.1745117187500000	0.8255859375001864	
0.1747070312500000	0.8253906250001863	
0.1749023437500000	0.8251953125001863	
0.1750976562500000	0.8250000000001863	
0.1752929687500000	0.8248046875001862	
0.1754882812500000	0.8246093750001864	
0.1756835937500000	0.8244140625001863	
0.1758789062500000	0.8242187500001863	
0.1760742187500000	0.8240234375001863	
0.1762695312500000	0.8238281250001863	
0.1764648437500000	0.8236328125001862	
0.1766601562500000	0.8234375000001861	
0.1768554687500000	0.8232421875001861	
0.1770507812500000	0.8230468750001859	
0.1772460937500000	0.8228515625001858	
0.1774414062500000	0.8226562500001857	
0.1776367187500000	0.8224609375001855	
0.1778320312500000	0.8222656250001854	
0.1780273437500000	0.8220703125001855	
0.1782226562500000	0.8218750000001854	
0.1784179687500000	0.8216796875001855	
0.1786132812500000	0.8214843750001853	
0.1788085937500000	0.8212890625001854	
0.1790039062500000	0.8210937500001854	
0.1791992187500000	0.8208984375001853	
0.1793945312500000	0.8207031250001853	
0.1795898437500000	0.8205078125001852	
0.1797851562500000	0.8203125000001852	
0.1799804687500000	0.8201171875001851	
0.1801757812500000	0.8199218750001851	
0.1803710937500000	0.8197265625001853	
0.1805664062500000	0.8195312500001852	
0.1807617187500000	0.8193359375001853	
0.1809570312500000	0.8191406250001851	
0.1811523437500000	0.8189453125001851	
0.1813476562500000	0.8187500000001853	
0.1815429687500000	0.8185546875001853	
0.1817382812500000	0.8183593750001854	
0.1819335937500000	0.8181640625001854	
0.1821289062500000	0.8179687500001853	
0.1823242187500000	0.8177734375001853	
0.1825195312500000	0.8175781250001852	
0.1827148437500000	0.8173828125001853	
0.1829101562500000	0.8171875000001851	
0.1831054687500000	0.8169921875001849	
0.1833007812500000	0.8167968750001846	
0.1834960937500000	0.8166015625001846	
0.1836914062500000	0.8164062500001845	
0.1838867187500000	0.8162109375001846	
0.1840820312500000	0.8160156250001844	
0.1842773437500000	0.8158203125001844	
0.1844726562500000	0.8156250000001843	
0.1846679687500000	0.8154296875001844	
0.1848632812500000	0.8152343750001845	
0.1850585937500000	0.8150390625001843	
0.1852539062500000	0.8148437500001844	
0.1854492187500000	0.8146484375001843	
0.1856445312500000	0.8144531250001844	
0.1858398437500000	0.8142578125001844	
0.1860351562500000	0.8140625000001844	
0.1862304687500000	0.8138671875001844	
0.1864257812500000	0.8136718750001842	
0.1866210937500000	0.8134765625001843	
0.1868164062500000	0.8132812500001843	
0.1870117187500000	0.8130859375001842	
0.1872070312500000	0.8128906250001843	
0.1874023437500000	0.8126953125001841	
0.1875976562500000	0.8125000000001841	
0.1877929687500000	0.8123046875001843	
0.1879882812500000	0.8121093750001842	
0.1881835937500000	0.8119140625001842	
0.1883789062500000	0.8117187500001842	
0.1885742187500000	0.8115234375001843	
0.1887695312500000	0.8113281250001843	
0.1889648437500000	0.8111328125001842	
0.1891601562500000	0.8109375000001842	
0.1893554687500000	0.8107421875001841	
0.1895507812500000	0.8105468750001841	
0.1897460937500000	0.8103515625001840	
0.1899414062500000	0.8101562500001840	
0.1901367187500000	0.8099609375001839	
0.1903320312500000	0.8097656250001840	
0.1905273437500000	0.8095703125001839	
0.1907226562500000	0.8093750000001838	
0.1909179687500000	0.8091796875001838	
0.1911132812500000	0.8089843750001837	
0.1913085937500000	0.8087890625001837	
0.1915039062500000	0.8085937500001836	
0.1916992187500000	0.8083984375001836	
0.1918945312500000	0.8082031250001835	
0.1920898437500000	0.8080078125001835	
0.1922851562500000	0.8078125000001835	
0.1924804687500000	0.8076171875001833	
0.1926757812500000	0.8074218750001834	
0.1928710937500000	0.8072265625001831	
0.1930664062500000	0.8070312500001831	
0.1932617187500000	0.8068359375001830	
0.1934570312500000	0.8066406250001830	
0.1936523437500000	0.8064453125001829	
0.1938476562500000	0.8062500000001829	
0.1940429687500000	0.8060546875001828	
0.1942382812500000	0.8058593750001828	
0.1944335937500000	0.8056640625001827	
0.1946289062500000	0.8054687500001827	
0.1948242187500000	0.8052734375001827	
0.1950195312500000	0.8050781250001827	
0.1952148437500000	0.8048828125001826	
0.1954101562500000	0.8046875000001823	
0.1956054687500000	0.8044921875001824	
0.1958007812500000	0.8042968750001824	
0.1959960937500000	0.8041015625001824	
0.1961914062500000	0.8039062500001821	
0.1963867187500000	0.8037109375001821	
0.1965820312500000	0.8035156250001820	
0.1967773437500000	0.8033203125001820	
0.1969726562500000	0.8031250000001819	
0.1971679687500000	0.8029296875001820	
0.1973632812500000	0.8027343750001821	
0.1975585937500000	0.8025390625001818	
0.1977539062500000	0.8023437500001818	
0.1979492187500000	0.8021484375001817	
0.1981445312500000	0.8019531250001817	
0.1983398437500000	0.8017578125001816	
0.1985351562500000	0.8015625000001816	
0.1987304687500000	0.8013671875001815	
0.1989257812500000	0.8011718750001815	
0.1991210937500000	0.8009765625001815	
0.1993164062500000	0.8007812500001812	
0.1995117187500000	0.8005859375001814	
0.1997070312500000	0.8003906250001813	
0.1999023437500000	0.8001953125001813	
0.2000976562500000	0.8000000000001810	
0.2002929687500000	0.7998046875001811	
0.2004882812500000	0.7996093750001811	
0.2006835937500000	0.7994140625001809	
0.2008789062500000	0.7992187500001809	
0.2010742187500000	0.7990234375001810	
0.2012695312500000	0.7988281250001810	
0.2014648437500000	0.7986328125001810	
0.2016601562500000	0.7984375000001809	
0.2018554687500000	0.7982421875001808	
0.2020507812500000	0.7980468750001808	
0.2022460937500000	0.7978515625001807	
0.2024414062500000	0.7976562500001809	
0.2026367187500000	0.7974609375001809	
0.2028320312500000	0.7972656250001809	
0.2030273437500000	0.7970703125001808	
0.2032226562500000	0.7968750000001807	
0.2034179687500000	0.7966796875001809	
0.2036132812500000	0.7964843750001808	
0.2038085937500000	0.7962890625001808	
0.2040039062500000	0.7960937500001808	
0.2041992187500000	0.7958984375001807	
0.2043945312500000	0.7957031250001807	
0.2045898437500000	0.7955078125001807	
0.2047851562500000	0.7953125000001808	
0.2049804687500000	0.7951171875001809	
0.2051757812500000	0.7949218750001810	
0.2053710937500000	0.7947265625001809	
0.2055664062500000	0.7945312500001807	
0.2057617187500000	0.7943359375001808	
0.2059570312500000	0.7941406250001808	
0.2061523437500000	0.7939453125001807	
0.2063476562500000	0.7937500000001807	
0.2065429687500000	0.7935546875001807	
0.2067382812500000	0.7933593750001808	
0.2069335937500000	0.7931640625001809	
0.2071289062500000	0.7929687500001810	
0.2073242187500000	0.7927734375001810	
0.2075195312500000	0.7925781250001809	
0.2077148437500000	0.7923828125001808	
0.2079101562500000	0.7921875000001809	
0.2081054687500000	0.7919921875001810	
0.2083007812500000	0.7917968750001809	
0.2084960937500000	0.7916015625001809	
0.2086914062500000	0.7914062500001808	
0.2088867187500000	0.7912109375001808	
0.2090820312500000	0.7910156250001809	
0.2092773437500000	0.7908203125001807	
0.2094726562500000	0.7906250000001807	
0.2096679687500000	0.7904296875001808	
0.2098632812500000	0.7902343750001807	
0.2100585937500000	0.7900390625001807	
0.2102539062500000	0.7898437500001807	
0.2104492187500000	0.7896484375001807	
0.2106445312500000	0.7894531250001806	
0.2108398437500000	0.7892578125001806	
0.2110351562500000	0.7890625000001807	
0.2112304687500000	0.7888671875001807	
0.2114257812500000	0.7886718750001807	
0.2116210937500000	0.7884765625001808	
0.2118164062500000	0.7882812500001808	
0.2120117187500000	0.7880859375001810	
0.2122070312500000	0.7878906250001807	
0.2124023437500000	0.7876953125001807	
0.2125976562500000	0.7875000000001808	
0.2127929687500000	0.7873046875001808	
0.2129882812500000	0.7871093750001805	
0.2131835937500000	0.7869140625001805	
0.2133789062500000	0.7867187500001804	
0.2135742187500000	0.7865234375001804	
0.2137695312500000	0.7863281250001803	
0.2139648437500000	0.7861328125001803	
0.2141601562500000	0.7859375000001804	
0.2143554687500000	0.7857421875001802	
0.2145507812500000	0.7855468750001803	
0.2147460937500000	0.7853515625001801	
0.2149414062500000	0.7851562500001801	
0.2151367187500000	0.7849609375001801	
0.2153320312500000	0.7847656250001800	
0.2155273437500000	0.7845703125001799	
0.2157226562500000	0.7843750000001799	
0.2159179687500000	0.7841796875001800	
0.2161132812500000	0.7839843750001800	
0.2163085937500000	0.7837890625001799	
0.2165039062500000	0.7835937500001799	
0.2166992187500000	0.7833984375001798	
0.2168945312500000	0.7832031250001799	
0.2170898437500000	0.7830078125001799	
0.2172851562500000	0.7828125000001798	
0.2174804687500000	0.7826171875001797	
0.2176757812500000	0.7824218750001797	
0.2178710937500000	0.7822265625001796	
0.2180664062500000	0.7820312500001798	
0.2182617187500000	0.7818359375001798	
0.2184570312500000	0.7816406250001798	
0.2186523437500000	0.7814453125001797	
0.2188476562500000	0.7812500000001796	
0.2190429687500000	0.7810546875001798	
0.2192382812500000	0.7808593750001798	
0.2194335937500000	0.7806640625001797	
0.2196289062500000	0.7804687500001797	
0.2198242187500000	0.7802734375001796	
0.2200195312500000	0.7800781250001798	
0.2202148437500000	0.7798828125001798	
0.2204101562500000	0.7796875000001797	
0.2206054687500000	0.7794921875001797	
0.2208007812500000	0.7792968750001796	
0.2209960937500000	0.7791015625001796	
0.2211914062500000	0.7789062500001795	
0.2213867187500000	0.7787109375001795	
0.2215820312500000	0.7785156250001796	
0.2217773437500000	0.7783203125001794	
0.2219726562500000	0.7781250000001794	
0.2221679687500000	0.7779296875001793	
0.2223632812500000	0.7777343750001793	
0.2225585937500000	0.7775390625001792	
0.2227539062500000	0.7773437500001792	
0.2229492187500000	0.7771484375001791	
0.2231445312500000	0.7769531250001791	
0.2233398437500000	0.7767578125001791	
0.2235351562500000	0.7765625000001790	
0.2237304687500000	0.7763671875001789	
0.2239257812500000	0.7761718750001789	
0.2241210937500000	0.7759765625001787	
0.2243164062500000	0.7757812500001786	
0.2245117187500000	0.7755859375001786	
0.2247070312500000	0.7753906250001785	
0.2249023437500000	0.7751953125001785	
0.2250976562500000	0.7750000000001784	
0.2252929687500000	0.7748046875001784	
0.2254882812500000	0.7746093750001783	
0.2256835937500000	0.7744140625001783	
0.2258789062500000	0.7742187500001783	
0.2260742187500000	0.7740234375001782	
0.2262695312500000	0.7738281250001783	
0.2264648437500000	0.7736328125001781	
0.2266601562500000	0.7734375000001781	
0.2268554687500000	0.7732421875001778	
0.2270507812500000	0.7730468750001780	
0.2272460937500000	0.7728515625001779	
0.2274414062500000	0.7726562500001777	
0.2276367187500000	0.7724609375001776	
0.2278320312500000	0.7722656250001776	
0.2280273437500000	0.7720703125001775	
0.2282226562500000	0.7718750000001775	
0.2284179687500000	0.7716796875001776	
0.2286132812500000	0.7714843750001776	
0.2288085937500000	0.7712890625001774	
0.2290039062500000	0.7710937500001773	
0.2291992187500000	0.7708984375001775	
0.2293945312500000	0.7707031250001775	
0.2295898437500000	0.7705078125001774	
0.2297851562500000	0.7703125000001771	
0.2299804687500000	0.7701171875001771	
0.2301757812500000	0.7699218750001771	
0.2303710937500000	0.7697265625001770	
0.2305664062500000	0.7695312500001767	
0.2307617187500000	0.7693359375001769	
0.2309570312500000	0.7691406250001769	
0.2311523437500000	0.7689453125001768	
0.2313476562500000	0.7687500000001766	
0.2315429687500000	0.7685546875001766	
0.2317382812500000	0.7683593750001767	
0.2319335937500000	0.7681640625001764	
0.2321289062500000	0.7679687500001767	
0.2323242187500000	0.7677734375001766	
0.2325195312500000	0.7675781250001765	
0.2327148437500000	0.7673828125001766	
0.2329101562500000	0.7671875000001764	
0.2331054687500000	0.7669921875001764	
0.2333007812500000	0.7667968750001763	
0.2334960937500000	0.7666015625001764	
0.2336914062500000	0.7664062500001765	
0.2338867187500000	0.7662109375001764	
0.2340820312500000	0.7660156250001765	
0.2342773437500000	0.7658203125001763	
0.2344726562500000	0.7656250000001764	
0.2346679687500000	0.7654296875001765	
0.2348632812500000	0.7652343750001763	
0.2350585937500000	0.7650390625001764	
0.2352539062500000	0.7648437500001763	
0.2354492187500000	0.7646484375001764	
0.2356445312500000	0.7644531250001765	
0.2358398437500000	0.7642578125001764	
0.2360351562500000	0.7640625000001766	
0.2362304687500000	0.7638671875001763	
0.2364257812500000	0.7636718750001765	
0.2366210937500000	0.7634765625001765	
0.2368164062500000	0.7632812500001765	
0.2370117187500000	0.7630859375001766	
0.2372070312500000	0.7628906250001766	
0.2374023437500000	0.7626953125001765	
0.2375976562500000	0.7625000000001765	
0.2377929687500000	0.7623046875001764	
0.2379882812500000	0.7621093750001764	
0.2381835937500000	0.7619140625001763	
0.2383789062500000	0.7617187500001763	
0.2385742187500000	0.7615234375001763	
0.2387695312500000	0.7613281250001762	
0.2389648437500000	0.7611328125001762	
0.2391601562500000	0.7609375000001761	
0.2393554687500000	0.7607421875001761	
0.2395507812500000	0.7605468750001760	
0.2397460937500000	0.7603515625001760	
0.2399414062500000	0.7601562500001759	
0.2401367187500000	0.7599609375001759	
0.2403320312500000	0.7597656250001759	
0.2405273437500000	0.7595703125001759	
0.2407226562500000	0.7593750000001758	
0.2409179687500000	0.7591796875001756	
0.2411132812500000	0.7589843750001757	
0.2413085937500000	0.7587890625001754	
0.2415039062500000	0.7585937500001754	
0.2416992187500000	0.7583984375001753	
0.2418945312500000	0.7582031250001754	
0.2420898437500000	0.7580078125001752	
0.2422851562500000	0.7578125000001752	
0.2424804687500000	0.7576171875001754	
0.2426757812500000	0.7574218750001752	
0.2428710937500000	0.7572265625001753	
0.2430664062500000	0.7570312500001752	
0.2432617187500000	0.7568359375001752	
0.2434570312500000	0.7566406250001751	
0.2436523437500000	0.7564453125001751	
0.2438476562500000	0.7562500000001753	
0.2440429687500000	0.7560546875001752	
0.2442382812500000	0.7558593750001752	
0.2444335937500000	0.7556640625001751	
0.2446289062500000	0.7554687500001751	
0.2448242187500000	0.7552734375001749	
0.2450195312500000	0.7550781250001748	
0.2452148437500000	0.7548828125001747	
0.2454101562500000	0.7546875000001747	
0.2456054687500000	0.7544921875001747	
0.2458007812500000	0.7542968750001744	
0.2459960937500000	0.7541015625001741	
0.2461914062500000	0.7539062500001741	
0.2463867187500000	0.7537109375001743	
0.2465820312500000	0.7535156250001742	
0.2467773437500000	0.7533203125001743	
0.2469726562500000	0.7531250000001742	
0.2471679687500000	0.7529296875001743	
0.2473632812500000	0.7527343750001743	
0.2475585937500000	0.7525390625001740	
0.2477539062500000	0.7523437500001742	
0.2479492187500000	0.7521484375001741	
0.2481445312500000	0.7519531250001741	
0.2483398437500000	0.7517578125001743	
0.2485351562500000	0.7515625000001742	
0.2487304687500000	0.7513671875001742	
0.2489257812500000	0.7511718750001741	
0.2491210937500000	0.7509765625001741	
0.2493164062500000	0.7507812500001743	
0.2495117187500000	0.7505859375001742	
0.2497070312500000	0.7503906250001743	
0.2499023437500000	0.7501953125001741	
0.2500976562500000	0.7500000000001741	
0.2502929687500000	0.7498046875001743	
0.2504882812500000	0.7496093750001742	
0.2506835937500000	0.7494140625001742	
0.2508789062500000	0.7492187500001741	
0.2510742187500000	0.7490234375001741	
0.2512695312500001	0.7488281250001738	
0.2514648437500000	0.7486328125001738	
0.2516601562500000	0.7484375000001737	
0.2518554687500000	0.7482421875001737	
0.2520507812500000	0.7480468750001736	
0.2522460937500000	0.7478515625001736	
0.2524414062500000	0.7476562500001736	
0.2526367187499999	0.7474609375001735	
0.2528320312500000	0.7472656250001734	
0.2530273437500000	0.7470703125001732	
0.2532226562500000	0.7468750000001732	
0.2534179687500000	0.7466796875001730	
0.2536132812500000	0.7464843750001731	
0.2538085937500000	0.7462890625001730	
0.2540039062500000	0.7460937500001730	
0.2541992187500000	0.7458984375001732	
0.2543945312500000	0.7457031250001731	
0.2545898437499999	0.7455078125001731	
0.2547851562500000	0.7453125000001731	
0.2549804687499999	0.7451171875001732	
0.2551757812500000	0.7449218750001732	
0.2553710937500000	0.7447265625001729	
0.2555664062499999	0.7445312500001728	
0.2557617187500000	0.7443359375001728	
0.2559570312500000	0.7441406250001725	
0.2561523437500000	0.7439453125001725	
0.2563476562500000	0.7437500000001724	
0.2565429687499999	0.7435546875001724	
0.2567382812500000	0.7433593750001722	
0.2569335937500000	0.7431640625001721	
0.2571289062500000	0.7429687500001720	
0.2573242187500000	0.7427734375001719	
0.2575195312500000	0.7425781250001720	
0.2577148437500000	0.7423828125001719	
0.2579101562500000	0.7421875000001719	
0.2581054687500000	0.7419921875001720	
0.2583007812500000	0.7417968750001720	
0.2584960937500000	0.7416015625001720	
0.2586914062500000	0.7414062500001719	
0.2588867187500000	0.7412109375001719	
0.2590820312500001	0.7410156250001718	
0.2592773437500000	0.7408203125001718	
0.2594726562500000	0.7406250000001720	
0.2596679687500000	0.7404296875001720	
0.2598632812500000	0.7402343750001721	
0.2600585937500001	0.7400390625001720	
0.2602539062500000	0.7398437500001721	
0.2604492187500000	0.7396484375001722	
0.2606445312500001	0.7394531250001719	
0.2608398437500000	0.7392578125001719	
0.2610351562500001	0.7390625000001718	
0.2612304687500000	0.7388671875001718	
0.2614257812500000	0.7386718750001720	
0.2616210937500000	0.7384765625001719	
0.2618164062500000	0.7382812500001720	
0.2620117187500000	0.7380859375001720	
0.2622070312500000	0.7378906250001720	
0.2624023437500000	0.7376953125001720	
0.2625976562500000	0.7375000000001719	
0.2627929687500000	0.7373046875001719	
0.2629882812500001	0.7371093750001718	
0.2631835937500000	0.7369140625001718	
0.2633789062500000	0.7367187500001720	
0.2635742187500000	0.7365234375001719	
0.2637695312500000	0.7363281250001719	
0.2639648437500000	0.7361328125001720	
0.2641601562500000	0.7359375000001720	
0.2643554687499999	0.7357421875001720	
0.2645507812500000	0.7355468750001719	
0.2647460937500000	0.7353515625001719	
0.2649414062500000	0.7351562500001720	
0.2651367187500000	0.7349609375001719	
0.2653320312500000	0.7347656250001720	
0.2655273437500000	0.7345703125001719	
0.2657226562500000	0.7343750000001719	
0.2659179687500000	0.7341796875001720	
0.2661132812500000	0.7339843750001720	
0.2663085937500000	0.7337890625001720	
0.2665039062500000	0.7335937500001719	
0.2666992187500000	0.7333984375001719	
0.2668945312500001	0.7332031250001718	
0.2670898437500000	0.7330078125001718	
0.2672851562500000	0.7328125000001720	
0.2674804687500000	0.7326171875001720	
0.2676757812500000	0.7324218750001721	
0.2678710937500001	0.7322265625001722	
0.2680664062500000	0.7320312500001721	
0.2682617187500000	0.7318359375001722	
0.2684570312500001	0.7316406250001719	
0.2686523437500000	0.7314453125001720	
0.2688476562500001	0.7312500000001720	
0.2690429687500000	0.7310546875001720	
0.2692382812500000	0.7308593750001721	
0.2694335937500001	0.7306640625001719	
0.2696289062500000	0.7304687500001719	
0.2698242187500001	0.7302734375001717	
0.2700195312500001	0.7300781250001718	
0.2702148437500000	0.7298828125001720	
0.2704101562500001	0.7296875000001719	
0.2706054687500000	0.7294921875001719	
0.2708007812500001	0.7292968750001718	
0.2709960937500000	0.7291015625001718	
0.2711914062500000	0.7289062500001720	
0.2713867187500000	0.7287109375001719	
0.2715820312500000	0.7285156250001720	
0.2717773437500001	0.7283203125001718	
0.2719726562500000	0.7281250000001718	
0.2721679687500000	0.7279296875001720	
0.2723632812500001	0.7277343750001719	
0.2725585937500000	0.7275390625001719	
0.2727539062500001	0.7273437500001718	
0.2729492187500000	0.7271484375001718	
0.2731445312500000	0.7269531250001720	
0.2733398437500000	0.7267578125001719	
0.2735351562500000	0.7265625000001719	
0.2737304687500000	0.7263671875001720	
0.2739257812500000	0.7261718750001720	
0.2741210937500000	0.7259765625001720	
0.2743164062500000	0.7257812500001719	
0.2745117187500000	0.7255859375001720	
0.2747070312500001	0.7253906250001720	
0.2749023437500000	0.7251953125001721	
0.2750976562500000	0.7250000000001721	
0.2752929687500000	0.7248046875001721	
0.2754882812500000	0.7246093750001721	
0.2756835937500001	0.7244140625001720	
0.2758789062500000	0.7242187500001721	
0.2760742187500000	0.7240234375001722	
0.2762695312500001	0.7238281250001719	
0.2764648437500000	0.7236328125001719	
0.0000488281250000	1.0000000001591844	
0.0001464843750000	0.9999023439080238	
0.0002441406250000	0.9998046876568781	
0.0003417968750000	0.9997070314057236	
0.0004394531250000	0.9996093751546000	
0.0005371093750000	0.9995117189034657	
0.0006347656250000	0.9994140626523470	
0.0007324218750000	0.9993164064012374	
0.0008300781250000	0.9992187501501368	
0.0009277343750000	0.9991210938990351	
0.0010253906250000	0.9990234376479609	
0.0011230468750000	0.9989257813968715	
0.0012207031250000	0.9988281251458061	
0.0013183593750000	0.9987304688947383	
0.0014160156250000	0.9986328126436887	
0.0015136718750000	0.9985351563926413	
0.0016113281250000	0.9984375001416004	
0.0017089843750000	0.9983398438905635	
0.0018066406250000	0.9982421876395421	
0.0019042968750000	0.9981445313885239	
0.0020019531250000	0.9980468751375142	
0.0020996093750000	0.9979492188865117	
0.0021972656250000	0.9978515626355134	
0.0022949218750000	0.9977539063845237	
0.0023925781250000	0.9976562501335446	
0.0024902343750000	0.9975585938825722	
0.0025878906250000	0.9974609376316076	
0.0026855468750000	0.9973632813806439	
0.0027832031250000	0.9972656251296904	
0.0028808593750000	0.9971679688787465	
0.0029785156250000	0.9970703126278060	
0.0030761718750000	0.9969726563768752	
0.0031738281250000	0.9968750001259515	
0.0032714843750000	0.9967773438750256	
0.0033691406250000	0.9966796876241182	
0.0034667968750000	0.9965820313732103	
0.0035644531250000	0.9964843751223122	
0.0036621093750000	0.9963867188714175	
0.0037597656250000	0.9962890626205311	
0.0038574218750000	0.9961914063696599	
0.0039550781250000	0.9960937501187822	
0.0040527343750000	0.9959960938679148	
0.0041503906250000	0.9958984376170529	
0.0042480468750000	0.9958007813661991	
0.0043457031250000	0.9957031251153534	
0.0044433593750000	0.9956054688645110	
0.0045410156250000	0.9955078126136743	
0.0046386718750000	0.9954101563628425	
0.0047363281250000	0.9953125001120223	
0.0048339843750000	0.9952148438612077	
0.0049316406250000	0.9951171876103918	
0.0050292968750000	0.9950195313595823	
0.0051269531250000	0.9949218751087864	
0.0052246093750000	0.9948242188579882	
0.0053222656250000	0.9947265626072054	
0.0054199218750000	0.9946289063564164	
0.0055175781250000	0.9945312501056494	
0.0056152343750000	0.9944335938548734	
0.0057128906250000	0.9943359376041097	
0.0058105468750000	0.9942382813533479	
0.0059082031250000	0.9941406251025865	
0.0060058593750000	0.9940429688518425	
0.0061035156250000	0.9939453126010965	
0.0062011718750000	0.9938476563503628	
0.0062988281250000	0.9937500000996218	
0.0063964843750000	0.9936523438489063	
0.0064941406250000	0.9935546875981782	
0.0065917968750000	0.9934570313474638	
0.0066894531250000	0.9933593750967477	
0.0067871093750000	0.9932617188460435	
0.0068847656250000	0.9931640625953403	
0.0069824218750000	0.9930664063446459	
0.0070800781250000	0.9929687500939567	
0.0071777343750000	0.9928710938432673	
0.0072753906250000	0.9927734375925865	
0.0073730468750000	0.9926757813419096	
0.0074707031250000	0.9925781250912397	
0.0075683593750000	0.9924804688405728	
0.0076660156250000	0.9923828125899135	
0.0077636718750000	0.9922851563392542	
0.0078613281250000	0.9921875000886031	
0.0079589843750000	0.9920898438379532	
0.0080566406250000	0.9919921875873131	
0.0081542968750000	0.9918945313366728	
0.0082519531250000	0.9917968750860381	
0.0083496093750000	0.9916992188354150	
0.0084472656250000	0.9916015625847863	
0.0085449218750000	0.9915039063341670	
0.0086425781250000	0.9914062500835552	
0.0087402343750000	0.9913085938329407	
0.0088378906250000	0.9912109375823361	
0.0089355468750000	0.9911132813317349	
0.0090332031250000	0.9910156250811386	
0.0091308593750000	0.9909179688305430	
0.0092285156250000	0.9908203125799544	
0.0093261718750000	0.9907226563293745	
0.0094238281250000	0.9906250000787914	
0.0095214843750000	0.9905273438282146	
0.0096191406250000	0.9904296875776420	
0.0097167968750000	0.9903320313270769	
0.0098144531250000	0.9902343750765131	
0.0099121093750000	0.9901367188259547	
0.0100097656250000	0.9900390625754005	
0.0101074218750000	0.9899414063248484	
0.0102050781250000	0.9898437500743020	
0.0103027343750000	0.9897460938237567	
0.0104003906250000	0.9896484375732199	
0.0104980468750000	0.9895507813226825	
0.0105957031250000	0.9894531250721524	
0.0106933593750000	0.9893554688216274	
0.0107910156250000	0.9892578125710961	
0.0108886718750000	0.9891601563205810	
0.0109863281250000	0.9890625000700696	
0.0110839843750000	0.9889648438195507	
0.0111816406250000	0.9888671875690441	
0.0112792968750000	0.9887695313185405	
0.0113769531250000	0.9886718750680393	
0.0114746093750000	0.9885742188175406	
0.0115722656250000	0.9884765625670483	
0.0116699218750000	0.9883789063165542	
0.0117675781250000	0.9882812500660676	
0.0118652343750000	0.9881835938155863	
0.0119628906250000	0.9880859375651035	
0.0120605468750000	0.9879882813146318	
0.0121582031250000	0.9878906250641583	
0.0122558593750000	0.9877929688136873	
0.0123535156250000	0.9876953125632248	
0.0124511718750000	0.9875976563127623	
0.0125488281250000	0.9875000000623030	
0.0126464843750000	0.9874023438118473	
0.0127441406250000	0.9873046875613956	
0.0128417968750000	0.9872070313109435	
0.0129394531250000	0.9871093750604991	
0.0130371093750000	0.9870117188100563	
0.0131347656250000	0.9869140625596180	
0.0132324218750000	0.9868164063091815	
0.0133300781250000	0.9867187500587470	
0.0134277343750000	0.9866210938083140	
0.0135253906250000	0.9865234375578961	
0.0136230468750000	0.9864257813074682	
0.0137207031250000	0.9863281250570464	
0.0138183593750000	0.9862304688066307	
0.0139160156250000	0.9861328125562165	
0.0140136718750000	0.9860351563058055	
0.0141113281250000	0.9859375000554002	
0.0142089843750000	0.9858398438049882	
0.0143066406250000	0.9857421875545861	
0.0144042968750000	0.9856445313041877	
0.0145019531250000	0.9855468750537905	
0.0145996093750000	0.9854492188034003	
0.0146972656250000	0.9853515625530070	
0.0147949218750000	0.9852539063026211	
0.0148925781250000	0.9851562500522362	
0.0149902343750000	0.9850585938018558	
0.0150878906250000	0.9849609375514708	
0.0151855468750000	0.9848632813010991	
0.0152832031250000	0.9847656250507242	
0.0153808593750000	0.9846679688003549	
0.0154785156250000	0.9845703125499820	
0.0155761718750000	0.9844726562996206	
0.0156738281250000	0.9843750000492564	
0.0157714843750000	0.9842773437988913	
0.0158691406250000	0.9841796875485368	
0.0159667968750000	0.9840820312981817	
0.0160644531250000	0.9839843750478260	
0.0161621093750000	0.9838867187974795	
0.0162597656250000	0.9837890625471349	
0.0163574218750000	0.9836914062967834	
0.0164550781250000	0.9835937500464437	
0.0165527343750000	0.9834960937961035	
0.0166503906250000	0.9833984375457627	
0.0167480468750000	0.9833007812954344	
0.0168457031250000	0.9832031250450987	
0.0169433593750000	0.9831054687947703	
0.0170410156250000	0.9830078125444387	
0.0171386718750000	0.9829101562941167	
0.0172363281250000	0.9828125000437914	
0.0173339843750000	0.9827148437934748	
0.0174316406250000	0.9826171875431531	
0.0175292968750000	0.9825195312928360	
0.0176269531250000	0.9824218750425247	
0.0177246093750000	0.9823242187922132	
0.0178222656250000	0.9822265625419034	
0.0179199218750000	0.9821289062915946	
0.0180175781250000	0.9820312500412908	
0.0181152343750000	0.9819335937909867	
0.0182128906250000	0.9818359375406913	
0.0183105468750000	0.9817382812903911	
0.0184082031250000	0.9816406250400944	
0.0185058593750000	0.9815429687897994	
0.0186035156250000	0.9814453125395102	
0.0187011718750000	0.9813476562892189	
0.0187988281250000	0.9812500000389376	
0.0188964843750000	0.9811523437886485	
0.0189941406250000	0.9810546875383637	
0.0190917968750000	0.9809570312880863	
0.0191894531250000	0.9808593750378021	
0.0192871093750000	0.9807617187875295	
0.0193847656250000	0.9806640625372559	
0.0194824218750000	0.9805664062869821	
0.0195800781250000	0.9804687500367101	
0.0196777343750000	0.9803710937864425	
0.0197753906250000	0.9802734375361728	
0.0198730468750000	0.9801757812859133	
0.0199707031250000	0.9800781250356464	
0.0200683593750000	0.9799804687853866	
0.0201660156250000	0.9798828125351274	
0.0202636718750000	0.9797851562848729	
0.0203613281250000	0.9796875000346160	
0.0204589843750000	0.9795898437843561	
0.0205566406250000	0.9794921875341092	
0.0206542968750000	0.9793945312838593	
0.0207519531250000	0.9792968750336166	
0.0208496093750000	0.9791992187833641	
0.0209472656250000	0.9791015625331150	
0.0210449218750000	0.9790039062828783	
0.0211425781250000	0.9789062500326390	
0.0212402343750000	0.9788085937823933	
0.0213378906250000	0.9787109375321601	
0.0214355468750000	0.9786132812819268	
0.0215332031250000	0.9785156250316912	
0.0216308593750000	0.9784179687814604	
0.0217285156250000	0.9783203125312291	
0.0218261718750000	0.9782226562810051	
0.0219238281250000	0.9781250000307706	
0.0220214843750000	0.9780273437805486	
0.0221191406250000	0.9779296875303201	
0.0222167968750000	0.9778320312801028	
0.0223144531250000	0.9777343750298835	
0.0224121093750000	0.9776367187796631	
0.0225097656250000	0.9775390625294462	
0.0226074218750000	0.9774414062792299	
0.0227050781250000	0.9773437500290147	
0.0228027343750000	0.9772460937788013	
0.0229003906250000	0.9771484375285920	
0.0229980468750000	0.9770507812783800	
0.0230957031250000	0.9769531250281757	
0.0231933593750000	0.9768554687779707	
0.0232910156250000	0.9767578125277626	
0.0233886718750000	0.9766601562775610	
0.0234863281250000	0.9765625000273577	
0.0235839843750000	0.9764648437771573	
0.0236816406250000	0.9763671875269614	
0.0237792968750000	0.9762695312767611	
0.0238769531250000	0.9761718750265642	
0.0239746093750000	0.9760742187763702	
0.0240722656250000	0.9759765625261728	
0.0241699218750000	0.9758789062759845	
0.0242675781250000	0.9757812500257933	
0.0243652343750000	0.9756835937756061	
0.0244628906250000	0.9755859375254134	
0.0245605468750000	0.9754882812752330	
0.0246582031250000	0.9753906250250477	
0.0247558593750000	0.9752929687748623	
0.0248535156250000	0.9751953125246822	
0.0249511718750000	0.9750976562745014	
0.0250488281250000	0.9750000000243181	
0.0251464843750000	0.9749023437741453	
0.0252441406250000	0.9748046875239659	
0.0253417968750000	0.9747070312737889	
0.0254394531250000	0.9746093750236138	
0.0255371093750000	0.9745117187734434	
0.0256347656250000	0.9744140625232690	
0.0257324218750000	0.9743164062731017	
0.0258300781250000	0.9742187500229280	
0.0259277343750000	0.9741210937727628	
0.0260253906250000	0.9740234375225976	
0.0261230468750000	0.9739257812724295	
0.0262207031250000	0.9738281250222652	
0.0263183593750000	0.9737304687720993	
0.0264160156250000	0.9736328125219375	
0.0265136718750000	0.9735351562717830	
0.0266113281250000	0.9734375000216208	
0.0267089843750000	0.9733398437714619	
0.0268066406250000	0.9732421875213050	
0.0269042968750000	0.9731445312711495	
0.0270019531250000	0.9730468750209933	
0.0270996093750000	0.9729492187708394	
0.0271972656250000	0.9728515625206852	
0.0272949218750000	0.9727539062705367	
0.0273925781250000	0.9726562500203844	
0.0274902343750000	0.9725585937702370	
0.0275878906250000	0.9724609375200856	
0.0276855468750000	0.9723632812699394	
0.0277832031250000	0.9722656250197947	
0.0278808593750000	0.9721679687696460	
0.0279785156250000	0.9720703125195058	
0.0280761718750000	0.9719726562693657	
0.0281738281250000	0.9718750000192210	
0.0282714843750000	0.9717773437690768	
0.0283691406250000	0.9716796875189426	
0.0284667968750000	0.9715820312688005	
0.0285644531250000	0.9714843750186647	
0.0286621093750000	0.9713867187685221	
0.0287597656250000	0.9712890625183906	
0.0288574218750000	0.9711914062682565	
0.0289550781250000	0.9710937500181251	
0.0290527343750000	0.9709960937679866	
0.0291503906250000	0.9708984375178562	
0.0292480468750000	0.9708007812677285	
0.0293457031250000	0.9707031250175960	
0.0294433593750000	0.9706054687674678	
0.0295410156250000	0.9705078125173398	
0.0296386718750000	0.9704101562672126	
0.0297363281250000	0.9703125000170894	
0.0298339843750000	0.9702148437669610	
0.0299316406250000	0.9701171875168373	
0.0300292968750000	0.9700195312667146	
0.0301269531250000	0.9699218750165909	
0.0302246093750000	0.9698242187664713	
0.0303222656250000	0.9697265625163529	
0.0304199218750000	0.9696289062662302	
0.0305175781250000	0.9695312500161098	
0.0306152343750000	0.9694335937659959	
0.0307128906250000	0.9693359375158737	
0.0308105468750000	0.9692382812657604	
0.0309082031250000	0.9691406250156424	
0.0310058593750000	0.9690429687655291	
0.0311035156250000	0.9689453125154165	
0.0312011718750000	0.9688476562653057	
0.0312988281250000	0.9687500000151900	
0.0313964843750000	0.9686523437650789	
0.0314941406250000	0.9685546875149700	
0.0315917968750000	0.9684570312648607	
0.0316894531250000	0.9683593750147484	
0.0317871093750000	0.9682617187646442	
0.0318847656250000	0.9681640625145367	
0.0319824218750000	0.9680664062644282	
0.0320800781250000	0.9679687500143198	
0.0321777343750000	0.9678710937642196	
0.0322753906250000	0.9677734375141126	
0.0323730468750000	0.9676757812640132	
0.0324707031250000	0.9675781250139069	
0.0325683593750000	0.9674804687638078	
0.0326660156250000	0.9673828125137048	
0.0327636718750000	0.9672851562636084	
0.0328613281250000	0.9671875000135047	
0.0329589843750000	0.9670898437634065	
0.0330566406250000	0.9669921875133087	
0.0331542968750000	0.9668945312632119	
0.0332519531250000	0.9667968750131156	
0.0333496093750000	0.9666992187630151	
0.0334472656250000	0.9666015625129217	
0.0335449218750000	0.9665039062628277	
0.0336425781250000	0.9664062500127335	
0.0337402343750000	0.9663085937626434	
0.0338378906250000	0.9662109375125479	
0.0339355468750000	0.9661132812624558	
0.0340332031250000	0.9660156250123666	
0.0341308593750000	0.9659179687622712	
0.0342285156250000	0.9658203125121839	
0.0343261718750000	0.9657226562620967	
0.0344238281250000	0.9656250000120086	
0.0345214843750000	0.9655273437619177	
0.0346191406250000	0.9654296875118306	
0.0347167968750000	0.9653320312617447	
0.0348144531250000	0.9652343750116602	
0.0349121093750000	0.9651367187615768	
0.0350097656250000	0.9650390625114884	
0.0351074218750000	0.9649414062614075	
0.0352050781250000	0.9648437500113217	
0.0353027343750000	0.9647460937612375	
0.0354003906250000	0.9646484375111567	
0.0354980468750000	0.9645507812610737	
0.0355957031250000	0.9644531250109961	
0.0356933593750000	0.9643554687609099	
0.0357910156250000	0.9642578125108328	
0.0358886718750000	0.9641601562607574	
0.0359863281250000	0.9640625000106769	
0.0360839843750000	0.9639648437605983	
0.0361816406250000	0.9638671875105193	
0.0362792968750000	0.9637695312604441	
0.0363769531250000	0.9636718750103656	
0.0364746093750000	0.9635742187602917	
0.0365722656250000	0.9634765625102171	
0.0366699218750000	0.9633789062601398	
0.0367675781250000	0.9632812500100660	
0.0368652343750000	0.9631835937599920	
0.0369628906250000	0.9630859375099196	
0.0370605468750000	0.9629882812598446	
0.0371582031250000	0.9628906250097747	
0.0372558593750000	0.9627929687597032	
0.0373535156250000	0.9626953125096330	
0.0374511718750000	0.9625976562595613	
0.0375488281250000	0.9625000000094930	
0.0376464843750000	0.9624023437594229	
0.0377441406250000	0.9623046875093522	
0.0378417968750000	0.9622070312592855	
0.0379394531250000	0.9621093750092179	
0.0380371093750000	0.9620117187591487	
0.0381347656250000	0.9619140625090824	
0.0382324218750000	0.9618164062590157	
0.0383300781250000	0.9617187500089528	
0.0384277343750000	0.9616210937588842	
0.0385253906250000	0.9615234375088194	
0.0386230468750000	0.9614257812587566	
0.0387207031250000	0.9613281250086922	
0.0388183593750000	0.9612304687586283	
0.0389160156250000	0.9611328125085663	
0.0390136718750000	0.9610351562585023	
0.0391113281250000	0.9609375000084428	
0.0392089843750000	0.9608398437583778	
0.0393066406250000	0.9607421875083180	
0.0394042968750000	0.9606445312582581	
0.0395019531250000	0.9605468750081960	
0.0395996093750000	0.9604492187581359	
0.0396972656250000	0.9603515625080765	
0.0397949218750000	0.9602539062580192	
0.0398925781250000	0.9601562500079595	
0.0399902343750000	0.9600585937579013	
0.0400878906250000	0.9599609375078424	
0.0401855468750000	0.9598632812577865	
0.0402832031250000	0.9597656250077289	
0.0403808593750000	0.9596679687576724	
0.0404785156250000	0.9595703125076170	
0.0405761718750000	0.9594726562575594	
0.0406738281250000	0.9593750000075055	
0.0407714843750000	0.9592773437574498	
0.0408691406250000	0.9591796875073960	
0.0409667968750000	0.9590820312573420	
0.0410644531250000	0.9589843750072885	
0.0411621093750000	0.9588867187572344	
0.0412597656250000	0.9587890625071822	
0.0413574218750000	0.9586914062571303	
0.0414550781250000	0.9585937500070786	
0.0415527343750000	0.9584960937570258	
0.0416503906250000	0.9583984375069751	
0.0417480468750000	0.9583007812569245	
0.0418457031250000	0.9582031250068724	
0.0419433593750000	0.9581054687568210	
0.0420410156250000	0.9580078125067749	
0.0421386718750000	0.9579101562567223	
0.0422363281250000	0.9578125000066748	
0.0423339843750000	0.9577148437566262	
0.0424316406250000	0.9576171875065759	
0.0425292968750000	0.9575195312565302	
0.0426269531250000	0.9574218750064809	
0.0427246093750000	0.9573242187564335	
0.0428222656250000	0.9572265625063868	
0.0429199218750000	0.9571289062563413	
0.0430175781250000	0.9570312500062931	
0.0431152343750000	0.9569335937562460	
0.0432128906250000	0.9568359375062024	
0.0433105468750000	0.9567382812561597	
0.0434082031250000	0.9566406250061126	
0.0435058593750000	0.9565429687560684	
0.0436035156250000	0.9564453125060245	
0.0437011718750000	0.9563476562559799	
0.0437988281250000	0.9562500000059361	
0.0438964843750000	0.9561523437558928	
0.0439941406250000	0.9560546875058502	
0.0440917968750000	0.9559570312558067	
0.0441894531250000	0.9558593750057639	
0.0442871093750000	0.9557617187557231	
0.0443847656250000	0.9556640625056823	
0.0444824218750000	0.9555664062556388	
0.0445800781250000	0.9554687500055977	
0.0446777343750000	0.9553710937555588	
0.0447753906250000	0.9552734375055154	
0.0448730468750000	0.9551757812554755	
0.0449707031250000	0.9550781250054392	
0.0450683593750000	0.9549804687553979	
0.0451660156250000	0.9548828125053584	
0.0452636718750000	0.9547851562553190	
0.0453613281250000	0.9546875000052808	
0.0454589843750000	0.9545898437552430	
0.0455566406250000	0.9544921875052030	
0.0456542968750000	0.9543945312551668	
0.0457519531250000	0.9542968750051273	
0.0458496093750000	0.9541992187550925	
0.0459472656250000	0.9541015625050542	
0.0460449218750000	0.9540039062550180	
0.0461425781250000	0.9539062500049820	
0.0462402343750000	0.9538085937549458	
0.0463378906250000	0.9537109375049091	
0.0464355468750000	0.9536132812548727	
0.0465332031250000	0.9535156250048389	
0.0466308593750000	0.9534179687548026	
0.0467285156250000	0.9533203125047673	
0.0468261718750000	0.9532226562547332	
0.0469238281250000	0.9531250000046987	
0.0470214843750000	0.9530273437546656	
0.0471191406250000	0.9529296875046289	
0.0472167968750000	0.9528320312545961	
0.0473144531250000	0.9527343750045646	
0.0474121093750000	0.9526367187545287	
0.0475097656250000	0.9525390625045002	
0.0476074218750000	0.9524414062544649	
0.0477050781250000	0.9523437500044313	
0.0478027343750000	0.9522460937544009	
0.0479003906250000	0.9521484375043681	
0.0479980468750000	0.9520507812543383	
0.0480957031250000	0.9519531250043043	
0.0481933593750000	0.9518554687542744	
0.0482910156250000	0.9517578125042430	
0.0483886718750000	0.9516601562542109	
0.0484863281250000	0.9515625000041814	
0.0485839843750000	0.9514648437541514	
0.0486816406250000	0.9513671875041210	
0.0487792968750000	0.9512695312540906	
0.0488769531250000	0.9511718750040613	
0.0489746093750000	0.9510742187540318	
0.0490722656250000	0.9509765625040019	
0.0491699218750000	0.9508789062539735	
0.0492675781250000	0.9507812500039452	
0.0493652343750000	0.9506835937539155	
0.0494628906250000	0.9505859375038870	
0.0495605468750000	0.9504882812538592	
0.0496582031250000	0.9503906250038305	
0.0497558593750000	0.9502929687538034	
0.0498535156250000	0.9501953125037769	
0.0499511718750000	0.9500976562537479	
0.0500488281250000	0.9500000000037211	
0.0501464843750000	0.9499023437536933	
0.0502441406250000	0.9498046875036675	
0.0503417968750000	0.9497070312536395	
0.0504394531250000	0.9496093750036141	
0.0505371093750000	0.9495117187535896	
0.0506347656250000	0.9494140625035616	
0.0507324218750000	0.9493164062535365	
0.0508300781250000	0.9492187500035114	
0.0509277343750000	0.9491210937534855	
0.0510253906250000	0.9490234375034610	
0.0511230468750000	0.9489257812534351	
0.0512207031250000	0.9488281250034104	
0.0513183593750000	0.9487304687533861	
0.0514160156250000	0.9486328125033611	
0.0515136718750000	0.9485351562533371	
0.0516113281250000	0.9484375000033127	
0.0517089843750000	0.9483398437532892	
0.0518066406250000	0.9482421875032656	
0.0519042968750000	0.9481445312532411	
0.0520019531250000	0.9480468750032189	
0.0520996093750000	0.9479492187531948	
0.0521972656250000	0.9478515625031724	
0.0522949218750000	0.9477539062531487	
0.0523925781250000	0.9476562500031264	
0.0524902343750000	0.9475585937531043	
0.0525878906250000	0.9474609375030818	
0.0526855468750000	0.9473632812530589	
0.0527832031250000	0.9472656250030369	
0.0528808593750000	0.9471679687530146	
0.0529785156250000	0.9470703125029930	
0.0530761718750000	0.9469726562529714	
0.0531738281250000	0.9468750000029499	
0.0532714843750000	0.9467773437529290	
