0.0500000000000000	0.0500000000000000	0.0000000000000000	
0.1500000000000000	0.0500000000000000	0.0000000000001229	
0.0500000000000000	0.1500000000000000	0.0000000000000615	
0.1500000000000000	0.1500000000000000	0.0000000001603736	
0.2500000000000000	0.0500000000000000	0.0000000000435064	
0.3500000000000000	0.0500000000000000	0.0000000020737839	
0.2500000000000000	0.1500000000000000	0.0000000555266380	
0.3500000000000000	0.1500000000000000	0.0000025505385238	
0.4500000000000000	0.0500000000000000	0.0000000145753126	
0.5500000000000000	0.0500000000000000	0.0000000245765355	
0.4500000000000000	0.1500000000000000	0.0000161891696065	
0.5500000000000000	0.1500000000000000	0.0000192868325872	
0.6500000000000001	0.0500000000000000	0.0000000255916743	
0.7500000000000000	0.0500000000000000	0.0000000256040695	
0.6500000000000001	0.1500000000000000	0.0000106649074559	
0.7500000000000000	0.1500000000000000	0.0000053544932124	
0.8500000000000001	0.0500000000000000	0.0000000256040849	
0.9500000000000000	0.0500000000000000	0.0000000256040849	
0.8500000000000000	0.1500000000000000	0.0000026900486486	
0.9500000000000001	0.1500000000000000	0.0000013578263591	
0.0500000000000000	0.2500000000000000	0.0000000000217225	
0.1500000000000000	0.2500000000000000	0.0000000555157460	
0.0500000000000000	0.3500000000000000	0.0000000010260000	
0.1500000000000000	0.3500000000000000	0.0000025500091858	
0.2500000000000000	0.2500000000000000	0.0000186887870524	
0.6500000000000001	0.2500000000000000	0.0027514789473013	
0.7500000000000000	0.2500000000000000	0.0013784167202568	
0.8500000000000000	0.2500000000000000	0.0006905441470031	
0.9500000000000000	0.2500000000000000	0.0003459509804835	
0.8500000000000000	0.3500000000000000	0.0067140764386997	
0.9500000000000000	0.3500000000000000	0.0035300132020222	
0.0500000000000000	0.4500000000000000	0.0000000067637643	
0.1500000000000000	0.4500000000000000	0.0000161849991634	
0.0500000000000000	0.5500000000000000	0.0000000083824936	
0.1500000000000000	0.5500000000000000	0.0000192766503448	
0.8500000000000000	0.4500000000000000	0.0345775958627742	
0.9500000000000000	0.4500000000000000	0.0190537995317867	
0.8500000000000000	0.5500000000000000	0.0436495166978949	
0.9500000000000000	0.5500000000000000	0.0313516518640765	
0.0500000000000000	0.6500000000000001	0.0000000046988162	
0.1500000000000000	0.6500000000000001	0.0000106493699056	
0.0500000000000000	0.7500000000000000	0.0000000023556057	
0.1500000000000000	0.7500000000000000	0.0000053351002053	
0.2500000000000000	0.7500000000000000	0.0008232003084771	
0.7500000000000000	0.7500000000000000	-0.0868533379715923	
0.8500000000000000	0.6500000000000001	0.0004395304001199	
0.9500000000000000	0.6500000000000001	0.0158955901169594	
0.8500000000000000	0.7500000000000000	-0.0432069592104342	
0.9500000000000000	0.7500000000000000	-0.0136556845684291	
0.0500000000000000	0.8500000000000000	0.0000000011778105	
0.1500000000000000	0.8500000000000000	0.0000026681390079	
0.0500000000000000	0.9500000000000000	0.0000000005889053	
0.1500000000000000	0.9500000000000000	0.0000013343639489	
0.2500000000000000	0.8500000000000000	0.0004129249862929	
0.3500000000000000	0.8500000000000000	0.0065534240721792	
0.2500000000000000	0.9500000000000000	0.0002071296689233	
0.3500000000000000	0.9500000000000000	0.0033802763629819	
0.4500000000000000	0.8500000000000000	0.0346696081800247	
0.5500000000000000	0.8500000000000000	0.0438575838686611	
0.4500000000000000	0.9500000000000000	0.0190249372708918	
0.5500000000000000	0.9500000000000000	0.0314412543190121	
0.6500000000000001	0.8500000000000000	0.0006365252817248	
0.7500000000000000	0.8500000000000000	-0.0431084617696317	
0.6500000000000001	0.9500000000000000	0.0160388887852297	
0.7500000000000000	0.9500000000000000	-0.0135347865138927	
0.8500000000000001	0.8500000000000000	-0.0431577106503144	
0.9500000000000000	0.8500000000000000	-0.0284066976094332	
0.8500000000000000	0.9500000000000000	-0.0283462485821650	
0.9500000000000001	0.9500000000000000	-0.0283764730957991	
0.3250000000000001	0.2250000000000000	0.0000652965331216	
0.3750000000000000	0.2250000000000000	0.0002517410755328	
0.3250000000000001	0.2750000000000000	0.0006340821202007	
0.3750000000000000	0.2750000000000000	0.0027647773521640	
0.2250000000000000	0.3250000000000001	0.0000652962684526	
0.2750000000000000	0.3250000000000001	0.0006340819878662	
0.2250000000000000	0.3750000000000000	0.0002517406785294	
0.2750000000000000	0.3750000000000000	0.0027647770874950	
0.3250000000000001	0.3250000000000001	0.0044621915108536	
0.3750000000000000	0.3250000000000001	0.0183189669852415	
0.3250000000000001	0.3750000000000000	0.0183189668529070	
0.3750000000000000	0.3750000000000000	0.0732401339483342	
0.4250000000000000	0.2250000000000000	0.0006520434001692	
0.4750000000000000	0.2250000000000000	0.0010662591501730	
0.4250000000000000	0.2750000000000000	0.0071182550801902	
0.4750000000000000	0.2750000000000000	0.0115250288107717	
0.5250000000000000	0.2250000000000000	0.0011528920457844	
0.5750000000000001	0.2250000000000000	0.0008821341692427	
0.5250000000000000	0.2750000000000000	0.0122851777847501	
0.5750000000000001	0.2750000000000000	0.0092885783290082	
0.4250000000000000	0.3250000000000001	0.0460299827031606	
0.4750000000000000	0.3250000000000001	0.0727144393803735	
0.4250000000000000	0.3750000000000000	0.1790680265924665	
0.4750000000000000	0.3750000000000000	0.2735749893895658	
0.5250000000000000	0.3250000000000001	0.0754525088001173	
0.5750000000000001	0.3250000000000001	0.0556950922327406	
0.5250000000000000	0.3750000000000000	0.2729695866969393	
0.5750000000000001	0.3750000000000000	0.1941905815315196	
0.6250000000000001	0.3250000000000001	0.0316741993489764	
0.6750000000000000	0.3250000000000001	0.0172128391481388	
0.6250000000000001	0.3750000000000000	0.1129323904402479	
0.6750000000000000	0.3750000000000000	0.0626217010352380	
0.7250000000000001	0.3250000000000001	0.0092216167516836	
0.7749999999999999	0.3250000000000001	0.0052878663203406	
0.7250000000000001	0.3750000000000000	0.0352582686779473	
0.7749999999999999	0.3750000000000000	0.0201913859217526	
0.2250000000000000	0.4250000000000000	0.0006520411164459	
0.2750000000000000	0.4250000000000000	0.0071182538059941	
0.2250000000000000	0.4750000000000000	0.0010662559230898	
0.2750000000000000	0.4750000000000000	0.0115250265601320	
0.3250000000000001	0.4250000000000000	0.0460299819998951	
0.3750000000000000	0.4250000000000000	0.1790680262408339	
0.3250000000000001	0.4750000000000000	0.0727144379034214	
0.3750000000000000	0.4750000000000000	0.2735749884752740	
0.2250000000000000	0.5250000000000000	0.0011528853411215	
0.2750000000000000	0.5250000000000000	0.0122851733070989	
0.2250000000000000	0.5750000000000001	0.0008821257257900	
0.2750000000000000	0.5750000000000001	0.0092885718684562	
0.3250000000000001	0.5250000000000000	0.0754525058228159	
0.3750000000000000	0.5250000000000000	0.2729695847511421	
0.3250000000000001	0.5750000000000001	0.0556950875138138	
0.3750000000000000	0.5750000000000001	0.1941905781991578	
0.4250000000000000	0.4250000000000000	0.4225573769354119	
0.4750000000000000	0.4250000000000000	0.6156968974219847	
0.4250000000000000	0.4750000000000000	0.6156968969648395	
0.4750000000000000	0.4750000000000000	0.8363211228395611	
0.5250000000000000	0.4250000000000000	0.5781485991892091	
0.5750000000000001	0.4250000000000000	0.3861695903603641	
0.5250000000000000	0.4750000000000000	0.7072348610143848	
0.5750000000000001	0.4750000000000000	0.4128868685576284	
0.4250000000000000	0.5250000000000000	0.5781485979877385	
0.4750000000000000	0.5250000000000000	0.7072348604136496	
0.4250000000000000	0.5750000000000001	0.3861695880934480	
0.4750000000000000	0.5750000000000001	0.4128868671238003	
0.5250000000000000	0.5250000000000000	0.4866106350678654	
0.5750000000000001	0.5250000000000000	0.1821180375532509	
0.5250000000000000	0.5750000000000001	0.1821180368363338	
0.5750000000000001	0.5750000000000001	-0.0613713133239707	
0.6250000000000001	0.4250000000000000	0.2196927483336258	
0.6750000000000000	0.4250000000000000	0.1278326760162541	
0.6250000000000001	0.4750000000000000	0.2178339708435306	
0.6750000000000000	0.4750000000000000	0.1398806232123371	
0.7250000000000001	0.4250000000000000	0.0788405499950890	
0.7749999999999999	0.4250000000000000	0.0492199232283640	
0.7250000000000001	0.4750000000000000	0.1034143692472410	
0.7749999999999999	0.4750000000000000	0.0757070271833982	
0.6250000000000001	0.5250000000000000	0.0522922477952472	
0.6750000000000000	0.5250000000000000	0.0521495018803846	
0.6250000000000001	0.5750000000000001	-0.1239725010310797	
0.6750000000000000	0.5750000000000001	-0.0692228712457919	
0.7250000000000001	0.5250000000000000	0.0703491638682228	
0.7749999999999999	0.5250000000000000	0.0722959526605254	
0.7250000000000001	0.5750000000000001	-0.0048466983928082	
0.7749999999999999	0.5750000000000001	0.0332065488562591	
0.2250000000000000	0.6250000000000001	0.0005280691252391	
0.2750000000000000	0.6250000000000002	0.0055717107123612	
0.2250000000000000	0.6750000000000002	0.0002815096632020	
0.2750000000000000	0.6750000000000002	0.0030006213702958	
0.3250000000000001	0.6250000000000001	0.0330843128720429	
0.3750000000000000	0.6250000000000002	0.1136374455356002	
0.3250000000000001	0.6750000000000002	0.0180424671211694	
0.3750000000000000	0.6750000000000002	0.0633890425694295	
0.3250000000000001	0.7250000000000001	0.0093588225323090	
0.3750000000000000	0.7250000000000001	0.0357105423353558	
0.3250000000000001	0.7749999999999999	0.0050788610047634	
0.3750000000000000	0.7749999999999999	0.0203130200926683	
0.4250000000000000	0.6250000000000001	0.2200452747478440	
0.4750000000000000	0.6250000000000002	0.2180102333337241	
0.4250000000000000	0.6750000000000002	0.1283926099904588	
0.4750000000000000	0.6750000000000002	0.1402487214445364	
0.5250000000000000	0.6250000000000001	0.0523803786818839	
0.5750000000000001	0.6250000000000002	-0.1239284355877625	
0.5250000000000000	0.6750000000000002	0.0523776164398023	
0.5750000000000001	0.6750000000000002	-0.0690867812444241	
0.4250000000000000	0.7250000000000001	0.0793466538108956	
0.4750000000000000	0.7250000000000001	0.1038514702712440	
0.4250000000000000	0.7749999999999999	0.0495337922217251	
0.4750000000000000	0.7749999999999999	0.0760825121920802	
0.5250000000000000	0.7250000000000001	0.0706817716599330	
0.5750000000000001	0.7250000000000001	-0.0046123494962692	
0.5250000000000000	0.7749999999999999	0.0726499990607215	
0.5750000000000001	0.7749999999999999	0.0335007465046266	
0.6250000000000001	0.6250000000000001	-0.1788716353386808	
0.6750000000000000	0.6250000000000002	-0.1387527358459691	
0.6250000000000001	0.6750000000000002	-0.1386846908452849	
0.6750000000000000	0.6750000000000002	-0.1425468228024471	
0.7250000000000001	0.6250000000000001	-0.0741215828736860	
0.7749999999999999	0.6250000000000002	-0.0206753345484237	
0.7250000000000001	0.6750000000000002	-0.1089262922981803	
0.7749999999999999	0.6750000000000002	-0.0648554902936353	
0.6250000000000001	0.7250000000000001	-0.0739703859250744	
0.6750000000000000	0.7250000000000001	-0.1088506938238744	
0.6250000000000001	0.7749999999999999	-0.0204526372499340	
0.6750000000000000	0.7749999999999999	-0.0647063424072376	
