0.0250000000000000	0.5000000000000000	0.1772453850904440	
0.0750000000000000	0.5000000000000000	0.1772453850824971	
0.1250000000000000	0.5000000000000000	0.1772453843671350	
0.1750000000000000	0.5000000000000000	0.1772453453096880	
0.2250000000000000	0.5000000000000000	0.1772440519046768	
0.2750000000000000	0.5000000000000000	0.1772180731705691	
0.3250000000000001	0.5000000000000000	0.1769015873991948	
0.3750000000000000	0.5000000000000000	0.1745630562799969	
0.4250000000000000	0.5000000000000000	0.1640824869224419	
0.4750000000000000	0.5000000000000000	0.1355933456858958	
0.5250000000000000	0.5000000000000000	0.0886226925452220	
0.5750000000000001	0.5000000000000000	0.0416520394045482	
0.6250000000000001	0.5000000000000000	0.0131628981680021	
0.6750000000000000	0.5000000000000000	0.0026823288104472	
0.7250000000000001	0.5000000000000000	0.0003437976912493	
0.7749999999999999	0.5000000000000000	0.0000273119198750	
0.8250000000000001	0.5000000000000000	0.0000013331857672	
0.8750000000000000	0.5000000000000000	0.0000000397807561	
0.9250000000000000	0.5000000000000000	0.0000000007233091	
0.9750000000000000	0.5000000000000000	0.0000000000079470	
