0.8250000000000001	0.4538127971389958	
0.8750000000000000	0.3086901396217340	
0.9250000000000000	0.1559506304990664	
0.9750000000000000	-0.0006447732813583	
0.7625000000000000	0.6494238484783201	
0.7875000000000001	0.5877452009584561	
0.6937500000000001	0.8090141652513784	
0.4812500000000000	0.9992298190003960	
0.4937500000000000	1.0000008323003620	
0.5062500000000000	0.9992298190003983	
0.5187500000000000	0.9969179679471305	
0.7062500000000000	0.7853125788354813	
0.7187500000000001	0.7604000128227921	
0.7312500000000001	0.7343148805844031	
0.7437500000000000	0.7070974035035378	
0.6281250000000000	0.9161879316713755	
0.6343750000000001	0.9081430191480038	
0.6406250000000002	0.8997479945197199	
0.6468750000000001	0.8910060942283247	
0.5531250000000001	0.9844270016523633	
0.5593750000000000	0.9807856554720940	
0.5656250000000000	0.9767661918221502	
0.4531250000000000	0.9905698726834746	
0.4593750000000000	0.9930690293406064	
0.6531250000000002	0.8819206884427901	
0.6593750000000000	0.8724952797599950	
0.5406250000000001	0.9905698726834811	
0.5468750000000000	0.9876888265546895	
0.6656250000000001	0.8627335018544078	
0.6718750000000000	0.8526391180772346	
0.6781250000000001	0.8422160200055770	
0.6843750000000000	0.8314682259421546	
0.4656250000000000	0.9951853330536127	
0.4718750000000000	0.9969179679471265	
0.5281250000000000	0.9951853330536176	
0.5343750000000000	0.9930690293406120	
0.4046875000000000	0.9569406982088828	
0.4078125000000000	0.9597444108930944	
0.4109375000000001	0.9624556210779620	
0.4140625000000000	0.9650740674514054	
0.4171875000000000	0.9675994976421129	
0.4203125000000001	0.9700316682438668	
0.4234375000000000	0.9723703448390018	
0.4265625000000001	0.9746153020210004	
0.4296875000000000	0.9767663234162169	
0.4328125000000000	0.9788232017047322	
0.4359375000000000	0.9807857386403358	
0.4390625000000000	0.9826537450696329	
0.4421875000000000	0.9844270409502760	
0.4453125000000000	0.9861054553683175	
0.4484375000000000	0.9876888265546824	
0.6015625000000001	0.9479771602635511	
0.6046875000000000	0.9448062286186241	
0.6078125000000001	0.9415442342347691	
0.6109375000000000	0.9381914915097938	
0.6140625000000001	0.9347483235880207	
0.6171875000000001	0.9312150623291403	
0.6203125000000002	0.9275920482762268	
0.6234375000000001	0.9238796306229154	
0.5703125000000001	0.9746151704269339	
0.5734375000000000	0.9723702132449354	
0.5765625000000001	0.9700315366498007	
0.5796875000000000	0.9675993660480472	
0.5828125000000001	0.9650739358573399	
0.5859375000000001	0.9624554894838968	
0.5890625000000002	0.9597442792990294	
0.5921875000000001	0.9569405666148183	
0.5953125000000001	0.9540446216589271	
0.5984375000000001	0.9510567235485585	
0.2992187500000000	0.8090171996157640	
0.3007812500000001	0.8118927281243161	
0.3023437500000000	0.8147486935226553	
0.3039062500000000	0.8175850269943936	
0.3054687500000000	0.8204016601961889	
0.3070312500000000	0.8231985252593894	
0.3085937500000001	0.8259755547916705	
0.3101562500000001	0.8287326818786573	
0.3117187500000000	0.8314698400855378	
0.3132812500000001	0.8341869634586636	
0.3148437500000000	0.8368839865271389	
0.3164062500000001	0.8395608443043978	
0.3179687500000001	0.8422174722897711	
0.3195312500000001	0.8448538064700388	
0.3210937500000001	0.8474697833209750	
0.3226562500000001	0.8500653398088767	
0.3242187500000001	0.8526404133920824	
0.3257812500000001	0.8551949420224810	
0.3273437500000000	0.8577288641470047	
0.3289062500000001	0.8602421187091138	
0.3304687500000000	0.8627346451502673	
0.3320312500000001	0.8652063834113819	
0.3335937500000000	0.8676572739342789	
0.3351562500000000	0.8700872576631205	
0.3367187500000000	0.8724962760458312	
0.3382812500000000	0.8748842710355103	
0.3398437500000000	0.8772511850918290	
0.3414062500000000	0.8795969611824181	
0.3429687500000000	0.8819215427842417	
0.3445312500000000	0.8842248738849592	
0.3460937500000000	0.8865068989842748	
0.3476562500000001	0.8887675630952752	
0.3492187500000000	0.8910068117457539	
0.3507812500000000	0.8932245909795247	
0.3523437500000000	0.8954208473577212	
0.3539062500000000	0.8975955279600840	
0.3554687500000001	0.8997485803862368	
0.3570312500000001	0.9018799527569490	
0.3585937500000000	0.9039895937153843	
0.3601562500000001	0.9060774524283404	
0.3617187500000000	0.9081434785874720	
0.3632812500000001	0.9101876224105039	
0.3648437500000000	0.9122098346424303	
0.3664062500000000	0.9142100665567017	
0.3679687500000000	0.9161882699563988	
0.3695312500000000	0.9181443971753949	
0.3710937500000000	0.9200784010795021	
0.3726562500000000	0.9219902350676097	
0.3742187500000000	0.9238798530728054	
0.3757812500000000	0.9257472095634859	
0.3773437500000000	0.9275922595444535	
0.3789062500000000	0.9294149585580014	
0.3804687500000000	0.9312152626849839	
0.3820312500000000	0.9329931285458750	
0.3835937500000000	0.9347485133018134	
0.3851562500000000	0.9364813746556353	
0.3867187500000000	0.9381916708528933	
0.3882812500000000	0.9398793606828622	
0.3898437500000000	0.9415444034795326	
0.3914062500000000	0.9431867591225902	
0.3929687500000000	0.9448063880383828	
0.3945312500000001	0.9464032512008735	
0.3960937500000000	0.9479773101325821	
0.3976562500000000	0.9495285269055111	
0.3992187500000000	0.9510568641420603	
0.4007812500000000	0.9525622850159261	
0.4023437500000000	0.9540447532529914	
0.0003906250000000	0.0024543674124992	
0.0011718750000000	0.0049087200400720	
0.0019531250000000	0.0073630430978813	
0.0027343750000000	0.0098173218012679	
0.0035156250000000	0.0122715413658400	
0.0042968750000000	0.0147256870075618	
0.0050781250000000	0.0171797439428430	
0.0058593750000000	0.0196336973886275	
0.0066406250000000	0.0220875325624827	
0.0074218750000000	0.0245412346826886	
0.0082031250000000	0.0269947889683264	
0.0089843750000000	0.0294481806393682	
0.0097656250000000	0.0319013949167653	
0.0105468750000000	0.0343544170225379	
0.0113281250000000	0.0368072321798637	
0.0121093750000000	0.0392598256131671	
0.0128906250000000	0.0417121825482080	
0.0136718750000000	0.0441642882121712	
0.0144531250000000	0.0466161278337550	
0.0152343750000000	0.0490676866432602	
0.0160156250000000	0.0515189498726794	
0.0167968750000000	0.0539699027557856	
0.0175781250000000	0.0564205305282214	
0.0183593750000000	0.0588708184275879	
0.0191406250000000	0.0613207516935333	
0.0199218750000000	0.0637703155678424	
0.0207031250000000	0.0662194952945250	
0.0214843750000000	0.0686682761199051	
0.0222656250000000	0.0711166432927095	
0.0230468750000000	0.0735645820641569	
0.0238281250000000	0.0760120776880466	
0.0246093750000000	0.0784591154208476	
0.0253906250000000	0.0809056805217869	
0.0261718750000000	0.0833517582529388	
0.0269531250000000	0.0857973338793133	
0.0277343750000000	0.0882423926689454	
0.0285156250000000	0.0906869198929830	
0.0292968750000000	0.0931309008257766	
0.0300781250000000	0.0955743207449670	
0.0308593750000000	0.0980171649315750	
0.0316406250000000	0.1004594186700891	
0.0324218750000000	0.1029010672485554	
0.0332031250000000	0.1053420959586643	
0.0339843750000000	0.1077824900958411	
0.0347656250000000	0.1102222349593333	
0.0355468750000000	0.1126613158523002	
0.0363281250000000	0.1150997180818999	
0.0371093750000000	0.1175374269593793	
0.0378906250000000	0.1199744278001617	
0.0386718750000000	0.1224107059239362	
0.0394531250000000	0.1248462466547447	
0.0402343750000000	0.1272810353210714	
0.0410156250000000	0.1297150572559307	
0.0417968750000000	0.1321482977969564	
0.0425781250000000	0.1345807422864889	
0.0433593750000000	0.1370123760716635	
0.0441406250000000	0.1394431845044997	
0.0449218750000000	0.1418731529419890	
0.0457031250000000	0.1443022667461827	
0.0464843750000000	0.1467305112842801	
0.0472656250000000	0.1491578719287169	
0.0480468750000000	0.1515843340572542	
0.0488281250000000	0.1540098830530649	
0.0496093750000000	0.1564345043048223	
0.0503906250000000	0.1588581832067888	
0.0511718750000000	0.1612809051589039	
0.0519531250000000	0.1637026555668708	
0.0527343750000000	0.1661234198422457	
0.0535156250000000	0.1685431834025247	
0.0542968750000000	0.1709619316712332	
0.0550781250000000	0.1733796500780116	
0.0558593750000000	0.1757963240587047	
0.0566406250000000	0.1782119390554480	
0.0574218750000000	0.1806264805167575	
0.0582031250000000	0.1830399338976154	
0.0589843750000000	0.1854522846595582	
0.0597656250000000	0.1878635182707647	
0.0605468750000000	0.1902736202061437	
0.0613281250000000	0.1926825759474209	
0.0621093750000000	0.1950903709832263	
0.0628906250000000	0.1974969908091819	
0.0636718750000000	0.1999024209279896	
0.0644531250000000	0.2023066468495180	
0.0652343750000000	0.2047096540908889	
0.0660156250000000	0.2071114281765657	
0.0667968750000000	0.2095119546384409	
0.0675781250000000	0.2119112190159219	
0.0683593750000000	0.2143092068560190	
0.0691406250000000	0.2167059037134318	
0.0699218750000000	0.2191012951506376	
0.0707031250000000	0.2214953667379770	
0.0714843750000000	0.2238881040537410	
0.0722656250000000	0.2262794926842583	
0.0730468750000000	0.2286695182239826	
0.0738281250000000	0.2310581662755778	
0.0746093750000000	0.2334454224500063	
0.0753906250000000	0.2358312723666147	
0.0761718750000000	0.2382157016532211	
0.0769531250000000	0.2405986959462015	
0.0777343750000000	0.2429802408905757	
0.0785156250000000	0.2453603221400942	
0.0792968750000000	0.2477389253573256	
0.0800781250000000	0.2501160362137412	
0.0808593750000000	0.2524916403898025	
0.0816406250000000	0.2548657235750467	
0.0824218750000000	0.2572382714681742	
0.0832031250000000	0.2596092697771332	
0.0839843750000000	0.2619787042192067	
0.0847656250000000	0.2643465605210978	
0.0855468750000000	0.2667128244190172	
0.0863281250000000	0.2690774816587678	
0.0871093750000000	0.2714405179958304	
0.0878906250000000	0.2738019191954498	
0.0886718750000000	0.2761616710327219	
0.0894531250000000	0.2785197592926775	
0.0902343750000000	0.2808761697703684	
0.0910156250000000	0.2832308882709536	
0.0917968750000000	0.2855839006097847	
0.0925781250000000	0.2879351926124908	
0.0933593750000000	0.2902847501150642	
0.0941406250000000	0.2926325589639451	
0.0949218750000000	0.2949786050161083	
0.0957031250000000	0.2973228741391483	
0.0964843750000000	0.2996653522113615	
0.0972656250000000	0.3020060251218345	
0.0980468750000000	0.3043448787705290	
0.0988281250000000	0.3066818990683647	
0.0996093750000000	0.3090170719373059	
0.1003906250000000	0.3113503833104446	
0.1011718750000000	0.3136818191320872	
0.1019531250000000	0.3160113653578391	
0.1027343750000000	0.3183390079546861	
0.1035156250000000	0.3206647329010835	
0.1042968750000000	0.3229885261870375	
0.1050781250000000	0.3253103738141911	
0.1058593750000000	0.3276302617959069	
0.1066406250000000	0.3299481761573522	
0.1074218750000000	0.3322641029355837	
0.1082031250000000	0.3345780281796327	
0.1089843750000000	0.3368899379505843	
0.1097656250000000	0.3391998183216669	
0.1105468750000000	0.3415076553783333	
0.1113281250000000	0.3438134352183461	
0.1121093750000000	0.3461171439518583	
0.1128906250000000	0.3484187677015000	
0.1136718750000000	0.3507182926024631	
0.1144531250000000	0.3530157048025792	
0.1152343750000000	0.3553109904624093	
0.1160156250000000	0.3576041357553231	
0.1167968750000000	0.3598951268675851	
0.1175781250000000	0.3621839499984363	
0.1183593750000000	0.3644705913601756	
0.1191406250000000	0.3667550371782453	
0.1199218750000000	0.3690372736913154	
0.1207031250000000	0.3713172871513633	
0.1214843750000000	0.3735950638237572	
0.1222656250000000	0.3758705899873400	
0.1230468750000000	0.3781438519345129	
0.1238281250000000	0.3804148359713154	
0.1246093750000000	0.3826835284175078	
0.1253906250000000	0.3849499156066566	
0.1261718750000000	0.3872139838862145	
0.1269531250000000	0.3894757196176027	
0.1277343750000000	0.3917351091762936	
0.1285156250000000	0.3939921389518930	
0.1292968750000000	0.3962467953482230	
0.1300781250000000	0.3984990647834002	
0.1308593750000000	0.4007489336899220	
0.1316406250000000	0.4029963885147451	
0.1324218750000000	0.4052414157193696	
0.1332031250000000	0.4074840017799201	
0.1339843750000000	0.4097241331872243	
0.1347656250000000	0.4119617964468972	
0.1355468750000000	0.4141969780794236	
0.1363281250000000	0.4164296646202344	
0.1371093750000000	0.4186598426197935	
0.1378906250000000	0.4208874986436739	
0.1386718750000000	0.4231126192726432	
0.1394531250000000	0.4253351911027389	
0.1402343750000000	0.4275552007453557	
0.1410156250000000	0.4297726348273190	
0.1417968750000000	0.4319874799909735	
0.1425781250000000	0.4341997228942559	
0.1433593750000000	0.4364093502107812	
0.1441406250000000	0.4386163486299157	
0.1449218750000000	0.4408207048568689	
0.1457031250000000	0.4430224056127621	
0.1464843750000000	0.4452214376347139	
0.1472656250000000	0.4474177876759193	
0.1480468750000000	0.4496114425057304	
0.1488281250000000	0.4518023889097326	
0.1496093750000000	0.4539906136898295	
0.1503906250000000	0.4561761036643169	
0.1511718750000000	0.4583588456679674	
0.1519531250000000	0.4605388265521047	
0.1527343750000000	0.4627160331846871	
0.1535156250000000	0.4648904524503839	
0.1542968750000000	0.4670620712506557	
0.1550781250000000	0.4692308765038335	
0.1558593750000000	0.4713968551451951	
0.1566406250000000	0.4735599941270466	
0.1574218750000000	0.4757202804188005	
0.1582031250000000	0.4778777010070538	
0.1589843750000000	0.4800322428956650	
0.1597656250000000	0.4821838931058344	
0.1605468750000000	0.4843326386761807	
0.1613281250000000	0.4864784666628234	
0.1621093750000000	0.4886213641394525	
0.1628906250000000	0.4907613181974130	
0.1636718750000000	0.4928983159457835	
0.1644531250000000	0.4950323445114465	
0.1652343750000000	0.4971633910391750	
0.1660156250000000	0.4992914426917016	
0.1667968750000000	0.5014164866498028	
0.1675781250000000	0.5035385101123738	
0.1683593750000000	0.5056575002965011	
0.1691406250000000	0.5077734444375460	
0.1699218750000000	0.5098863297892205	
0.1707031250000000	0.5119961436236591	
0.1714843750000000	0.5141028732315015	
0.1722656250000000	0.5162065059219637	
0.1730468750000000	0.5183070290229234	
0.1738281250000000	0.5204044298809821	
0.1746093750000000	0.5224986958615551	
0.1753906250000000	0.5245898143489389	
0.1761718750000000	0.5266777727463940	
0.1769531250000000	0.5287625584762125	
0.1777343750000000	0.5308441589798016	
0.1785156250000000	0.5329225617177550	
0.1792968750000000	0.5349977541699292	
0.1800781250000000	0.5370697238355200	
0.1808593750000000	0.5391384582331367	
0.1816406250000000	0.5412039449008773	
0.1824218750000000	0.5432661713964029	
0.1832031250000000	0.5453251252970176	
0.1839843750000000	0.5473807941997344	
0.1847656250000000	0.5494331657213579	
0.1855468750000000	0.5514822274985547	
0.1863281250000000	0.5535279671879300	
0.1871093750000000	0.5555703724661002	
0.1878906250000000	0.5576094310297672	
0.1886718750000000	0.5596451305957953	
0.1894531250000000	0.5616774589012825	
0.1902343750000000	0.5637064037036335	
0.1910156250000000	0.5657319527806365	
0.1917968750000000	0.5677540939305344	
0.1925781250000000	0.5697728149721021	
0.1933593750000000	0.5717881037447128	
0.1941406250000000	0.5737999481084144	
0.1949218750000000	0.5758083359440108	
0.1957031250000000	0.5778132551531218	
0.1964843750000000	0.5798146936582630	
0.1972656250000000	0.5818126394029192	
0.1980468750000000	0.5838070803516128	
0.1988281250000000	0.5857980044899815	
0.1996093750000000	0.5877853998248457	
0.2003906250000000	0.5897692543842854	
0.2011718750000000	0.5917495562177072	
0.2019531250000000	0.5937262933959211	
0.2027343750000000	0.5956994540112099	
0.2035156250000000	0.5976690261774015	
0.2042968750000000	0.5996349980299385	
0.2050781250000000	0.6015973577259551	
0.2058593750000000	0.6035560934443419	
0.2066406250000000	0.6055111933858193	
0.2074218750000000	0.6074626457730135	
0.2082031250000000	0.6094104388505197	
0.2089843750000000	0.6113545608849779	
0.2097656250000000	0.6132950001651429	
0.2105468750000000	0.6152317450019499	
0.2113281250000000	0.6171647837285955	
0.2121093750000000	0.6190941047005978	
0.2128906250000000	0.6210196962958707	
0.2136718750000000	0.6229415469147942	
0.2144531250000000	0.6248596449802835	
0.2152343750000000	0.6267739789378587	
0.2160156250000000	0.6286845372557149	
0.2167968750000000	0.6305913084247899	
0.2175781250000000	0.6324942809588402	
0.2183593750000000	0.6343934433944982	
0.2191406250000000	0.6362887842913497	
0.2199218750000000	0.6381802922320046	
0.2207031250000000	0.6400679558221604	
0.2214843750000000	0.6419517636906710	
0.2222656250000000	0.6438317044896169	
0.2230468750000000	0.6457077668943808	
0.2238281250000000	0.6475799396036952	
0.2246093750000000	0.6494482113397373	
0.2253906250000000	0.6513125708481728	
0.2261718750000000	0.6531730068982442	
0.2269531250000000	0.6550295082828158	
0.2277343750000000	0.6568820638184695	
0.2285156250000000	0.6587306623455440	
0.2292968750000000	0.6605752927282229	
0.2300781250000000	0.6624159438545862	
0.2308593750000000	0.6642526046366934	
0.2316406250000000	0.6660852640106341	
0.2324218750000000	0.6679139109366053	
0.2332031250000000	0.6697385343989727	
0.2339843750000000	0.6715591234063442	
0.2347656250000000	0.6733756669916243	
0.2355468750000000	0.6751881542120928	
0.2363281250000000	0.6769965741494575	
0.2371093750000000	0.6788009159099370	
0.2378906250000000	0.6806011686243048	
0.2386718750000000	0.6823973214479787	
0.2394531250000000	0.6841893635610622	
0.2402343750000000	0.6859772841684346	
0.2410156250000000	0.6877610724997878	
0.2417968750000000	0.6895407178097183	
0.2425781250000000	0.6913162093777747	
0.2433593750000000	0.6930875365085304	
0.2441406250000000	0.6948546885316369	
0.2449218750000000	0.6966176548019068	
0.2457031250000000	0.6983764246993602	
0.2464843750000000	0.7001309876293025	
0.2472656250000000	0.7018813330223715	
0.2480468750000000	0.7036274503346226	
0.2488281250000000	0.7053693290475727	
0.2496093750000000	0.7071069586682736	
0.2503906250000000	0.7088403287293747	
0.2511718750000000	0.7105694287891856	
0.2519531250000000	0.7122942484317334	
0.2527343750000000	0.7140147772668363	
0.2535156250000000	0.7157310049301546	
0.2542968750000000	0.7174429210832611	
0.2550781249999999	0.7191505154137015	
0.2558593750000000	0.7208537776350563	
0.2566406250000000	0.7225526974869955	
0.2574218750000000	0.7242472647353586	
0.2582031250000000	0.7259374691721940	
0.2589843750000000	0.7276233006158408	
0.2597656250000000	0.7293047489109735	
0.2605468750000001	0.7309818039286726	
0.2613281250000000	0.7326544555664842	
0.2621093750000000	0.7343226937484786	
0.2628906250000000	0.7359865084253167	
0.2636718750000000	0.7376458895742986	
0.2644531250000000	0.7393008271994390	
0.2652343750000000	0.7409513113315163	
0.2660156250000000	0.7425973320281364	
0.2667968750000000	0.7442388793737919	
0.2675781250000000	0.7458759434799296	
0.2683593750000001	0.7475085144849923	
0.2691406250000000	0.7491365825544940	
0.2699218750000001	0.7507601378810779	
0.2707031250000000	0.7523791706845641	
0.2714843750000000	0.7539936712120194	
0.2722656250000001	0.7556036297378137	
0.2730468750000000	0.7572090365636821	
0.2738281250000000	0.7588098820187661	
0.2746093750000000	0.7604061564596953	
0.2753906250000000	0.7619978502706304	
0.2761718750000001	0.7635849538633319	
0.2769531250000000	0.7651674576771956	
0.2777343750000000	0.7667453521793450	
0.2785156250000000	0.7683186278646582	
0.2792968750000000	0.7698872752558414	
0.2800781250000000	0.7714512849034774	
0.2808593750000000	0.7730106473860905	
0.2816406250000000	0.7745653533101983	
0.2824218750000000	0.7761153933103639	
0.2832031250000000	0.7776607580492657	
0.2839843750000001	0.7792014382177398	
0.2847656250000000	0.7807374245348464	
0.2855468750000001	0.7822687077479163	
0.2863281250000000	0.7837952786326130	
0.2871093750000000	0.7853171279929893	
0.2878906250000001	0.7868342466615359	
0.2886718750000000	0.7883466254992459	
0.2894531250000000	0.7898542553956571	
0.2902343750000000	0.7913571272689260	
0.2910156250000000	0.7928552320658583	
0.2917968750000001	0.7943485607619873	
0.2925781250000000	0.7958371043616093	
0.2933593750000001	0.7973208538978519	
0.2941406250000000	0.7987998004327124	
0.2949218750000001	0.8002739350571328	
0.2957031250000001	0.8017432488910329	
0.2964843750000000	0.8032077330833777	
0.2972656250000001	0.8046673788122221	
0.2980468750000000	0.8061221772847692	
