0.7750000000000000	0.0026823280871381	
0.8250000000000001	0.0003437969679402	
0.8750000000000000	0.0000273111965659	
0.9250000000000000	0.0000013324624582	
0.9750000000000000	0.0000000390574470	
0.4875000000000000	0.1699203417764056	
0.5125000000000000	0.1628687679840598	
0.7125000000000001	0.0135083373408814	
0.7375000000000000	0.0064567635485360	
0.6562500000000001	0.0420597754701382	
0.6687500000000001	0.0329502338461445	
0.6812500000000000	0.0251584299841491	
0.6937500000000001	0.0186987976994044	
0.4687500000000000	0.1721527309590613	
0.5312500000000000	0.1512426882807080	
0.5437500000000001	0.1434508844187123	
0.4218750000000001	0.1758225272677003	
0.4281250000000000	0.1755607523137577	
0.4343750000000000	0.1752349681198667	
0.4406250000000000	0.1748326783376440	
0.4468750000000000	0.1743397825930683	
0.6031250000000001	0.0882005591324282	
0.6093750000000000	0.0819566596687908	
0.6156250000000001	0.0757613506162763	
0.6218750000000002	0.0696620909279283	
0.6281250000000000	0.0637041204380841	
0.6343750000000001	0.0579294574292978	
0.6406250000000002	0.0523760182863094	
0.6468750000000001	0.0470768896370158	
0.5531250000000001	0.1343413427947184	
0.5593750000000000	0.1293242286278407	
0.5656250000000000	0.1240250999785470	
0.5718750000000001	0.1184716608355586	
0.5781250000000000	0.1126969978267723	
0.5843750000000001	0.1067390273369281	
0.5906250000000002	0.1006397676485801	
0.5968750000000000	0.0944444585960656	
0.4531250000000000	0.1737405737559850	
0.4593750000000000	0.1730177899309747	
0.3359375000000000	0.1767256857519076	
0.3390625000000000	0.1767227578409893	
0.3421875000000000	0.1767193079188187	
0.3453125000000000	0.1767152508487848	
0.3484375000000001	0.1767104890890289	
0.3515625000000000	0.1767049111440704	
0.3546875000000000	0.1766983898657277	
0.3578125000000001	0.1766907805953039	
0.3609375000000000	0.1766819191396464	
0.3640625000000001	0.1766716195745412	
0.3671875000000000	0.1766596718699973	
0.3703125000000000	0.1766458393333307	
0.3734375000000000	0.1766298558675927	
0.3765625000000000	0.1766114230448245	
0.3796875000000000	0.1765902069958676	
0.3828125000000000	0.1765658351210380	
0.3859375000000000	0.1765378926288823	
0.3890625000000000	0.1765059189134815	
0.3921875000000000	0.1764694037843469	
0.3953125000000001	0.1764277835668577	
0.3984375000000000	0.1763804370953943	
0.4015625000000000	0.1763266816258096	
0.4046875000000000	0.1762657686986058	
0.4078125000000000	0.1761968799891142	
0.4109375000000001	0.1761191231860425	
0.4140625000000000	0.1760315279449056	
0.4171875000000000	0.1759330419680055	
0.0414062500000000	0.1767409511778889	
0.0429687500000000	0.1767409511700820	
0.0445312500000000	0.1767409511627357	
0.0460937500000000	0.1767409511558231	
0.0476562500000000	0.1767409511493184	
0.0492187500000000	0.1767409511431978	
0.0507812500000000	0.1767409511374387	
0.0523437500000000	0.1767409511320198	
0.0539062500000000	0.1767409511269210	
0.0554687500000000	0.1767409511221235	
0.0570312500000000	0.1767409511176095	
0.0585937500000000	0.1767409511133623	
0.0601562500000000	0.1767409511093662	
0.0617187500000000	0.1767409511056064	
0.0632812500000000	0.1767409511020690	
0.0648437500000000	0.1767409510987407	
0.0664062500000000	0.1767409510956093	
0.0679687500000000	0.1767409510926631	
0.0695312500000000	0.1767409510898912	
0.0710937500000000	0.1767409510872832	
0.0726562500000000	0.1767409510848295	
0.0742187500000000	0.1767409510825209	
0.0757812500000000	0.1767409510803487	
0.0773437500000000	0.1767409510783048	
0.0789062500000000	0.1767409510763817	
0.0804687500000000	0.1767409510745721	
0.0820312500000000	0.1767409510728691	
0.0835937500000000	0.1767409510712665	
0.0851562500000000	0.1767409510697581	
0.0867187500000000	0.1767409510683383	
0.0882812500000000	0.1767409510670016	
0.0898437500000000	0.1767409510657428	
0.0914062500000000	0.1767409510645573	
0.0929687500000000	0.1767409510634404	
0.0945312500000000	0.1767409510623877	
0.0960937500000000	0.1767409510613949	
0.0976562500000000	0.1767409510604583	
0.0992187500000000	0.1767409510595740	
0.1007812500000000	0.1767409510587383	
0.1023437500000000	0.1767409510579477	
0.1039062500000000	0.1767409510571987	
0.1054687500000000	0.1767409510564880	
0.1070312500000000	0.1767409510558123	
0.1085937500000000	0.1767409510551683	
0.1101562500000000	0.1767409510545527	
0.1117187500000000	0.1767409510539624	
0.1132812500000000	0.1767409510533939	
0.1148437500000000	0.1767409510528437	
0.1164062500000000	0.1767409510523082	
0.1179687500000000	0.1767409510517838	
0.1195312500000000	0.1767409510512664	
0.1210937500000000	0.1767409510507516	
0.1226562500000000	0.1767409510502349	
0.1242187500000000	0.1767409510497112	
0.1257812500000000	0.1767409510491749	
0.1273437500000000	0.1767409510486201	
0.1289062500000000	0.1767409510480397	
0.1304687500000000	0.1767409510474261	
0.1320312500000000	0.1767409510467708	
0.1335937500000000	0.1767409510460641	
0.1351562500000000	0.1767409510452950	
0.1367187500000000	0.1767409510444512	
0.1382812500000000	0.1767409510435185	
0.1398437500000000	0.1767409510424811	
0.1414062500000000	0.1767409510413206	
0.1429687500000000	0.1767409510400164	
0.1445312500000000	0.1767409510385447	
0.1460937500000000	0.1767409510368786	
0.1476562500000000	0.1767409510349874	
0.1492187500000000	0.1767409510328358	
0.1507812500000000	0.1767409510303838	
0.1523437500000000	0.1767409510275856	
0.1539062500000000	0.1767409510243891	
0.1554687500000000	0.1767409510207347	
0.1570312500000000	0.1767409510165547	
0.1585937500000000	0.1767409510117713	
0.1601562500000001	0.1767409510062967	
0.1617187500000000	0.1767409510000302	
0.1632812500000000	0.1767409509928575	
0.1648437500000000	0.1767409509846484	
0.1664062500000000	0.1767409509752546	
0.1679687500000000	0.1767409509645078	
0.1695312500000000	0.1767409509522163	
0.1710937500000000	0.1767409509381628	
0.1726562500000000	0.1767409509221000	
0.1742187500000000	0.1767409509037477	
0.1757812500000000	0.1767409508827876	
0.1773437500000000	0.1767409508588590	
0.1789062500000000	0.1767409508315531	
0.1804687500000000	0.1767409508004069	
0.1820312500000000	0.1767409507648958	
0.1835937500000000	0.1767409507244267	
0.1851562500000000	0.1767409506783285	
0.1867187500000000	0.1767409506258425	
0.1882812500000000	0.1767409505661117	
0.1898437500000000	0.1767409504981679	
0.1914062500000000	0.1767409504209188	
0.1929687500000000	0.1767409503331318	
0.1945312500000000	0.1767409502334171	
0.1960937500000000	0.1767409501202086	
0.1976562500000000	0.1767409499917423	
0.1992187500000000	0.1767409498460321	
0.2007812500000000	0.1767409496808436	
0.2023437500000000	0.1767409494936634	
0.2039062500000000	0.1767409492816669	
0.2054687500000000	0.1767409490416806	
0.2070312500000000	0.1767409487701410	
0.2085937500000000	0.1767409484630491	
0.2101562500000000	0.1767409481159192	
0.2117187500000000	0.1767409477237222	
0.2132812500000000	0.1767409472808232	
0.2148437500000000	0.1767409467809112	
0.2164062500000000	0.1767409462169224	
0.2179687500000000	0.1767409455809539	
0.2195312500000000	0.1767409448641689	
0.2210937500000000	0.1767409440566917	
0.2226562500000000	0.1767409431474912	
0.2242187500000000	0.1767409421242521	
0.2257812500000000	0.1767409409732327	
0.2273437500000000	0.1767409396791079	
0.2289062500000000	0.1767409382247955	
0.2304687500000000	0.1767409365912652	
0.2320312500000000	0.1767409347573270	
0.2335937500000000	0.1767409326993990	
0.2351562500000000	0.1767409303912511	
0.2367187500000000	0.1767409278037232	
0.2382812500000000	0.1767409249044148	
0.2398437500000000	0.1767409216573440	
0.2414062500000000	0.1767409180225730	
0.2429687500000000	0.1767409139557966	
0.2445312500000000	0.1767409094078905	
0.2460937500000000	0.1767409043244161	
0.2476562500000000	0.1767408986450779	
0.2492187500000000	0.1767408923031284	
0.2507812500000000	0.1767408852247175	
0.2523437500000000	0.1767408773281799	
0.2539062500000000	0.1767408685232564	
0.2554687500000000	0.1767408587102423	
0.2570312500000000	0.1767408477790586	
0.2585937500000000	0.1767408356082367	
0.2601562500000000	0.1767408220638118	
0.2617187500000000	0.1767408069981167	
0.2632812500000000	0.1767407902484672	
0.2648437500000000	0.1767407716357314	
0.2664062500000000	0.1767407509627722	
0.2679687500000000	0.1767407280127547	
0.2695312500000001	0.1767407025473054	
0.2710937500000000	0.1767406743045148	
0.2726562500000000	0.1767406429967682	
0.2742187500000000	0.1767406083083932	
0.2757812500000000	0.1767405698931094	
0.2773437500000000	0.1767405273712666	
0.2789062500000000	0.1767404803268538	
0.2804687500000000	0.1767404283042640	
0.2820312500000000	0.1767403708047959	
0.2835937500000000	0.1767403072828741	
0.2851562500000001	0.1767402371419678	
0.2867187500000000	0.1767401597301870	
0.2882812500000000	0.1767400743355323	
0.2898437500000000	0.1767399801807776	
0.2914062500000000	0.1767398764179570	
0.2929687500000001	0.1767397621224330	
0.2945312500000001	0.1767396362865155	
0.2960937500000000	0.1767394978126043	
0.2976562500000001	0.1767393455058232	
0.2992187500000000	0.1767391780661133	
0.3007812500000001	0.1767389940797528	
0.3023437500000000	0.1767387920102672	
0.3039062500000000	0.1767385701886915	
0.3054687500000000	0.1767383268031485	
0.3070312500000000	0.1767380598876993	
0.3085937500000001	0.1767377673104261	
0.3101562500000001	0.1767374467607027	
0.3117187500000000	0.1767370957356067	
0.3132812500000001	0.1767367115254251	
0.3148437500000000	0.1767362911982062	
0.3164062500000001	0.1767358315833041	
0.3179687500000001	0.1767353292538653	
0.3195312500000001	0.1767347805082011	
0.3210937500000001	0.1767341813499903	
0.3226562500000001	0.1767335274672549	
0.3242187500000001	0.1767328142100481	
0.3257812500000001	0.1767320365667949	
0.3273437500000000	0.1767311891392224	
0.3289062500000001	0.1767302661158151	
0.3304687500000000	0.1767292612437322	
0.3320312500000001	0.1767281677991189	
0.3335937500000000	0.1767269785557458	
0.0003906250000000	0.1767409516723626	
0.0011718750000000	0.1767409516539256	
0.0019531250000000	0.1767409516360293	
0.0027343750000000	0.1767409516186576	
0.0035156250000000	0.1767409516017958	
0.0042968750000000	0.1767409515854285	
0.0050781250000000	0.1767409515695412	
0.0058593750000000	0.1767409515541202	
0.0066406250000000	0.1767409515391521	
0.0074218750000000	0.1767409515246227	
0.0082031250000000	0.1767409515105200	
0.0089843750000000	0.1767409514968315	
0.0097656250000000	0.1767409514835449	
0.0105468750000000	0.1767409514706479	
0.0113281250000000	0.1767409514581303	
0.0121093750000000	0.1767409514459802	
0.0128906250000000	0.1767409514341866	
0.0136718750000000	0.1767409514227405	
0.0144531250000000	0.1767409514116295	
0.0152343750000000	0.1767409514008457	
0.0160156250000000	0.1767409513903786	
0.0167968750000000	0.1767409513802192	
0.0175781250000000	0.1767409513703588	
0.0183593750000000	0.1767409513607880	
0.0191406250000000	0.1767409513514983	
0.0199218750000000	0.1767409513424824	
0.0207031250000000	0.1767409513337313	
0.0214843750000000	0.1767409513252373	
0.0222656250000000	0.1767409513169940	
0.0230468750000000	0.1767409513089926	
0.0238281250000000	0.1767409513012267	
0.0246093750000000	0.1767409512936897	
0.0253906250000000	0.1767409512863742	
0.0261718750000000	0.1767409512792741	
0.0269531250000000	0.1767409512723828	
0.0277343750000000	0.1767409512656950	
0.0285156250000000	0.1767409512592034	
0.0292968750000000	0.1767409512529034	
0.0300781250000000	0.1767409512467887	
0.0308593750000000	0.1767409512408544	
0.0316406250000000	0.1767409512350951	
0.0324218750000000	0.1767409512295048	
0.0332031250000000	0.1767409512240796	
0.0339843750000000	0.1767409512188142	
0.0347656250000000	0.1767409512137040	
0.0355468750000000	0.1767409512087444	
0.0363281250000000	0.1767409512039309	
0.0371093750000000	0.1767409511992595	
0.0378906250000000	0.1767409511947257	
0.0386718750000000	0.1767409511903257	
0.0394531250000000	0.1767409511860554	
0.0402343750000000	0.1767409511819110	
