0.4250000000000000	0.9877893173843515	
0.4750000000000000	1.0001136433216473	
0.5250000000000000	0.9877893173843530	
0.5750000000000001	0.9511198053791451	
0.6250000000000001	0.8910080323907822	
0.6750000000000000	0.8089341497701796	
0.7250000000000001	0.7069190888974155	
0.7750000000000000	0.5874747991514906	
0.8250000000000001	0.4535423954096680	
0.8750000000000000	0.3084197381430328	
0.9250000000000000	0.1556802294760168	
0.9750000000000000	-0.0009151749035687	
0.3625000000000000	0.9239358352842162	
0.3875000000000000	0.9511198053791357	
0.0687500000000000	0.2334509624080221	
0.0812500000000000	0.2714484899102614	
0.0937500000000000	0.3090274490185121	
0.1062500000000000	0.3461298957016066	
0.1187500000000000	0.3826986206759986	
0.1312500000000000	0.4186772376183316	
0.1437500000000000	0.4540102701090627	
0.1562500000000000	0.4886432371730804	
0.1687500000000000	0.5225227372854198	
0.1812500000000000	0.5555965307125423	
0.1937500000000000	0.5878136200622202	
0.2062500000000000	0.6191243289178170	
0.2187500000000000	0.6494803784357230	
0.2312500000000000	0.6788349617878323	
0.2437500000000000	0.7071428163342783	
0.2562500000000000	0.7343602934151447	
0.2687500000000000	0.7604454256535347	
0.2812500000000000	0.7853579916662248	
0.2937500000000001	0.8090595780821224	
0.3062500000000000	0.8315136387728996	
0.3187500000000001	0.8526855512044738	
0.3312500000000000	0.8725426698224461	
0.3437500000000000	0.8910543763891807	
0.0031250000000000	0.0196340078560653	
0.0093750000000000	0.0392604464283517	
0.0156250000000000	0.0588717493511832	
0.0218750000000000	0.0784603560939648	
0.0281250000000000	0.0980187148759110	
0.0343750000000000	0.1175392855774010	
0.0406250000000000	0.1370145426468383	
0.0468750000000000	0.1564369780018943	
0.0531250000000000	0.1757991039240164	
0.0593750000000000	0.1950934559450869	
