0.8250000000000001	0.5000000000000000	0.0000013331857672	
0.8750000000000000	0.5000000000000000	0.0000000397807561	
0.9250000000000000	0.5000000000000000	0.0000000007233091	
0.9750000000000000	0.5000000000000000	0.0000000000079470	
0.7625000000000000	0.5000000000000000	0.0000331953348276	
0.7875000000000001	0.5000000000000000	0.0000077633887372	
0.7312500000000000	0.5000000000000000	0.0001255406284559	
0.7437500000000000	0.5000000000000000	0.0000660494718347	
0.0062500000000000	0.5000000000000000	0.1772379783544637	
0.0187500000000000	0.5000000000000000	0.1772379773338053	
0.0312500000000000	0.5000000000000000	0.1772379768211565	
0.0437500000000000	0.5000000000000000	0.1772379765709026	
0.0562500000000000	0.5000000000000000	0.1772379764453564	
0.0687500000000000	0.5000000000000000	0.1772379763596861	
0.0812500000000000	0.5000000000000000	0.1772379762335434	
0.0937500000000000	0.5000000000000000	0.1772379759218736	
0.1062500000000000	0.5000000000000000	0.1772379750686905	
0.1187500000000000	0.5000000000000000	0.1772379727572933	
0.1312500000000000	0.5000000000000000	0.1772379666703236	
0.1437500000000000	0.5000000000000000	0.1772379511276181	
0.1562500000000000	0.5000000000000000	0.1772379126593392	
0.1687500000000000	0.5000000000000000	0.1772378203788191	
0.1812500000000000	0.5000000000000000	0.1772376058202041	
0.1937500000000000	0.5000000000000000	0.1772371223049067	
0.2062500000000000	0.5000000000000000	0.1772360662104029	
0.2187500000000000	0.5000000000000000	0.1772338304583211	
0.2312500000000000	0.5000000000000000	0.1772292429929110	
0.2437500000000000	0.5000000000000000	0.1772201197285596	
0.2562500000000000	0.5000000000000000	0.1772025341762522	
0.2687500000000000	0.5000000000000000	0.1771696800392449	
0.2812500000000000	0.5000000000000000	0.1771101888826236	
0.2937500000000001	0.5000000000000000	0.1770057786511474	
0.5031250000000000	0.5000000000000000	0.0886186424449237	
0.3281250000000001	0.5000000000000000	0.1760630033278479	
0.3343750000000000	0.5000000000000000	0.1757372191339569	
0.6781250000000000	0.5000000000000000	0.0011749035358949	
0.6843750000000000	0.5000000000000000	0.0009131285819524	
0.6906250000000000	0.5000000000000000	0.0007044233923230	
0.6968750000000001	0.5000000000000000	0.0005393239983537	
0.3031250000000000	0.5000000000000000	0.1768281708645072	
0.3093750000000001	0.5000000000000000	0.1766985828653894	
0.3156250000000000	0.5000000000000000	0.1765334834714200	
0.3218750000000001	0.5000000000000000	0.1763247782817905	
0.4906250000000000	0.5000000000000000	0.1010578509610757	
0.4968750000000000	0.5000000000000000	0.0948625419085611	
0.7031250000000000	0.5000000000000000	0.0004097359992360	
0.7093750000000001	0.5000000000000000	0.0003088127640464	
0.7156250000000002	0.5000000000000000	0.0002308253324575	
0.7218750000000000	0.5000000000000000	0.0001710302944991	
0.4015625000000000	0.5000000000000000	0.1633070754808240	
0.4046875000000000	0.5000000000000000	0.1621212488115593	
0.4109375000000001	0.5000000000000000	0.1595254815493986	
0.4484375000000000	0.5000000000000000	0.1371483551922040	
0.4515625000000000	0.5000000000000000	0.1347529194740514	
0.4546875000000000	0.5000000000000000	0.1322814444637596	
0.4578125000000001	0.5000000000000000	0.1297364918828753	
0.4609375000000000	0.5000000000000000	0.1271209906176665	
0.5328125000000000	0.5000000000000000	0.0583529446086706	
0.5359375000000001	0.5000000000000000	0.0555469213583862	
0.5390625000000001	0.5000000000000000	0.0528005407770078	
0.5421875000000000	0.5000000000000000	0.0501177800332747	
0.5453125000000001	0.5000000000000000	0.0475022787680660	
0.6015625000000001	0.5000000000000000	0.0139316624020806	
0.6046875000000000	0.5000000000000000	0.0128176813387407	
0.6078125000000001	0.5000000000000000	0.0117732349039764	
0.6109375000000000	0.5000000000000000	0.0107958934859059	
0.6203125000000002	0.5000000000000000	0.0082408658978741	
0.6234375000000001	0.5000000000000000	0.0075060060509704	
0.3890625000000000	0.5000000000000000	0.1673556077698059	
0.3921875000000000	0.5000000000000000	0.1664428443969987	
0.5265625000000000	0.5000000000000000	0.0641264209461800	
0.5296875000000000	0.5000000000000000	0.0612143117085205	
0.6140625000000001	0.5000000000000000	0.0098831301130988	
0.6171875000000001	0.5000000000000000	0.0090323410983708	
0.3765625000000000	0.5000000000000000	0.1704136947970262	
0.3796875000000000	0.5000000000000000	0.1697327318319344	
0.3828125000000000	0.5000000000000000	0.1689978719850306	
0.3859375000000000	0.5000000000000000	0.1682063967845339	
0.4640625000000000	0.5000000000000000	0.1244382298739333	
0.4671875000000000	0.5000000000000000	0.1216918492925550	
0.4703125000000000	0.5000000000000000	0.1188858260422707	
0.4734375000000000	0.5000000000000000	0.1160244589424208	
0.6265625000000001	0.5000000000000000	0.0068250430858787	
0.6296875000000001	0.5000000000000000	0.0061952552957694	
0.6328125000000001	0.5000000000000000	0.0056139333095191	
0.6359375000000002	0.5000000000000000	0.0050783944004654	
0.6390625000000002	0.5000000000000000	0.0045859954949535	
0.6421875000000001	0.5000000000000000	0.0041341448600146	
0.6453125000000002	0.5000000000000000	0.0037203124659720	
0.6484375000000001	0.5000000000000000	0.0033420390349749	
0.5203125000000001	0.5000000000000000	0.0700830762055958	
0.5234375000000000	0.5000000000000000	0.0670843892314867	
0.3515625000000000	0.5000000000000000	0.1742417940826296	
0.3546875000000000	0.5000000000000000	0.1738966988479302	
0.3640625000000001	0.5000000000000000	0.1726527423879514	
0.3671875000000000	0.5000000000000000	0.1721603434824395	
0.3703125000000000	0.5000000000000000	0.1716248045733858	
0.3734375000000000	0.5000000000000000	0.1710434825871355	
0.3953125000000001	0.5000000000000000	0.1654655029789283	
0.3984375000000000	0.5000000000000000	0.1644210565441639	
0.4765625000000000	0.5000000000000000	0.1131123497047613	
0.4796874999999999	0.5000000000000000	0.1101543814194545	
0.5140625000000000	0.5000000000000000	0.0761809196898656	
0.5171875000000000	0.5000000000000000	0.0731171107528493	
0.6515625000000002	0.5000000000000000	0.0029969438002755	
0.6546875000000001	0.5000000000000000	0.0026827310134188	
0.6578125000000001	0.5000000000000000	0.0023971952473219	
0.6609375000000001	0.5000000000000000	0.0021382255524737	
0.6640625000000001	0.5000000000000000	0.0019038085311710	
0.6671875000000000	0.5000000000000000	0.0016920304008533	
0.6703125000000001	0.5000000000000000	0.0015010781222574	
0.6734374999999999	0.5000000000000000	0.0013292396713494	
0.3578125000000001	0.5000000000000000	0.1735184254169330	
0.3609375000000000	0.5000000000000000	0.1731045930228904	
0.4828125000000000	0.5000000000000000	0.1071556944453454	
0.4859375000000000	0.5000000000000000	0.1041216598980919	
0.5078125000000000	0.5000000000000000	0.0823747429812864	
0.5109374999999999	0.5000000000000000	0.0792687583781969	
0.3390625000000000	0.5000000000000000	0.1753349293517343	
0.3421875000000000	0.5000000000000000	0.1751005123304316	
0.3453125000000000	0.5000000000000000	0.1748415426355833	
0.3484375000000001	0.5000000000000000	0.1745560068694863	
0.5632812500000000	0.5000000000000000	0.0333806786511752	
0.5648437500000001	0.5000000000000000	0.0323337765300186	
0.5664062500000000	0.5000000000000000	0.0313076245020064	
0.5679687500000001	0.5000000000000000	0.0303023022903683	
0.5695312500000000	0.5000000000000000	0.0293178678697900	
0.5710937500000002	0.5000000000000000	0.0283543578290079	
0.5726562500000001	0.5000000000000000	0.0274117877671913	
0.5742187500000000	0.5000000000000000	0.0264901527224430	
0.5757812500000001	0.5000000000000000	0.0255894276306949	
0.5773437500000000	0.5000000000000000	0.0247095678132241	
0.5789062500000000	0.5000000000000000	0.0238505094909683	
0.5804687500000001	0.5000000000000000	0.0230121703237883	
0.5820312500000000	0.5000000000000000	0.0221944499727922	
0.5835937500000001	0.5000000000000000	0.0213972306838140	
0.5851562500000000	0.5000000000000000	0.0206203778901272	
0.5867187500000002	0.5000000000000000	0.0198637408324608	
0.5570312500000001	0.5000000000000000	0.0377734151253375	
0.5585937500000000	0.5000000000000000	0.0366447555016086	
0.5601562499999999	0.5000000000000000	0.0355363036109634	
0.5617187500000000	0.5000000000000000	0.0344482290664960	
0.5882812500000001	0.5000000000000000	0.0191271531943883	
0.5898437500000002	0.5000000000000000	0.0184104337511612	
0.5914062500000001	0.5000000000000000	0.0177133870300731	
0.5929687500000000	0.5000000000000000	0.0170358039804544	
0.5945312500000002	0.5000000000000000	0.0163774626514251	
0.5960937500000001	0.5000000000000000	0.0157381288755585	
0.5976562500000000	0.5000000000000000	0.0151175569566449	
0.5992187500000001	0.5000000000000000	0.0145154903597845	
0.4070312500000000	0.5000000000000000	0.1608614059280466	
0.4085937500000000	0.5000000000000000	0.1602030645990173	
0.4132812500000000	0.5000000000000000	0.1581117659821114	
0.4148437500000000	0.5000000000000000	0.1573751783440389	
0.4164062500000000	0.5000000000000000	0.1566185412863725	
0.4179687500000001	0.5000000000000000	0.1558416884926857	
0.4195312500000001	0.5000000000000000	0.1550444692037075	
0.4210937500000000	0.5000000000000000	0.1542267488527113	
0.4226562500000001	0.5000000000000000	0.1533884096855314	
0.4242187500000000	0.5000000000000000	0.1525293513632755	
0.4257812500000001	0.5000000000000000	0.1516494915458047	
0.4273437500000000	0.5000000000000000	0.1507487664540567	
0.4289062500000000	0.5000000000000000	0.1498271314093083	
0.4304687500000000	0.5000000000000000	0.1488845613474917	
0.4320312500000000	0.5000000000000000	0.1479210513067096	
0.4335937500000000	0.5000000000000000	0.1469366168861312	
0.4351562500000000	0.5000000000000000	0.1459312946744932	
0.4367187500000000	0.5000000000000000	0.1449051426464810	
0.4382812500000000	0.5000000000000000	0.1438582405253244	
0.4398437500000000	0.5000000000000000	0.1427906901100036	
0.4414062500000000	0.5000000000000000	0.1417026155655362	
0.4429687500000000	0.5000000000000000	0.1405941636748910	
0.4445312500000000	0.5000000000000000	0.1394655040511621	
0.4460937500000000	0.5000000000000000	0.1383168293087263	
0.5476562500000000	0.5000000000000000	0.0449573261871818	
0.5492187500000001	0.5000000000000000	0.0437122766895975	
0.5507812500000000	0.5000000000000000	0.0424859312400093	
0.5523437500000001	0.5000000000000000	0.0412785985143520	
0.5539062500000000	0.5000000000000000	0.0400905639842955	
0.5554687500000000	0.5000000000000000	0.0389220898677732	
