0.9937500000000000	0.0125000000000000	
0.4937500000000000	0.5125000000000435	
0.5062500000000000	0.5000000000000401	
0.4718750000000000	0.5312500000000486	
0.9531250000000000	0.0500000000000006	
0.9593749999999999	0.0437500000000005	
0.9656250000000000	0.0375000000000004	
0.9718750000000000	0.0312500000000002	
0.5281250000000000	0.4750000000000351	
0.5343750000000000	0.4687500000000343	
0.9781249999999999	0.0250000000000001	
0.9843750000000000	0.0187500000000001	
0.4781250000000000	0.5250000000000470	
0.4843750000000000	0.5187500000000452	
0.5156250000000000	0.4875000000000367	
0.5218750000000001	0.4812500000000358	
0.8953125000000001	0.1062500000000021	
0.8984375000000000	0.1031250000000020	
0.4421875000000000	0.5593750000000565	
0.4453125000000000	0.5562500000000556	
0.4484375000000000	0.5531250000000547	
0.5765625000000001	0.4250000000000291	
0.9015625000000000	0.1000000000000019	
0.9046875000000000	0.0968750000000019	
0.9078125000000000	0.0937500000000018	
0.9109375000000001	0.0906250000000017	
0.5640625000000000	0.4375000000000305	
0.5671875000000001	0.4343750000000302	
0.5703125000000001	0.4312500000000298	
0.5734375000000000	0.4281250000000294	
0.5515625000000001	0.4500000000000319	
0.5546875000000000	0.4468750000000316	
0.5578125000000000	0.4437500000000313	
0.5609375000000000	0.4406250000000310	
0.9140625000000001	0.0875000000000015	
0.9171875000000000	0.0843750000000014	
0.9203125000000001	0.0812500000000014	
0.9234375000000000	0.0781250000000013	
0.9265625000000001	0.0750000000000012	
0.9296875000000000	0.0718750000000010	
0.9328125000000000	0.0687500000000010	
0.9359375000000000	0.0656250000000009	
0.4515625000000000	0.5500000000000538	
0.4546875000000000	0.5468750000000528	
0.4578125000000001	0.5437500000000519	
0.4609375000000000	0.5406250000000512	
0.9390625000000000	0.0625000000000008	
0.9421875000000000	0.0593750000000006	
0.5453125000000001	0.4562500000000327	
0.5484375000000000	0.4531250000000324	
0.9453125000000000	0.0562500000000007	
0.9484374999999999	0.0531250000000007	
0.5390625000000001	0.4625000000000333	
0.5421875000000000	0.4593750000000330	
0.4640625000000000	0.5375000000000503	
0.4671875000000000	0.5343750000000494	
0.3914062500000000	0.6093750000000673	
0.3929687500000000	0.6078125000000669	
0.3945312500000001	0.6062500000000666	
0.3960937500000000	0.6046875000000662	
0.3976562500000000	0.6031250000000660	
0.3992187500000000	0.6015625000000657	
0.7007812500000001	0.3000000000000164	
0.7023437500000000	0.2984375000000161	
0.7039062500000000	0.2968750000000160	
0.7054687500000001	0.2953125000000157	
0.7070312500000000	0.2937500000000155	
0.7085937500000001	0.2921875000000153	
0.7101562500000000	0.2906250000000150	
0.7117187500000002	0.2890625000000148	
0.7132812500000001	0.2875000000000145	
0.7148437500000002	0.2859375000000143	
0.7164062500000001	0.2843750000000140	
0.7179687500000000	0.2828125000000139	
0.7195312500000002	0.2812500000000137	
0.7210937500000001	0.2796875000000134	
0.7226562500000000	0.2781250000000133	
0.7242187500000001	0.2765625000000130	
0.7257812500000000	0.2750000000000128	
0.7273437500000002	0.2734375000000125	
0.7289062500000001	0.2718750000000123	
0.7304687500000000	0.2703125000000122	
0.7320312500000001	0.2687500000000119	
0.7335937500000000	0.2671875000000117	
0.7351562500000000	0.2656250000000115	
0.7367187500000001	0.2640625000000113	
0.7382812500000000	0.2625000000000111	
0.7398437500000001	0.2609375000000108	
0.7414062500000000	0.2593750000000106	
0.7429687500000000	0.2578125000000104	
0.7445312500000001	0.2562500000000102	
0.7460937500000000	0.2546875000000099	
0.7476562499999999	0.2531250000000098	
0.7492187500000000	0.2515625000000096	
0.7507812500000000	0.2500000000000094	
0.7523437500000001	0.2484375000000092	
0.7539062500000000	0.2468750000000091	
0.7554687499999999	0.2453125000000091	
0.7570312500000000	0.2437500000000090	
0.7585937500000000	0.2421875000000089	
0.7601562499999999	0.2406250000000089	
0.7617187500000000	0.2390625000000088	
0.7632812499999999	0.2375000000000088	
0.7648437500000000	0.2359375000000087	
0.7664062500000000	0.2343750000000086	
0.7679687500000001	0.2328125000000085	
0.7695312500000000	0.2312500000000084	
0.7710937500000001	0.2296875000000084	
0.6851562499999999	0.3156250000000187	
0.6867187500000000	0.3140625000000185	
0.6882812500000000	0.3125000000000182	
0.6898437500000001	0.3109375000000180	
0.6914062500000000	0.3093750000000177	
0.6929687500000001	0.3078125000000175	
0.6945312500000000	0.3062500000000172	
0.6960937500000002	0.3046875000000170	
0.6976562500000001	0.3031250000000167	
0.6992187500000000	0.3015625000000166	
0.4007812500000000	0.6000000000000654	
0.4023437500000000	0.5984375000000649	
0.4039062500000000	0.5968750000000647	
0.4054687500000000	0.5953125000000643	
0.7726562500000000	0.2281250000000083	
0.7742187500000000	0.2265625000000083	
0.6507812500000001	0.3500000000000225	
0.6523437500000002	0.3484375000000222	
0.6539062500000001	0.3468750000000221	
0.6554687500000000	0.3453125000000220	
0.6570312500000002	0.3437500000000219	
0.6585937500000001	0.3421875000000217	
0.6601562500000000	0.3406250000000217	
0.6617187500000001	0.3390625000000216	
0.6632812500000000	0.3375000000000213	
0.6648437500000002	0.3359375000000211	
0.6664062500000001	0.3343750000000211	
0.6679687500000000	0.3328125000000209	
0.6695312500000001	0.3312500000000207	
0.6710937500000000	0.3296875000000205	
0.6726562500000000	0.3281250000000203	
0.6742187500000001	0.3265625000000201	
0.6757812500000000	0.3250000000000198	
0.6773437500000001	0.3234375000000196	
0.6789062500000000	0.3218750000000193	
0.6804687500000000	0.3203125000000193	
0.6820312500000001	0.3187500000000191	
0.6835937500000000	0.3171875000000188	
0.7757812500000001	0.2250000000000082	
0.7773437500000000	0.2234375000000082	
0.7789062499999999	0.2218750000000082	
0.7804687500000000	0.2203125000000081	
0.7820312500000000	0.2187500000000079	
0.7835937500000001	0.2171875000000078	
0.7851562500000000	0.2156250000000077	
0.7867187500000001	0.2140625000000076	
0.7882812500000000	0.2125000000000075	
0.7898437500000002	0.2109375000000074	
0.7914062500000001	0.2093750000000073	
0.7929687500000000	0.2078125000000073	
0.7945312500000001	0.2062500000000073	
0.7960937500000000	0.2046875000000072	
0.7976562500000000	0.2031250000000072	
0.7992187500000001	0.2015625000000071	
0.8007812500000000	0.2000000000000070	
0.8023437500000001	0.1984375000000069	
0.8039062500000000	0.1968750000000068	
0.8054687500000000	0.1953125000000068	
0.8070312500000001	0.1937500000000067	
0.8085937500000000	0.1921875000000066	
0.8101562499999999	0.1906250000000067	
0.8117187500000000	0.1890625000000066	
0.4070312500000000	0.5937500000000639	
0.4085937500000000	0.5921875000000636	
0.4101562500000001	0.5906250000000632	
0.4117187500000000	0.5890625000000629	
0.8132812500000000	0.1875000000000064	
0.8148437500000001	0.1859375000000064	
0.8164062500000000	0.1843750000000063	
0.8179687500000001	0.1828125000000062	
0.8195312500000000	0.1812500000000061	
0.8210937500000002	0.1796875000000061	
0.8226562500000001	0.1781250000000060	
0.8242187500000000	0.1765625000000060	
0.8257812500000001	0.1750000000000059	
0.8273437500000000	0.1734375000000058	
0.8289062500000000	0.1718750000000058	
0.8304687500000001	0.1703125000000057	
0.8320312500000000	0.1687500000000056	
0.8335937500000001	0.1671875000000055	
0.8351562500000000	0.1656250000000054	
0.8367187500000002	0.1640625000000053	
0.8382812500000001	0.1625000000000052	
0.8398437500000002	0.1609375000000051	
0.8414062500000001	0.1593750000000049	
0.8429687500000000	0.1578125000000049	
0.8445312500000002	0.1562500000000048	
0.8460937500000001	0.1546875000000046	
0.8476562500000000	0.1531250000000046	
0.8492187500000001	0.1515625000000045	
0.4132812500000000	0.5875000000000625	
0.4148437500000000	0.5859375000000622	
0.4164062500000000	0.5843750000000618	
0.4179687500000001	0.5828125000000615	
0.4195312500000001	0.5812500000000611	
0.4210937500000000	0.5796875000000608	
0.4226562500000001	0.5781250000000605	
0.4242187500000000	0.5765625000000603	
0.6195312500000001	0.3812500000000253	
0.6210937500000002	0.3796875000000252	
0.6226562500000001	0.3781250000000250	
0.6242187500000000	0.3765625000000249	
0.6257812500000002	0.3750000000000248	
0.6273437500000001	0.3734375000000245	
0.6289062500000000	0.3718750000000244	
0.6304687500000001	0.3703125000000244	
0.6320312500000000	0.3687500000000241	
0.6335937500000002	0.3671875000000239	
0.6351562500000001	0.3656250000000238	
0.6367187500000002	0.3640625000000237	
0.6382812500000001	0.3625000000000236	
0.6398437500000003	0.3609375000000233	
0.6414062500000002	0.3593750000000232	
0.6429687500000001	0.3578125000000232	
0.6445312500000002	0.3562500000000229	
0.6460937500000001	0.3546875000000227	
0.6476562500000000	0.3531250000000227	
0.6492187500000002	0.3515625000000225	
0.6007812500000000	0.4000000000000270	
0.6023437500000002	0.3984375000000269	
0.6039062500000001	0.3968750000000267	
0.6054687500000000	0.3953125000000267	
0.6070312500000001	0.3937500000000266	
0.6085937500000000	0.3921875000000263	
0.6101562500000000	0.3906250000000263	
0.6117187500000001	0.3890625000000261	
0.6132812500000000	0.3875000000000259	
0.6148437500000001	0.3859375000000258	
0.6164062500000000	0.3843750000000256	
0.6179687500000002	0.3828125000000254	
0.8507812500000000	0.1500000000000044	
0.8523437500000002	0.1484375000000042	
0.8539062500000001	0.1468750000000041	
0.8554687500000000	0.1453125000000041	
0.8570312500000001	0.1437500000000039	
0.8585937500000000	0.1421875000000038	
0.8601562500000000	0.1406250000000038	
0.8617187500000001	0.1390625000000036	
0.8632812500000000	0.1375000000000035	
0.8648437500000001	0.1359375000000034	
0.8664062500000000	0.1343750000000032	
0.8679687500000000	0.1328125000000032	
0.4257812500000001	0.5750000000000599	
0.4273437500000000	0.5734375000000596	
0.4289062500000000	0.5718750000000593	
0.4304687500000000	0.5703125000000591	
0.5976562500000000	0.4031250000000274	
0.5992187500000001	0.4015625000000272	
0.8695312500000001	0.1312500000000031	
0.8710937500000000	0.1296875000000030	
0.8726562499999999	0.1281250000000029	
0.8742187500000000	0.1265625000000028	
0.8757812500000000	0.1250000000000027	
0.8773437500000001	0.1234375000000026	
0.8789062500000000	0.1218750000000025	
0.8804687499999999	0.1203125000000026	
0.8820312500000000	0.1187500000000025	
0.8835937500000000	0.1171875000000025	
0.8851562499999999	0.1156250000000025	
0.8867187500000000	0.1140625000000025	
0.4320312500000000	0.5687500000000587	
0.4335937500000000	0.5671875000000582	
0.4351562500000000	0.5656250000000580	
0.4367187500000000	0.5640625000000576	
0.5882812500000001	0.4125000000000280	
0.5898437500000002	0.4109375000000278	
0.5914062500000001	0.4093750000000277	
0.5929687500000000	0.4078125000000277	
0.5945312500000002	0.4062500000000275	
0.5960937500000001	0.4046875000000275	
0.8882812499999999	0.1125000000000024	
0.8898437500000000	0.1109375000000023	
0.8914062500000000	0.1093750000000022	
0.8929687500000001	0.1078125000000022	
0.4382812500000000	0.5625000000000573	
0.4398437500000000	0.5609375000000569	
0.5789062500000000	0.4218750000000288	
0.5804687500000001	0.4203125000000286	
0.5820312500000000	0.4187500000000285	
0.5835937500000001	0.4171875000000284	
0.5851562500000000	0.4156250000000282	
0.5867187500000002	0.4140625000000281	
0.3019531250000000	0.6984375000000829	
0.3027343750000000	0.6976562500000828	
0.3035156250000001	0.6968750000000827	
0.3042968750000000	0.6960937500000826	
0.3050781250000000	0.6953125000000825	
0.3058593750000000	0.6945312500000824	
0.3066406250000000	0.6937500000000825	
0.3074218750000001	0.6929687500000823	
0.3082031250000000	0.6921875000000822	
0.3089843750000001	0.6914062500000822	
0.3097656250000000	0.6906250000000820	
0.3105468750000001	0.6898437500000820	
0.3113281250000001	0.6890625000000818	
0.3121093750000000	0.6882812500000817	
0.3128906250000001	0.6875000000000815	
0.3136718750000000	0.6867187500000814	
0.3144531250000000	0.6859375000000815	
0.3152343750000001	0.6851562500000814	
0.3160156250000000	0.6843750000000812	
0.3167968750000001	0.6835937500000810	
0.3175781250000000	0.6828125000000809	
0.3183593750000001	0.6820312500000809	
0.3191406250000001	0.6812500000000807	
0.3199218750000001	0.6804687500000806	
0.3207031250000001	0.6796875000000804	
0.3214843750000000	0.6789062500000802	
0.3222656250000001	0.6781250000000800	
0.3230468750000001	0.6773437500000798	
0.3238281250000000	0.6765625000000799	
0.3246093750000001	0.6757812500000795	
0.3253906250000000	0.6750000000000793	
0.3261718750000001	0.6742187500000792	
0.3269531250000001	0.6734375000000791	
0.3277343750000000	0.6726562500000790	
0.3285156250000001	0.6718750000000788	
0.3292968750000000	0.6710937500000786	
0.3300781250000000	0.6703125000000787	
0.3308593750000001	0.6695312500000785	
0.3316406250000000	0.6687500000000783	
0.3324218750000001	0.6679687500000783	
0.3332031250000000	0.6671875000000782	
0.3339843750000000	0.6664062500000782	
0.3347656250000001	0.6656250000000781	
0.3355468750000000	0.6648437500000779	
0.3363281250000000	0.6640625000000777	
0.3371093750000000	0.6632812500000775	
0.3378906250000000	0.6625000000000776	
0.3386718750000001	0.6617187500000775	
0.3394531250000000	0.6609375000000774	
0.3402343750000000	0.6601562500000773	
0.3410156250000000	0.6593750000000771	
0.3417968750000000	0.6585937500000770	
0.3425781250000000	0.6578125000000768	
0.3433593750000000	0.6570312500000768	
0.3441406250000000	0.6562500000000766	
0.3449218750000000	0.6554687500000764	
0.3457031250000000	0.6546875000000765	
0.3464843750000001	0.6539062500000763	
0.3472656250000000	0.6531250000000761	
0.3480468750000001	0.6523437500000759	
0.3488281250000000	0.6515625000000758	
0.3496093750000000	0.6507812500000756	
0.3503906250000001	0.6500000000000754	
0.3511718750000000	0.6492187500000755	
0.3519531250000000	0.6484375000000753	
0.3527343750000000	0.6476562500000751	
0.3535156250000000	0.6468750000000749	
0.3542968750000001	0.6460937500000747	
0.3550781250000000	0.6453125000000746	
0.3558593750000001	0.6445312500000744	
0.3566406250000000	0.6437500000000742	
0.3574218750000001	0.6429687500000743	
0.3582031250000001	0.6421875000000741	
0.3589843750000000	0.6414062500000739	
0.3597656250000001	0.6406250000000737	
0.3605468750000000	0.6398437500000735	
0.3613281250000000	0.6390625000000734	
0.3621093750000001	0.6382812500000732	
0.3628906250000000	0.6375000000000732	
0.3636718750000001	0.6367187500000731	
0.3644531250000000	0.6359375000000729	
0.3652343750000000	0.6351562500000727	
0.3660156250000001	0.6343750000000725	
0.3667968750000000	0.6335937500000723	
0.3675781250000000	0.6328125000000722	
0.3683593750000000	0.6320312500000720	
0.3691406250000000	0.6312500000000720	
0.3699218750000001	0.6304687500000719	
0.3707031250000000	0.6296875000000717	
0.3714843750000000	0.6289062500000715	
0.3722656250000000	0.6281250000000713	
0.3730468750000000	0.6273437500000711	
0.3738281250000000	0.6265625000000710	
0.3746093750000000	0.6257812500000708	
0.3753906250000000	0.6250000000000706	
0.3761718750000000	0.6242187500000704	
0.3769531250000000	0.6234375000000703	
0.3777343750000000	0.6226562500000701	
0.3785156250000000	0.6218750000000699	
0.3792968750000000	0.6210937500000697	
0.3800781249999999	0.6203125000000695	
0.3808593750000000	0.6195312500000694	
0.3816406250000000	0.6187500000000692	
0.3824218750000000	0.6179687500000690	
0.3832031250000000	0.6171875000000688	
0.3839843750000000	0.6164062500000687	
0.3847656250000000	0.6156250000000685	
0.3855468750000001	0.6148437500000684	
0.3863281250000000	0.6140625000000683	
0.3871093750000000	0.6132812500000682	
0.3878906250000000	0.6125000000000680	
0.3886718750000000	0.6117187500000678	
0.3894531250000000	0.6109375000000676	
0.3902343750000000	0.6101562500000675	
0.1205078125000000	0.8796875000000994	
0.1208984375000000	0.8792968750000993	
0.1212890625000000	0.8789062500000994	
0.1216796875000000	0.8785156250000992	
0.1220703125000000	0.8781250000000992	
0.1224609375000000	0.8777343750000992	
0.1228515625000000	0.8773437500000991	
0.1232421875000000	0.8769531250000991	
0.1236328125000000	0.8765625000000989	
0.1240234375000000	0.8761718750000989	
0.1244140625000000	0.8757812500000989	
0.1248046875000000	0.8753906250000988	
0.1251953125000000	0.8750000000000988	
0.1255859375000000	0.8746093750000987	
0.1259765625000000	0.8742187500000986	
0.1263671875000000	0.8738281250000988	
0.1267578125000000	0.8734375000000987	
0.1271484375000000	0.8730468750000987	
0.1275390625000000	0.8726562500000987	
0.1279296875000000	0.8722656250000986	
0.1283203125000000	0.8718750000000988	
0.1287109375000000	0.8714843750000988	
0.1291015625000000	0.8710937500000988	
0.1294921875000000	0.8707031250000987	
0.1298828125000000	0.8703125000000986	
0.1302734375000000	0.8699218750000985	
0.1306640625000000	0.8695312500000985	
0.1310546875000000	0.8691406250000984	
0.1314453125000000	0.8687500000000983	
0.1318359375000000	0.8683593750000982	
0.1322265625000000	0.8679687500000982	
0.1326171875000000	0.8675781250000982	
0.1330078125000000	0.8671875000000981	
0.1333984375000000	0.8667968750000981	
0.1337890625000000	0.8664062500000980	
0.1341796875000000	0.8660156250000980	
0.1345703125000000	0.8656250000000980	
0.1349609375000000	0.8652343750000979	
0.1353515625000000	0.8648437500000978	
0.1357421875000000	0.8644531250000980	
0.1361328125000000	0.8640625000000979	
0.1365234375000000	0.8636718750000978	
0.1369140625000000	0.8632812500000977	
0.1373046875000000	0.8628906250000976	
0.1376953125000000	0.8625000000000977	
0.1380859375000000	0.8621093750000978	
0.1384765625000000	0.8617187500000978	
0.1388671875000000	0.8613281250000977	
0.1392578125000000	0.8609375000000976	
0.1396484375000000	0.8605468750000975	
0.1400390625000000	0.8601562500000977	
0.1404296875000000	0.8597656250000976	
0.1408203125000000	0.8593750000000975	
0.1412109375000000	0.8589843750000972	
0.1416015625000000	0.8585937500000971	
0.1419921875000000	0.8582031250000972	
0.1423828125000000	0.8578125000000971	
0.1427734375000000	0.8574218750000971	
0.1431640625000000	0.8570312500000972	
0.1435546875000000	0.8566406250000970	
0.1439453125000000	0.8562500000000970	
0.1443359375000000	0.8558593750000969	
0.1447265625000000	0.8554687500000968	
0.1451171875000000	0.8550781250000969	
0.1455078125000000	0.8546875000000969	
0.1458984375000000	0.8542968750000968	
0.1462890625000000	0.8539062500000967	
0.1466796875000000	0.8535156250000966	
0.1470703125000000	0.8531250000000964	
0.1474609375000001	0.8527343750000964	
0.1478515625000000	0.8523437500000963	
0.1482421875000000	0.8519531250000962	
0.1486328125000000	0.8515625000000964	
0.1490234375000000	0.8511718750000964	
0.1494140625000000	0.8507812500000964	
0.1498046875000000	0.8503906250000965	
0.1501953125000000	0.8500000000000966	
0.1505859375000000	0.8496093750000966	
0.1509765625000000	0.8492187500000965	
0.1513671875000000	0.8488281250000964	
0.1517578125000000	0.8484375000000965	
0.1521484375000000	0.8480468750000965	
0.1525390625000000	0.8476562500000964	
0.1529296875000000	0.8472656250000963	
0.1533203125000000	0.8468750000000963	
0.1537109375000000	0.8464843750000963	
0.1541015625000000	0.8460937500000962	
0.1544921875000000	0.8457031250000961	
0.1548828125000000	0.8453125000000961	
0.1552734375000001	0.8449218750000960	
0.1556640625000000	0.8445312500000961	
0.1560546875000000	0.8441406250000960	
0.1564453125000000	0.8437500000000959	
0.1568359375000000	0.8433593750000959	
0.1572265625000000	0.8429687500000960	
0.1576171875000000	0.8425781250000961	
0.1580078125000000	0.8421875000000960	
0.1583984375000000	0.8417968750000959	
0.1587890625000000	0.8414062500000958	
0.1591796875000001	0.8410156250000959	
0.1595703125000000	0.8406250000000959	
0.1599609375000001	0.8402343750000958	
0.1603515625000000	0.8398437500000958	
0.1607421875000000	0.8394531250000958	
0.1611328125000001	0.8390625000000957	
0.1615234375000000	0.8386718750000957	
0.1619140625000000	0.8382812500000957	
0.1623046875000000	0.8378906250000957	
0.1626953125000000	0.8375000000000955	
0.1630859375000001	0.8371093750000956	
0.1634765625000000	0.8367187500000957	
0.1638671875000000	0.8363281250000956	
0.1642578125000000	0.8359375000000955	
0.1646484375000000	0.8355468750000954	
0.1650390625000000	0.8351562500000954	
0.1654296875000000	0.8347656250000957	
0.1658203125000000	0.8343750000000956	
0.1662109375000000	0.8339843750000955	
0.1666015625000000	0.8335937500000954	
0.1669921875000000	0.8332031250000955	
0.1673828125000000	0.8328125000000954	
0.1677734375000000	0.8324218750000955	
0.1681640625000000	0.8320312500000955	
0.1685546875000000	0.8316406250000954	
0.1689453125000000	0.8312500000000953	
0.1693359375000000	0.8308593750000954	
0.1697265625000000	0.8304687500000955	
0.1701171875000000	0.8300781250000955	
0.1705078125000000	0.8296875000000955	
0.1708984375000000	0.8292968750000953	
0.1712890625000000	0.8289062500000955	
0.1716796875000000	0.8285156250000956	
0.1720703125000000	0.8281250000000955	
0.1724609375000000	0.8277343750000954	
0.1728515625000000	0.8273437500000953	
0.1732421875000000	0.8269531250000953	
0.1736328125000000	0.8265625000000955	
0.1740234375000000	0.8261718750000955	
0.1744140625000000	0.8257812500000954	
0.1748046875000000	0.8253906250000953	
0.1751953125000000	0.8250000000000954	
0.1755859375000000	0.8246093750000955	
0.1759765625000000	0.8242187500000955	
0.1763671875000000	0.8238281250000954	
0.1767578125000000	0.8234375000000953	
0.1771484375000000	0.8230468750000954	
0.1775390625000000	0.8226562500000953	
0.1779296875000000	0.8222656250000953	
0.1783203125000000	0.8218750000000952	
0.1787109375000001	0.8214843750000951	
0.1791015625000000	0.8210937500000950	
0.1794921875000000	0.8207031250000949	
0.1798828125000000	0.8203125000000948	
0.1802734375000000	0.8199218750000947	
0.1806640625000000	0.8195312500000946	
0.1810546875000000	0.8191406250000947	
0.1814453125000000	0.8187500000000947	
0.1818359375000000	0.8183593750000946	
0.1822265625000000	0.8179687500000945	
0.1826171875000000	0.8175781250000946	
0.1830078125000000	0.8171875000000945	
0.1833984375000000	0.8167968750000945	
0.1837890625000000	0.8164062500000944	
0.1841796875000000	0.8160156250000943	
0.1845703125000000	0.8156250000000942	
0.1849609375000000	0.8152343750000943	
0.1853515625000000	0.8148437500000943	
0.1857421875000000	0.8144531250000944	
0.1861328125000000	0.8140625000000944	
0.1865234375000000	0.8136718750000942	
0.1869140625000000	0.8132812500000944	
0.1873046875000000	0.8128906250000945	
0.1876953125000000	0.8125000000000944	
0.1880859375000000	0.8121093750000943	
0.1884765625000000	0.8117187500000942	
0.1888671875000000	0.8113281250000944	
0.1892578125000000	0.8109375000000942	
0.1896484375000000	0.8105468750000943	
0.1900390625000000	0.8101562500000943	
0.1904296875000000	0.8097656250000942	
0.1908203125000000	0.8093750000000943	
0.1912109375000000	0.8089843750000943	
0.1916015625000000	0.8085937500000944	
0.1919921875000000	0.8082031250000943	
0.1923828125000000	0.8078125000000942	
0.1927734375000000	0.8074218750000941	
0.1931640625000000	0.8070312500000940	
0.1935546875000000	0.8066406250000939	
0.1939453125000000	0.8062500000000938	
0.1943359375000000	0.8058593750000937	
0.1947265625000000	0.8054687500000938	
0.1951171875000000	0.8050781250000938	
0.1955078125000000	0.8046875000000937	
0.1958984375000000	0.8042968750000936	
0.1962890625000000	0.8039062500000935	
0.1966796875000000	0.8035156250000935	
0.1970703125000000	0.8031250000000936	
0.1974609375000000	0.8027343750000935	
0.1978515625000000	0.8023437500000934	
0.1982421875000000	0.8019531250000935	
0.1986328125000000	0.8015625000000934	
0.1990234375000000	0.8011718750000933	
0.1994140625000000	0.8007812500000934	
0.1998046875000000	0.8003906250000932	
0.2001953125000000	0.8000000000000933	
0.2005859375000000	0.7996093750000933	
0.2009765625000000	0.7992187500000933	
0.2013671875000000	0.7988281250000933	
0.2017578125000000	0.7984375000000932	
0.2021484375000000	0.7980468750000931	
0.2025390625000000	0.7976562500000932	
0.2029296875000000	0.7972656250000931	
0.2033203125000000	0.7968750000000930	
0.2037109375000000	0.7964843750000927	
0.2041015625000000	0.7960937500000926	
0.2044921875000000	0.7957031250000928	
0.2048828125000000	0.7953125000000927	
0.2052734375000000	0.7949218750000926	
0.2056640625000000	0.7945312500000925	
0.2060546875000000	0.7941406250000925	
0.2064453125000000	0.7937500000000925	
0.2068359375000000	0.7933593750000925	
0.2072265625000000	0.7929687500000924	
0.2076171875000000	0.7925781250000925	
0.2080078125000000	0.7921875000000924	
0.2083984375000000	0.7917968750000923	
0.2087890625000000	0.7914062500000922	
0.2091796875000000	0.7910156250000921	
0.2095703125000000	0.7906250000000919	
0.2099609375000001	0.7902343750000920	
0.2103515625000000	0.7898437500000919	
0.2107421875000000	0.7894531250000918	
0.2111328125000000	0.7890625000000919	
0.2115234375000000	0.7886718750000918	
0.2119140625000000	0.7882812500000920	
0.2123046875000000	0.7878906250000919	
0.2126953125000000	0.7875000000000918	
0.2130859375000000	0.7871093750000917	
0.2134765625000000	0.7867187500000916	
0.2138671875000000	0.7863281250000917	
0.2142578125000000	0.7859375000000917	
0.2146484375000000	0.7855468750000916	
0.2150390625000000	0.7851562500000916	
0.2154296875000000	0.7847656250000916	
0.2158203125000000	0.7843750000000915	
0.2162109375000000	0.7839843750000917	
0.2166015625000000	0.7835937500000917	
0.2169921875000000	0.7832031250000917	
0.2173828125000000	0.7828125000000916	
0.2177734375000000	0.7824218750000915	
0.2181640625000000	0.7820312500000914	
0.2185546875000000	0.7816406250000913	
0.2189453125000000	0.7812500000000913	
0.2193359375000000	0.7808593750000912	
0.2197265625000000	0.7804687500000912	
0.2201171875000000	0.7800781250000912	
0.2205078125000000	0.7796875000000911	
0.2208984375000000	0.7792968750000910	
0.2212890625000000	0.7789062500000908	
0.2216796875000000	0.7785156250000909	
0.2220703125000000	0.7781250000000911	
0.2224609375000000	0.7777343750000910	
0.2228515625000000	0.7773437500000910	
0.2232421875000000	0.7769531250000909	
0.2236328125000000	0.7765625000000909	
0.2240234375000000	0.7761718750000910	
0.2244140625000000	0.7757812500000909	
0.2248046875000000	0.7753906250000909	
0.2251953125000000	0.7750000000000909	
0.2255859375000000	0.7746093750000909	
0.2259765625000000	0.7742187500000909	
0.2263671875000000	0.7738281250000909	
0.2267578125000000	0.7734375000000908	
0.2271484375000000	0.7730468750000905	
0.2275390625000000	0.7726562500000904	
0.2279296875000000	0.7722656250000905	
0.2283203125000000	0.7718750000000905	
0.2287109375000000	0.7714843750000902	
0.2291015625000000	0.7710937500000902	
0.2294921875000000	0.7707031250000902	
0.2298828125000000	0.7703125000000901	
0.2302734375000000	0.7699218750000900	
0.2306640625000000	0.7695312500000900	
0.2310546875000000	0.7691406250000901	
0.2314453125000000	0.7687500000000899	
0.2318359375000000	0.7683593750000899	
0.2322265625000000	0.7679687500000899	
0.2326171875000000	0.7675781250000899	
0.2330078125000000	0.7671875000000898	
0.2333984375000000	0.7667968750000898	
0.2337890625000000	0.7664062500000897	
0.2341796875000000	0.7660156250000898	
0.2345703125000000	0.7656250000000898	
0.2349609375000000	0.7652343750000898	
0.2353515625000000	0.7648437500000898	
0.2357421875000000	0.7644531250000897	
0.2361328125000000	0.7640625000000898	
0.2365234375000000	0.7636718750000897	
0.2369140625000000	0.7632812500000898	
0.2373046875000000	0.7628906250000898	
0.2376953125000000	0.7625000000000899	
0.2380859375000000	0.7621093750000897	
0.2384765625000000	0.7617187500000896	
0.2388671875000000	0.7613281250000896	
0.2392578125000000	0.7609375000000895	
0.2396484375000000	0.7605468750000894	
0.2400390625000000	0.7601562500000894	
0.2404296875000000	0.7597656250000893	
0.2408203125000000	0.7593750000000890	
0.2412109375000000	0.7589843750000890	
0.2416015625000000	0.7585937500000890	
0.2419921875000000	0.7582031250000889	
0.2423828125000000	0.7578125000000888	
0.2427734375000000	0.7574218750000887	
0.2431640625000000	0.7570312500000886	
0.2435546875000000	0.7566406250000888	
0.2439453125000000	0.7562500000000887	
0.2443359375000000	0.7558593750000887	
0.2447265625000000	0.7554687500000887	
0.2451171875000000	0.7550781250000886	
0.2455078125000000	0.7546875000000888	
0.2458984375000000	0.7542968750000887	
0.2462890625000000	0.7539062500000886	
0.2466796875000000	0.7535156250000885	
0.2470703125000000	0.7531250000000885	
0.2474609375000000	0.7527343750000886	
0.2478515625000000	0.7523437500000887	
0.2482421875000000	0.7519531250000886	
0.2486328125000000	0.7515625000000885	
0.2490234375000000	0.7511718750000886	
0.2494140625000000	0.7507812500000886	
0.2498046875000000	0.7503906250000885	
0.2501953125000000	0.7500000000000885	
0.2505859375000000	0.7496093750000885	
0.2509765625000000	0.7492187500000884	
0.2513671875000000	0.7488281250000883	
0.2517578125000000	0.7484375000000885	
0.2521484375000000	0.7480468750000884	
0.2525390625000000	0.7476562500000883	
0.2529296875000000	0.7472656250000884	
0.2533203125000000	0.7468750000000883	
0.2537109375000000	0.7464843750000885	
0.2541015625000000	0.7460937500000884	
0.2544921875000000	0.7457031250000882	
0.2548828124999999	0.7453125000000883	
0.2552734375000000	0.7449218750000883	
0.2556640625000000	0.7445312500000882	
0.2560546875000000	0.7441406250000882	
0.2564453125000000	0.7437500000000883	
0.2568359375000000	0.7433593750000882	
0.2572265625000000	0.7429687500000882	
0.2576171875000000	0.7425781250000880	
0.2580078125000000	0.7421875000000879	
0.2583984375000000	0.7417968750000880	
0.2587890625000000	0.7414062500000878	
0.2591796875000000	0.7410156250000877	
0.2595703125000000	0.7406250000000877	
0.2599609375000000	0.7402343750000877	
0.2603515625000000	0.7398437500000876	
0.2607421875000001	0.7394531250000875	
0.2611328125000000	0.7390625000000874	
0.2615234375000000	0.7386718750000876	
0.2619140625000000	0.7382812500000875	
0.2623046875000000	0.7378906250000874	
0.2626953125000000	0.7375000000000873	
0.2630859375000000	0.7371093750000871	
0.2634765625000000	0.7367187500000871	
0.2638671875000000	0.7363281250000870	
0.2642578125000000	0.7359375000000871	
0.2646484375000000	0.7355468750000871	
0.2650390625000000	0.7351562500000870	
0.2654296875000000	0.7347656250000869	
0.2658203125000000	0.7343750000000868	
0.2662109375000000	0.7339843750000868	
0.2666015625000000	0.7335937500000866	
0.2669921875000000	0.7332031250000866	
0.2673828125000000	0.7328125000000865	
0.2677734375000000	0.7324218750000864	
0.2681640625000000	0.7320312500000863	
0.2685546875000001	0.7316406250000862	
0.2689453125000000	0.7312500000000863	
0.2693359375000001	0.7308593750000862	
0.2697265625000000	0.7304687500000862	
0.2701171875000001	0.7300781250000861	
0.2705078125000001	0.7296875000000859	
0.2708984375000000	0.7292968750000861	
0.2712890625000000	0.7289062500000860	
0.2716796875000000	0.7285156250000859	
0.2720703125000000	0.7281250000000860	
0.2724609375000001	0.7277343750000859	
0.2728515625000000	0.7273437500000859	
0.2732421875000000	0.7269531250000858	
0.2736328125000000	0.7265625000000857	
0.2740234375000000	0.7261718750000857	
0.2744140625000000	0.7257812500000855	
0.2748046875000000	0.7253906250000854	
0.2751953125000000	0.7250000000000854	
0.2755859375000000	0.7246093750000853	
0.2759765625000000	0.7242187500000852	
0.2763671875000001	0.7238281250000852	
0.2767578125000000	0.7234375000000852	
0.2771484375000000	0.7230468750000854	
0.2775390625000000	0.7226562500000854	
0.2779296875000000	0.7222656250000854	
0.2783203125000000	0.7218750000000853	
0.2787109375000000	0.7214843750000852	
0.2791015625000000	0.7210937500000854	
0.2794921875000000	0.7207031250000853	
0.2798828125000000	0.7203125000000853	
0.2802734375000000	0.7199218750000853	
0.2806640625000000	0.7195312500000854	
0.2810546875000000	0.7191406250000854	
0.2814453125000000	0.7187500000000852	
0.2818359375000000	0.7183593750000852	
0.2822265625000000	0.7179687500000851	
0.2826171875000000	0.7175781250000850	
0.2830078125000000	0.7171875000000850	
0.2833984375000000	0.7167968750000850	
0.2837890625000000	0.7164062500000850	
0.2841796875000001	0.7160156250000849	
0.2845703125000000	0.7156250000000850	
0.2849609375000001	0.7152343750000849	
0.2853515625000000	0.7148437500000848	
0.2857421875000001	0.7144531250000847	
0.2861328125000001	0.7140625000000848	
0.2865234375000000	0.7136718750000848	
0.2869140625000000	0.7132812500000849	
0.2873046875000000	0.7128906250000848	
0.2876953125000000	0.7125000000000845	
0.2880859375000001	0.7121093750000844	
0.2884765625000000	0.7117187500000846	
0.2888671875000000	0.7113281250000845	
0.2892578125000000	0.7109375000000844	
0.2896484375000000	0.7105468750000843	
0.2900390625000000	0.7101562500000844	
0.2904296875000000	0.7097656250000844	
0.2908203125000000	0.7093750000000845	
0.2912109375000000	0.7089843750000844	
0.2916015625000000	0.7085937500000843	
0.2919921875000001	0.7082031250000842	
0.2923828125000000	0.7078125000000843	
0.2927734375000001	0.7074218750000842	
0.2931640625000000	0.7070312500000839	
0.2935546875000001	0.7066406250000837	
0.2939453125000001	0.7062500000000838	
0.2943359375000001	0.7058593750000837	
0.2947265625000001	0.7054687500000836	
0.2951171875000001	0.7050781250000835	
0.2955078125000001	0.7046875000000834	
0.2958984375000001	0.7042968750000833	
0.2962890625000000	0.7039062500000833	
0.2966796875000001	0.7035156250000834	
0.2970703125000000	0.7031250000000833	
0.2974609375000001	0.7027343750000832	
0.2978515625000001	0.7023437500000831	
0.2982421875000000	0.7019531250000832	
0.2986328125000000	0.7015625000000832	
0.2990234375000000	0.7011718750000833	
0.2994140625000000	0.7007812500000832	
0.2998046875000001	0.7003906250000831	
0.3001953125000000	0.7000000000000830	
0.3005859375000001	0.6996093750000829	
0.3009765625000000	0.6992187500000828	
0.3013671875000001	0.6988281250000827	
0.0000976562500000	1.0000000002264560	
0.0002929687500000	0.9998046877232291	
0.0004882812500000	0.9996093752200502	
0.0006835937500000	0.9994140627169146	
0.0008789062500000	0.9992187502138283	
0.0010742187500000	0.9990234377107821	
0.0012695312500000	0.9988281252077700	
0.0014648437500000	0.9986328127048111	
0.0016601562500000	0.9984375002018989	
0.0018554687500000	0.9982421876990141	
0.0020507812500000	0.9980468751961739	
0.0022460937500000	0.9978515626933820	
0.0024414062500000	0.9976562501906223	
0.0026367187500000	0.9974609376879043	
0.0028320312500000	0.9972656251852248	
0.0030273437500000	0.9970703126825804	
0.0032226562500000	0.9968750001799778	
0.0034179687500000	0.9966796876774046	
0.0036132812500000	0.9964843751748755	
0.0038085937500000	0.9962890626723755	
0.0040039062500000	0.9960937501699160	
0.0041992187500000	0.9958984376674942	
0.0043945312500000	0.9957031251651021	
0.0045898437500000	0.9955078126627384	
0.0047851562500000	0.9953125001604218	
0.0049804687500000	0.9951171876581193	
0.0051757812500000	0.9949218751558682	
0.0053710937500000	0.9947265626536382	
0.0055664062500000	0.9945312501514448	
0.0057617187500000	0.9943359376492780	
0.0059570312500000	0.9941406251471381	
0.0061523437500000	0.9939453126450442	
0.0063476562500000	0.9937500001429694	
0.0065429687500000	0.9935546876409243	
0.0067382812500000	0.9933593751389087	
0.0069335937500000	0.9931640626369226	
0.0071289062500000	0.9929687501349630	
0.0073242187500000	0.9927734376330307	
0.0075195312500000	0.9925781251311306	
0.0077148437500000	0.9923828126292559	
0.0079101562500000	0.9921875001274030	
0.0081054687500000	0.9919921876255837	
0.0083007812500000	0.9917968751237874	
0.0084960937500000	0.9916015626220098	
0.0086914062500000	0.9914062501202617	
0.0088867187500000	0.9912109376185483	
0.0090820312500000	0.9910156251168467	
0.0092773437500000	0.9908203126151746	
0.0094726562500000	0.9906250001135261	
0.0096679687500000	0.9904296876119010	
0.0098632812500000	0.9902343751102926	
0.0100585937500000	0.9900390626087193	
0.0102539062500000	0.9898437501071540	
0.0104492187500000	0.9896484376056223	
0.0106445312500000	0.9894531251041101	
0.0108398437500000	0.9892578126026143	
0.0110351562500000	0.9890625001011500	
0.0112304687500000	0.9888671875996939	
0.0114257812500000	0.9886718750982656	
0.0116210937500000	0.9884765625968595	
0.0118164062500000	0.9882812500954719	
0.0120117187500000	0.9880859375940994	
0.0122070312500000	0.9878906250927522	
0.0124023437500000	0.9876953125914198	
0.0125976562500000	0.9875000000901062	
0.0127929687500000	0.9873046875888120	
0.0129882812500000	0.9871093750875446	
0.0131835937500000	0.9869140625862838	
0.0133789062500000	0.9867187500850446	
0.0135742187500000	0.9865234375838249	
0.0137695312500000	0.9863281250826194	
0.0139648437500000	0.9861328125814389	
0.0141601562500000	0.9859375000802619	
0.0143554687500000	0.9857421875791147	
0.0145507812500000	0.9855468750779799	
0.0147460937500000	0.9853515625768566	
0.0149414062500000	0.9851562500757570	
0.0151367187500000	0.9849609375746645	
0.0153320312500000	0.9847656250735930	
0.0155273437500000	0.9845703125725360	
0.0157226562500000	0.9843750000714934	
0.0159179687500000	0.9841796875704674	
0.0161132812500000	0.9839843750694532	
0.0163085937500000	0.9837890625684557	
0.0165039062500000	0.9835937500674689	
0.0166992187500000	0.9833984375665009	
0.0168945312500000	0.9832031250655517	
0.0170898437500000	0.9830078125646023	
0.0172851562500000	0.9828125000636733	
0.0174804687500000	0.9826171875627618	
0.0176757812500000	0.9824218750618551	
0.0178710937500000	0.9822265625609692	
0.0180664062500000	0.9820312500600878	
0.0182617187500000	0.9818359375592273	
0.0184570312500000	0.9816406250583665	
0.0186523437500000	0.9814453125575341	
0.0188476562500000	0.9812500000567034	
0.0190429687500000	0.9810546875558908	
0.0192382812500000	0.9808593750550832	
0.0194335937500000	0.9806640625542932	
0.0196289062500000	0.9804687500535090	
0.0198242187500000	0.9802734375527370	
0.0200195312500000	0.9800781250519821	
0.0202148437500000	0.9798828125512297	
0.0204101562500000	0.9796875000504933	
0.0206054687500000	0.9794921875497677	
0.0208007812500000	0.9792968750490488	
0.0209960937500000	0.9791015625483432	
0.0211914062500000	0.9789062500476483	
0.0213867187500000	0.9787109375469606	
0.0215820312500000	0.9785156250462799	
0.0217773437500000	0.9783203125456170	
0.0219726562500000	0.9781250000449621	
0.0221679687500000	0.9779296875443095	
0.0223632812500000	0.9777343750436747	
0.0225585937500000	0.9775390625430397	
0.0227539062500000	0.9773437500424238	
0.0229492187500000	0.9771484375418149	
0.0231445312500000	0.9769531250412066	
0.0233398437500000	0.9767578125406148	
0.0235351562500000	0.9765625000400262	
0.0237304687500000	0.9763671875394520	
0.0239257812500000	0.9761718750388799	
0.0241210937500000	0.9759765625383250	
0.0243164062500000	0.9757812500377707	
0.0245117187500000	0.9755859375372230	
0.0247070312500000	0.9753906250366835	
0.0249023437500000	0.9751953125361597	
0.0250976562500000	0.9750000000356348	
0.0252929687500000	0.9748046875351236	
0.0254882812500000	0.9746093750346144	
0.0256835937500000	0.9744140625341167	
0.0258789062500000	0.9742187500336217	
0.0260742187500000	0.9740234375331339	
0.0262695312500000	0.9738281250326563	
0.0264648437500000	0.9736328125321858	
0.0266601562500000	0.9734375000317214	
0.0268554687500000	0.9732421875312638	
0.0270507812500000	0.9730468750308140	
0.0272460937500000	0.9728515625303668	
0.0274414062500000	0.9726562500299284	
0.0276367187500000	0.9724609375294968	
0.0278320312500000	0.9722656250290679	
0.0280273437500000	0.9720703125286532	
0.0282226562500000	0.9718750000282305	
0.0284179687500000	0.9716796875278298	
0.0286132812500000	0.9714843750274259	
0.0288085937500000	0.9712890625270327	
0.0290039062500000	0.9710937500266371	
0.0291992187500000	0.9708984375262553	
0.0293945312500000	0.9707031250258755	
0.0295898437500000	0.9705078125255001	
0.0297851562500000	0.9703125000251300	
0.0299804687500000	0.9701171875247726	
0.0301757812500000	0.9699218750244085	
0.0303710937500000	0.9697265625240602	
0.0305664062500000	0.9695312500237087	
0.0307617187500000	0.9693359375233679	
0.0309570312500000	0.9691406250230317	
0.0311523437500000	0.9689453125226956	
0.0313476562500000	0.9687500000223663	
0.0315429687500000	0.9685546875220444	
0.0317382812500000	0.9683593750217243	
0.0319335937500000	0.9681640625214136	
0.0321289062500000	0.9679687500210968	
0.0323242187500000	0.9677734375207976	
0.0325195312500000	0.9675781250204909	
0.0327148437500000	0.9673828125202010	
0.0329101562500000	0.9671875000199059	
0.0331054687500000	0.9669921875196172	
0.0333007812500000	0.9667968750193351	
0.0334960937500000	0.9666015625190545	
0.0336914062500000	0.9664062500187786	
0.0338867187500000	0.9662109375185056	
0.0340820312500000	0.9660156250182367	
0.0342773437500000	0.9658203125179784	
0.0344726562500000	0.9656250000177133	
0.0346679687500000	0.9654296875174601	
0.0348632812500000	0.9652343750172073	
0.0350585937500000	0.9650390625169550	
0.0352539062500000	0.9648437500167106	
0.0354492187500000	0.9646484375164698	
0.0356445312500000	0.9644531250162283	
0.0358398437500000	0.9642578125159966	
0.0360351562500000	0.9640625000157641	
0.0362304687500000	0.9638671875155357	
0.0364257812500000	0.9636718750153092	
0.0366210937500000	0.9634765625150863	
0.0368164062500000	0.9632812500148663	
0.0370117187500000	0.9630859375146598	
0.0372070312500000	0.9628906250144383	
0.0374023437500000	0.9626953125142341	
0.0375976562500000	0.9625000000140230	
0.0377929687500000	0.9623046875138250	
0.0379882812500000	0.9621093750136207	
0.0381835937500000	0.9619140625134249	
0.0383789062500000	0.9617187500132288	
0.0385742187500000	0.9615234375130416	
0.0387695312500000	0.9613281250128515	
0.0389648437500000	0.9611328125126648	
0.0391601562500000	0.9609375000124807	
0.0393554687500000	0.9607421875122995	
0.0395507812500000	0.9605468750121253	
0.0397460937500000	0.9603515625119418	
0.0399414062500000	0.9601562500117712	
0.0401367187500000	0.9599609375116043	
0.0403320312500000	0.9597656250114360	
0.0405273437500000	0.9595703125112678	
0.0407226562500000	0.9593750000111058	
0.0409179687500000	0.9591796875109424	
0.0411132812500000	0.9589843750107858	
0.0413085937500000	0.9587890625106317	
0.0415039062500000	0.9585937500104708	
0.0416992187500000	0.9583984375103264	
0.0418945312500000	0.9582031250101778	
0.0420898437500000	0.9580078125100278	
0.0422851562500000	0.9578125000098834	
0.0424804687500000	0.9576171875097380	
0.0426757812500000	0.9574218750095989	
0.0428710937500000	0.9572265625094566	
0.0430664062500000	0.9570312500093230	
0.0432617187500000	0.9568359375091847	
0.0434570312500000	0.9566406250090524	
0.0436523437500000	0.9564453125089186	
0.0438476562500000	0.9562500000087911	
0.0440429687500000	0.9560546875086647	
0.0442382812500000	0.9558593750085371	
0.0444335937500000	0.9556640625084136	
0.0446289062500000	0.9554687500082933	
0.0448242187500000	0.9552734375081713	
0.0450195312500000	0.9550781250080531	
0.0452148437500000	0.9548828125079372	
0.0454101562500000	0.9546875000078183	
0.0456054687500000	0.9544921875077066	
0.0458007812500000	0.9542968750075957	
0.0459960937500000	0.9541015625074839	
0.0461914062500000	0.9539062500073814	
0.0463867187500000	0.9537109375072699	
0.0465820312500000	0.9535156250071661	
0.0467773437500000	0.9533203125070587	
0.0469726562500000	0.9531250000069582	
0.0471679687500000	0.9529296875068566	
0.0473632812500000	0.9527343750067592	
0.0475585937500000	0.9525390625066618	
0.0477539062500000	0.9523437500065643	
0.0479492187500000	0.9521484375064686	
0.0481445312500000	0.9519531250063740	
0.0483398437500000	0.9517578125062864	
0.0485351562500000	0.9515625000061916	
0.0487304687500000	0.9513671875060993	
0.0489257812500000	0.9511718750060136	
0.0491210937500000	0.9509765625059254	
0.0493164062500000	0.9507812500058406	
0.0495117187500000	0.9505859375057586	
0.0497070312500000	0.9503906250056749	
0.0499023437500000	0.9501953125055860	
0.0500976562500000	0.9500000000055080	
0.0502929687500000	0.9498046875054295	
0.0504882812500000	0.9496093750053498	
0.0506835937500000	0.9494140625052718	
0.0508789062500000	0.9492187500051934	
0.0510742187500000	0.9490234375051197	
0.0512695312500000	0.9488281250050495	
0.0514648437500000	0.9486328125049739	
0.0516601562500000	0.9484375000049002	
0.0518554687500000	0.9482421875048286	
0.0520507812500000	0.9480468750047600	
0.0522460937500000	0.9478515625046924	
0.0524414062500000	0.9476562500046252	
0.0526367187500000	0.9474609375045574	
0.0528320312500000	0.9472656250044886	
0.0530273437500000	0.9470703125044272	
0.0532226562500000	0.9468750000043611	
0.0534179687500000	0.9466796875042960	
0.0536132812500000	0.9464843750042364	
0.0538085937500000	0.9462890625041704	
0.0540039062500000	0.9460937500041129	
0.0541992187500000	0.9458984375040521	
0.0543945312500000	0.9457031250039923	
0.0545898437500000	0.9455078125039366	
0.0547851562500000	0.9453125000038801	
0.0549804687500000	0.9451171875038238	
0.0551757812500000	0.9449218750037675	
0.0553710937500000	0.9447265625037126	
0.0555664062500000	0.9445312500036628	
0.0557617187500000	0.9443359375036091	
0.0559570312500000	0.9441406250035577	
0.0561523437500000	0.9439453125035042	
0.0563476562500000	0.9437500000034538	
0.0565429687500000	0.9435546875034054	
0.0567382812500000	0.9433593750033541	
0.0569335937500000	0.9431640625033028	
0.0571289062500000	0.9429687500032586	
0.0573242187500000	0.9427734375032071	
0.0575195312500000	0.9425781250031653	
0.0577148437500000	0.9423828125031182	
0.0579101562500000	0.9421875000030749	
0.0581054687500000	0.9419921875030305	
0.0583007812500000	0.9417968750029831	
0.0584960937500000	0.9416015625029429	
0.0586914062500000	0.9414062500029025	
0.0588867187500000	0.9412109375028571	
0.0590820312500000	0.9410156250028171	
0.0592773437500000	0.9408203125027764	
0.0594726562500000	0.9406250000027374	
0.0596679687500000	0.9404296875026946	
0.0598632812500000	0.9402343750026582	
0.0600585937500000	0.9400390625026201	
0.0602539062500000	0.9398437500025826	
0.0604492187500000	0.9396484375025435	
0.0606445312500000	0.9394531250025078	
0.0608398437500000	0.9392578125024715	
0.0610351562500000	0.9390625000024361	
0.0612304687500000	0.9388671875023955	
0.0614257812500000	0.9386718750023652	
0.0616210937500000	0.9384765625023315	
0.0618164062500000	0.9382812500022988	
0.0620117187500000	0.9380859375022639	
0.0622070312500000	0.9378906250022314	
0.0624023437500000	0.9376953125021990	
0.0625976562500000	0.9375000000021678	
0.0627929687500000	0.9373046875021367	
0.0629882812500000	0.9371093750021076	
0.0631835937500000	0.9369140625020712	
0.0633789062500000	0.9367187500020475	
0.0635742187500000	0.9365234375020161	
0.0637695312500000	0.9363281250019905	
0.0639648437500000	0.9361328125019602	
0.0641601562500000	0.9359375000019321	
0.0643554687500000	0.9357421875019034	
0.0645507812500000	0.9355468750018732	
0.0647460937500000	0.9353515625018470	
0.0649414062500000	0.9351562500018240	
0.0651367187500000	0.9349609375017969	
0.0653320312500000	0.9347656250017685	
0.0655273437500000	0.9345703125017445	
0.0657226562500000	0.9343750000017198	
0.0659179687500000	0.9341796875016964	
0.0661132812500000	0.9339843750016708	
0.0663085937500000	0.9337890625016486	
0.0665039062500000	0.9335937500016237	
0.0666992187500000	0.9333984375015986	
0.0668945312500000	0.9332031250015806	
0.0670898437500000	0.9330078125015524	
0.0672851562500000	0.9328125000015347	
0.0674804687500000	0.9326171875015103	
0.0676757812500000	0.9324218750014877	
0.0678710937500000	0.9322265625014670	
0.0680664062500000	0.9320312500014484	
0.0682617187500000	0.9318359375014226	
0.0684570312500000	0.9316406250014087	
0.0686523437500000	0.9314453125013855	
0.0688476562500000	0.9312500000013633	
0.0690429687500000	0.9310546875013461	
0.0692382812500000	0.9308593750013271	
0.0694335937500000	0.9306640625013101	
0.0696289062500000	0.9304687500012893	
0.0698242187500000	0.9302734375012698	
0.0700195312500000	0.9300781250012523	
0.0702148437500000	0.9298828125012339	
0.0704101562500000	0.9296875000012158	
0.0706054687500000	0.9294921875011996	
0.0708007812500000	0.9292968750011815	
0.0709960937500000	0.9291015625011669	
0.0711914062500000	0.9289062500011539	
0.0713867187500000	0.9287109375011321	
0.0715820312500000	0.9285156250011170	
0.0717773437500000	0.9283203125011046	
0.0719726562500000	0.9281250000010852	
0.0721679687500000	0.9279296875010717	
0.0723632812500000	0.9277343750010580	
0.0725585937500000	0.9275390625010410	
0.0727539062500000	0.9273437500010241	
0.0729492187500000	0.9271484375010107	
0.0731445312500000	0.9269531250009972	
0.0733398437500000	0.9267578125009834	
0.0735351562500000	0.9265625000009678	
0.0737304687500000	0.9263671875009557	
0.0739257812500000	0.9261718750009396	
0.0741210937500000	0.9259765625009285	
0.0743164062500000	0.9257812500009140	
0.0745117187500000	0.9255859375009020	
0.0747070312500000	0.9253906250008858	
0.0749023437500000	0.9251953125008759	
0.0750976562500000	0.9250000000008630	
0.0752929687500000	0.9248046875008538	
0.0754882812500000	0.9246093750008378	
0.0756835937500000	0.9244140625008287	
0.0758789062500000	0.9242187500008151	
0.0760742187500000	0.9240234375008047	
0.0762695312500000	0.9238281250007918	
0.0764648437500000	0.9236328125007809	
0.0766601562500000	0.9234375000007724	
0.0768554687500000	0.9232421875007600	
0.0770507812500000	0.9230468750007471	
0.0772460937500000	0.9228515625007414	
0.0774414062500000	0.9226562500007278	
0.0776367187500000	0.9224609375007191	
0.0778320312500000	0.9222656250007087	
0.0780273437500000	0.9220703125007010	
0.0782226562500000	0.9218750000006872	
0.0784179687500000	0.9216796875006772	
0.0786132812500000	0.9214843750006704	
0.0788085937500000	0.9212890625006617	
0.0790039062500000	0.9210937500006509	
0.0791992187500000	0.9208984375006415	
0.0793945312500000	0.9207031250006344	
0.0795898437500000	0.9205078125006247	
0.0797851562500000	0.9203125000006153	
0.0799804687500000	0.9201171875006079	
0.0801757812500000	0.9199218750005979	
0.0803710937500000	0.9197265625005897	
0.0805664062500000	0.9195312500005868	
0.0807617187500000	0.9193359375005759	
0.0809570312500000	0.9191406250005680	
0.0811523437500000	0.9189453125005614	
0.0813476562500000	0.9187500000005516	
0.0815429687500000	0.9185546875005428	
0.0817382812500000	0.9183593750005349	
0.0819335937500000	0.9181640625005317	
0.0821289062500000	0.9179687500005207	
0.0823242187500000	0.9177734375005153	
0.0825195312500000	0.9175781250005085	
0.0827148437500000	0.9173828125005007	
0.0829101562500000	0.9171875000004935	
0.0831054687500000	0.9169921875004846	
0.0833007812500000	0.9167968750004812	
0.0834960937500000	0.9166015625004755	
0.0836914062500000	0.9164062500004677	
0.0838867187500000	0.9162109375004601	
0.0840820312500000	0.9160156250004566	
0.0842773437500000	0.9158203125004508	
0.0844726562500000	0.9156250000004452	
0.0846679687500000	0.9154296875004363	
0.0848632812500000	0.9152343750004333	
0.0850585937500000	0.9150390625004255	
0.0852539062500000	0.9148437500004193	
0.0854492187500000	0.9146484375004147	
0.0856445312500000	0.9144531250004099	
0.0858398437500000	0.9142578125004033	
0.0860351562500000	0.9140625000003990	
0.0862304687500000	0.9138671875003918	
0.0864257812500000	0.9136718750003895	
0.0866210937500000	0.9134765625003821	
0.0868164062500000	0.9132812500003772	
0.0870117187500000	0.9130859375003746	
0.0872070312500000	0.9128906250003660	
0.0874023437500000	0.9126953125003645	
0.0875976562500000	0.9125000000003578	
0.0877929687500000	0.9123046875003554	
0.0879882812500000	0.9121093750003466	
0.0881835937500000	0.9119140625003461	
0.0883789062500000	0.9117187500003415	
0.0885742187500000	0.9115234375003345	
0.0887695312500000	0.9113281250003303	
0.0889648437500000	0.9111328125003280	
0.0891601562500000	0.9109375000003219	
0.0893554687500000	0.9107421875003194	
0.0895507812500000	0.9105468750003141	
0.0897460937500000	0.9103515625003100	
0.0899414062500000	0.9101562500003068	
0.0901367187500000	0.9099609375003000	
0.0903320312500000	0.9097656250003006	
0.0905273437500000	0.9095703125002943	
0.0907226562500000	0.9093750000002923	
0.0909179687500000	0.9091796875002852	
0.0911132812500000	0.9089843750002853	
0.0913085937500000	0.9087890625002792	
0.0915039062500000	0.9085937500002760	
0.0916992187500000	0.9083984375002732	
0.0918945312500000	0.9082031250002706	
0.0920898437500000	0.9080078125002652	
0.0922851562500000	0.9078125000002628	
0.0924804687500000	0.9076171875002588	
0.0926757812500000	0.9074218750002585	
0.0928710937500000	0.9072265625002530	
0.0930664062500000	0.9070312500002504	
0.0932617187500000	0.9068359375002477	
0.0934570312500000	0.9066406250002446	
0.0936523437500000	0.9064453125002402	
0.0938476562500000	0.9062500000002396	
0.0940429687500000	0.9060546875002358	
0.0942382812500000	0.9058593750002311	
0.0944335937500000	0.9056640625002310	
0.0946289062500000	0.9054687500002262	
0.0948242187500000	0.9052734375002248	
0.0950195312500000	0.9050781250002211	
0.0952148437500000	0.9048828125002193	
0.0954101562500000	0.9046875000002177	
0.0956054687500000	0.9044921875002162	
0.0958007812500000	0.9042968750002105	
0.0959960937500000	0.9041015625002102	
0.0961914062500000	0.9039062500002075	
0.0963867187500000	0.9037109375002037	
0.0965820312500000	0.9035156250002035	
0.0967773437500000	0.9033203125002003	
0.0969726562500000	0.9031250000001990	
0.0971679687500000	0.9029296875001945	
0.0973632812500000	0.9027343750001944	
0.0975585937500000	0.9025390625001924	
0.0977539062500000	0.9023437500001869	
0.0979492187500000	0.9021484375001878	
0.0981445312500000	0.9019531250001844	
0.0983398437500000	0.9017578125001828	
0.0985351562500000	0.9015625000001813	
0.0987304687500000	0.9013671875001790	
0.0989257812500000	0.9011718750001763	
0.0991210937500000	0.9009765625001754	
0.0993164062500000	0.9007812500001723	
0.0995117187500000	0.9005859375001714	
0.0997070312500000	0.9003906250001720	
0.0999023437500000	0.9001953125001678	
0.1000976562500000	0.9000000000001674	
0.1002929687500000	0.8998046875001641	
0.1004882812500000	0.8996093750001642	
0.1006835937500000	0.8994140625001609	
0.1008789062500000	0.8992187500001594	
0.1010742187500000	0.8990234375001600	
0.1012695312500000	0.8988281250001549	
0.1014648437500000	0.8986328125001560	
0.1016601562500000	0.8984375000001539	
0.1018554687500000	0.8982421875001522	
0.1020507812500000	0.8980468750001505	
0.1022460937500000	0.8978515625001491	
0.1024414062500000	0.8976562500001475	
0.1026367187500000	0.8974609375001470	
0.1028320312500000	0.8972656250001456	
0.1030273437500000	0.8970703125001430	
0.1032226562500000	0.8968750000001420	
0.1034179687500000	0.8966796875001412	
0.1036132812500000	0.8964843750001398	
0.1038085937500000	0.8962890625001395	
0.1040039062500000	0.8960937500001366	
0.1041992187500000	0.8958984375001355	
0.1043945312500000	0.8957031250001352	
0.1045898437500000	0.8955078125001330	
0.1047851562500000	0.8953125000001324	
0.1049804687500000	0.8951171875001305	
0.1051757812500000	0.8949218750001301	
0.1053710937500000	0.8947265625001304	
0.1055664062500000	0.8945312500001276	
0.1057617187500000	0.8943359375001281	
0.1059570312500000	0.8941406250001241	
0.1061523437500000	0.8939453125001241	
0.1063476562500000	0.8937500000001243	
0.1065429687500000	0.8935546875001222	
0.1067382812500000	0.8933593750001206	
0.1069335937500000	0.8931640625001216	
0.1071289062500000	0.8929687500001199	
0.1073242187500000	0.8927734375001183	
0.1075195312500000	0.8925781250001178	
0.1077148437500000	0.8923828125001168	
0.1079101562500000	0.8921875000001162	
0.1081054687500000	0.8919921875001152	
0.1083007812500000	0.8917968750001142	
0.1084960937500000	0.8916015625001131	
0.1086914062500000	0.8914062500001128	
0.1088867187500000	0.8912109375001103	
0.1090820312500000	0.8910156250001127	
0.1092773437500000	0.8908203125001101	
0.1094726562500000	0.8906250000001106	
0.1096679687500000	0.8904296875001085	
0.1098632812500000	0.8902343750001090	
0.1100585937500000	0.8900390625001082	
0.1102539062500000	0.8898437500001080	
0.1104492187500000	0.8896484375001049	
0.1106445312500000	0.8894531250001074	
0.1108398437500000	0.8892578125001053	
0.1110351562500000	0.8890625000001048	
0.1112304687500000	0.8888671875001052	
0.1114257812500000	0.8886718750001048	
0.1116210937500000	0.8884765625001035	
0.1118164062500000	0.8882812500001032	
0.1120117187500000	0.8880859375001027	
0.1122070312500000	0.8878906250001020	
0.1124023437500000	0.8876953125001019	
0.1125976562500000	0.8875000000001013	
0.1127929687500000	0.8873046875001015	
0.1129882812500000	0.8871093750000998	
0.1131835937500000	0.8869140625000999	
0.1133789062500000	0.8867187500001009	
0.1135742187500000	0.8865234375000993	
0.1137695312500000	0.8863281250001006	
0.1139648437500000	0.8861328125000993	
0.1141601562500000	0.8859375000000996	
0.1143554687500000	0.8857421875000991	
0.1145507812500000	0.8855468750001003	
0.1147460937500000	0.8853515625000982	
0.1149414062500000	0.8851562500001005	
0.1151367187500000	0.8849609375000985	
0.1153320312500000	0.8847656250000996	
0.1155273437500000	0.8845703125000994	
0.1157226562500000	0.8843750000000999	
0.1159179687500000	0.8841796875000991	
0.1161132812500000	0.8839843750000992	
0.1163085937500000	0.8837890625000994	
0.1165039062500000	0.8835937500000991	
0.1166992187500000	0.8833984375000993	
0.1168945312500000	0.8832031250000995	
0.1170898437500000	0.8830078125001001	
0.1172851562500000	0.8828125000000989	
0.1174804687500000	0.8826171875001002	
0.1176757812500000	0.8824218750000995	
0.1178710937500000	0.8822265625000992	
0.1180664062500000	0.8820312500000990	
0.1182617187500000	0.8818359375000995	
0.1184570312500000	0.8816406250000989	
0.1186523437500000	0.8814453125000995	
0.1188476562500000	0.8812500000000998	
0.1190429687500000	0.8810546875000994	
0.1192382812500000	0.8808593750000994	
0.1194335937500000	0.8806640625000997	
0.1196289062500000	0.8804687500001001	
0.1198242187500000	0.8802734375000996	
0.1200195312500000	0.8800781250000991	
0.1202148437500000	0.8798828125000994	
