0.010000 0.010000 0.000000 
0.030000 0.010000 0.000000 
0.050000 0.010000 0.000000 
0.070000 0.010000 0.000000 
0.090000 0.010000 0.000000 
0.110000 0.010000 0.000000 
0.130000 0.010000 0.000000 
0.150000 0.010000 0.000000 
0.170000 0.010000 0.000000 
0.190000 0.010000 0.000000 
0.210000 0.010000 0.000000 
0.230000 0.010000 0.000000 
0.250000 0.010000 0.000000 
0.270000 0.010000 0.000000 
0.290000 0.010000 0.000000 
0.310000 0.010000 0.000000 
0.330000 0.010000 0.000000 
0.350000 0.010000 0.000000 
0.370000 0.010000 0.000000 
0.390000 0.010000 0.000000 
0.410000 0.010000 0.000000 
0.430000 0.010000 0.000000 
0.450000 0.010000 0.000000 
0.470000 0.010000 0.000000 
0.490000 0.010000 0.000000 
0.510000 0.010000 0.000000 
0.530000 0.010000 0.000000 
0.550000 0.010000 0.000000 
0.570000 0.010000 0.000000 
0.590000 0.010000 0.000000 
0.610000 0.010000 0.000000 
0.630000 0.010000 0.000000 
0.650000 0.010000 0.000000 
0.670000 0.010000 0.000000 
0.690000 0.010000 0.000000 
0.710000 0.010000 0.000000 
0.730000 0.010000 0.000000 
0.750000 0.010000 0.000000 
0.770000 0.010000 0.000000 
0.790000 0.010000 0.000000 
0.810000 0.010000 0.000000 
0.830000 0.010000 0.000000 
0.850000 0.010000 0.000000 
0.870000 0.010000 0.000000 
0.890000 0.010000 0.000000 
0.910000 0.010000 0.000000 
0.930000 0.010000 0.000000 
0.950000 0.010000 0.000000 
0.970000 0.010000 0.000000 
0.990000 0.010000 0.000000 
0.010000 0.030000 0.000000 
0.030000 0.030000 0.000000 
0.050000 0.030000 0.000000 
0.070000 0.030000 0.000000 
0.090000 0.030000 0.000000 
0.110000 0.030000 0.000000 
0.130000 0.030000 0.000000 
0.150000 0.030000 0.000000 
0.170000 0.030000 0.000000 
0.190000 0.030000 0.000000 
0.210000 0.030000 0.000000 
0.230000 0.030000 0.000000 
0.250000 0.030000 0.000000 
0.270000 0.030000 0.000000 
0.290000 0.030000 0.000000 
0.310000 0.030000 0.000000 
0.330000 0.030000 0.000000 
0.350000 0.030000 0.000000 
0.370000 0.030000 0.000000 
0.390000 0.030000 0.000000 
0.410000 0.030000 0.000000 
0.430000 0.030000 0.000000 
0.450000 0.030000 0.000000 
0.470000 0.030000 0.000000 
0.490000 0.030000 0.000000 
0.510000 0.030000 0.000000 
0.530000 0.030000 0.000000 
0.550000 0.030000 0.000000 
0.570000 0.030000 0.000000 
0.590000 0.030000 0.000000 
0.610000 0.030000 0.000000 
0.630000 0.030000 0.000000 
0.650000 0.030000 0.000000 
0.670000 0.030000 0.000000 
0.690000 0.030000 0.000000 
0.710000 0.030000 0.000000 
0.730000 0.030000 0.000000 
0.750000 0.030000 0.000000 
0.770000 0.030000 0.000000 
0.790000 0.030000 0.000000 
0.810000 0.030000 0.000000 
0.830000 0.030000 0.000000 
0.850000 0.030000 0.000000 
0.870000 0.030000 0.000000 
0.890000 0.030000 0.000000 
0.910000 0.030000 0.000000 
0.930000 0.030000 0.000000 
0.950000 0.030000 0.000000 
0.970000 0.030000 0.000000 
0.990000 0.030000 0.000000 
0.010000 0.050000 0.000000 
0.030000 0.050000 0.000000 
0.050000 0.050000 0.000000 
0.070000 0.050000 0.000000 
0.090000 0.050000 0.000000 
0.110000 0.050000 0.000000 
0.130000 0.050000 0.000000 
0.150000 0.050000 0.000000 
0.170000 0.050000 0.000000 
0.190000 0.050000 0.000000 
0.210000 0.050000 0.000000 
0.230000 0.050000 0.000000 
0.250000 0.050000 0.000000 
0.270000 0.050000 0.000000 
0.290000 0.050000 0.000000 
0.310000 0.050000 0.000000 
0.330000 0.050000 0.000000 
0.350000 0.050000 0.000000 
0.370000 0.050000 0.000000 
0.390000 0.050000 0.000000 
0.410000 0.050000 0.000000 
0.430000 0.050000 0.000000 
0.450000 0.050000 0.000000 
0.470000 0.050000 0.000000 
0.490000 0.050000 0.000000 
0.510000 0.050000 0.000000 
0.530000 0.050000 0.000000 
0.550000 0.050000 0.000000 
0.570000 0.050000 0.000000 
0.590000 0.050000 0.000000 
0.610000 0.050000 0.000000 
0.630000 0.050000 0.000000 
0.650000 0.050000 0.000000 
0.670000 0.050000 0.000000 
0.690000 0.050000 0.000000 
0.710000 0.050000 0.000000 
0.730000 0.050000 0.000000 
0.750000 0.050000 0.000000 
0.770000 0.050000 0.000000 
0.790000 0.050000 0.000000 
0.810000 0.050000 0.000000 
0.830000 0.050000 0.000000 
0.850000 0.050000 0.000000 
0.870000 0.050000 0.000000 
0.890000 0.050000 0.000000 
0.910000 0.050000 0.000000 
0.930000 0.050000 0.000000 
0.950000 0.050000 0.000000 
0.970000 0.050000 0.000000 
0.990000 0.050000 0.000000 
0.010000 0.070000 0.000000 
0.030000 0.070000 0.000000 
0.050000 0.070000 0.000000 
0.070000 0.070000 0.000000 
0.090000 0.070000 0.000000 
0.110000 0.070000 0.000000 
0.130000 0.070000 0.000000 
0.150000 0.070000 0.000000 
0.170000 0.070000 0.000000 
0.190000 0.070000 0.000000 
0.210000 0.070000 0.000000 
0.230000 0.070000 0.000000 
0.250000 0.070000 0.000000 
0.270000 0.070000 0.000000 
0.290000 0.070000 0.000000 
0.310000 0.070000 0.000000 
0.330000 0.070000 0.000000 
0.350000 0.070000 0.000000 
0.370000 0.070000 0.000000 
0.390000 0.070000 0.000000 
0.410000 0.070000 0.000000 
0.430000 0.070000 0.000000 
0.450000 0.070000 0.000000 
0.470000 0.070000 0.000000 
0.490000 0.070000 0.000000 
0.510000 0.070000 0.000000 
0.530000 0.070000 0.000000 
0.550000 0.070000 0.000000 
0.570000 0.070000 0.000000 
0.590000 0.070000 0.000000 
0.610000 0.070000 0.000000 
0.630000 0.070000 0.000000 
0.650000 0.070000 0.000000 
0.670000 0.070000 0.000000 
0.690000 0.070000 0.000000 
0.710000 0.070000 0.000000 
0.730000 0.070000 0.000000 
0.750000 0.070000 0.000000 
0.770000 0.070000 0.000000 
0.790000 0.070000 0.000000 
0.810000 0.070000 0.000000 
0.830000 0.070000 0.000000 
0.850000 0.070000 0.000000 
0.870000 0.070000 0.000000 
0.890000 0.070000 0.000000 
0.910000 0.070000 0.000000 
0.930000 0.070000 0.000000 
0.950000 0.070000 0.000000 
0.970000 0.070000 0.000000 
0.990000 0.070000 0.000000 
0.010000 0.090000 0.000000 
0.030000 0.090000 0.000000 
0.050000 0.090000 0.000000 
0.070000 0.090000 0.000000 
0.090000 0.090000 -0.000000 
0.110000 0.090000 0.000000 
0.130000 0.090000 -0.000000 
0.150000 0.090000 -0.000000 
0.170000 0.090000 -0.000000 
0.190000 0.090000 0.000000 
0.210000 0.090000 0.000000 
0.230000 0.090000 0.000000 
0.250000 0.090000 0.000000 
0.270000 0.090000 0.000000 
0.290000 0.090000 0.000000 
0.310000 0.090000 0.000000 
0.330000 0.090000 0.000000 
0.350000 0.090000 0.000000 
0.370000 0.090000 0.000000 
0.390000 0.090000 0.000000 
0.410000 0.090000 0.000000 
0.430000 0.090000 0.000000 
0.450000 0.090000 0.000000 
0.470000 0.090000 0.000000 
0.490000 0.090000 0.000000 
0.510000 0.090000 0.000000 
0.530000 0.090000 0.000000 
0.550000 0.090000 0.000000 
0.570000 0.090000 0.000000 
0.590000 0.090000 0.000000 
0.610000 0.090000 0.000000 
0.630000 0.090000 0.000000 
0.650000 0.090000 0.000000 
0.670000 0.090000 0.000000 
0.690000 0.090000 0.000000 
0.710000 0.090000 0.000000 
0.730000 0.090000 0.000000 
0.750000 0.090000 0.000000 
0.770000 0.090000 0.000000 
0.790000 0.090000 0.000000 
0.810000 0.090000 0.000000 
0.830000 0.090000 0.000000 
0.850000 0.090000 0.000000 
0.870000 0.090000 0.000000 
0.890000 0.090000 0.000000 
0.910000 0.090000 0.000000 
0.930000 0.090000 0.000000 
0.950000 0.090000 0.000000 
0.970000 0.090000 0.000000 
0.990000 0.090000 0.000000 
0.010000 0.110000 0.000000 
0.030000 0.110000 0.000000 
0.050000 0.110000 0.000000 
0.070000 0.110000 0.000000 
0.090000 0.110000 0.000000 
0.110000 0.110000 0.000000 
0.130000 0.110000 0.000000 
0.150000 0.110000 0.000000 
0.170000 0.110000 0.000000 
0.190000 0.110000 0.000000 
0.210000 0.110000 0.000000 
0.230000 0.110000 0.000000 
0.250000 0.110000 0.000000 
0.270000 0.110000 0.000000 
0.290000 0.110000 0.000000 
0.310000 0.110000 0.000000 
0.330000 0.110000 0.000000 
0.350000 0.110000 0.000000 
0.370000 0.110000 0.000000 
0.390000 0.110000 0.000000 
0.410000 0.110000 0.000000 
0.430000 0.110000 0.000000 
0.450000 0.110000 0.000000 
0.470000 0.110000 0.000000 
0.490000 0.110000 0.000000 
0.510000 0.110000 0.000000 
0.530000 0.110000 0.000000 
0.550000 0.110000 0.000000 
0.570000 0.110000 0.000000 
0.590000 0.110000 0.000000 
0.610000 0.110000 0.000000 
0.630000 0.110000 0.000000 
0.650000 0.110000 0.000000 
0.670000 0.110000 0.000000 
0.690000 0.110000 0.000000 
0.710000 0.110000 0.000000 
0.730000 0.110000 0.000000 
0.750000 0.110000 0.000000 
0.770000 0.110000 0.000000 
0.790000 0.110000 0.000000 
0.810000 0.110000 0.000000 
0.830000 0.110000 0.000000 
0.850000 0.110000 0.000000 
0.870000 0.110000 0.000000 
0.890000 0.110000 0.000000 
0.910000 0.110000 0.000000 
0.930000 0.110000 0.000000 
0.950000 0.110000 0.000000 
0.970000 0.110000 0.000000 
0.990000 0.110000 0.000000 
0.010000 0.130000 0.000000 
0.030000 0.130000 0.000000 
0.050000 0.130000 0.000000 
0.070000 0.130000 0.000000 
0.090000 0.130000 -0.000000 
0.110000 0.130000 0.000000 
0.130000 0.130000 -0.000000 
0.150000 0.130000 -0.000000 
0.170000 0.130000 -0.000000 
0.190000 0.130000 -0.000000 
0.210000 0.130000 -0.000000 
0.230000 0.130000 -0.000000 
0.250000 0.130000 -0.000000 
0.270000 0.130000 0.000000 
0.290000 0.130000 0.000000 
0.310000 0.130000 0.000000 
0.330000 0.130000 0.000000 
0.350000 0.130000 0.000000 
0.370000 0.130000 0.000000 
0.390000 0.130000 0.000000 
0.410000 0.130000 0.000000 
0.430000 0.130000 0.000000 
0.450000 0.130000 0.000000 
0.470000 0.130000 0.000000 
0.490000 0.130000 0.000000 
0.510000 0.130000 0.000000 
0.530000 0.130000 0.000000 
0.550000 0.130000 0.000000 
0.570000 0.130000 0.000000 
0.590000 0.130000 0.000000 
0.610000 0.130000 0.000000 
0.630000 0.130000 0.000000 
0.650000 0.130000 0.000000 
0.670000 0.130000 -0.000000 
0.690000 0.130000 -0.000000 
0.710000 0.130000 -0.000000 
0.730000 0.130000 -0.000000 
0.750000 0.130000 0.000000 
0.770000 0.130000 0.000000 
0.790000 0.130000 0.000000 
0.810000 0.130000 0.000000 
0.830000 0.130000 0.000000 
0.850000 0.130000 0.000000 
0.870000 0.130000 0.000000 
0.890000 0.130000 0.000000 
0.910000 0.130000 0.000000 
0.930000 0.130000 0.000000 
0.950000 0.130000 0.000000 
0.970000 0.130000 0.000000 
0.990000 0.130000 0.000000 
0.010000 0.150000 0.000000 
0.030000 0.150000 0.000000 
0.050000 0.150000 0.000000 
0.070000 0.150000 0.000000 
0.090000 0.150000 -0.000000 
0.110000 0.150000 0.000000 
0.130000 0.150000 -0.000000 
0.150000 0.150000 0.000000 
0.170000 0.150000 0.000000 
0.190000 0.150000 0.000000 
0.210000 0.150000 0.000000 
0.230000 0.150000 0.000000 
0.250000 0.150000 0.000000 
0.270000 0.150000 0.000000 
0.290000 0.150000 0.000000 
0.310000 0.150000 0.000000 
0.330000 0.150000 0.000000 
0.350000 0.150000 -0.000000 
0.370000 0.150000 -0.000000 
0.390000 0.150000 0.000000 
0.410000 0.150000 0.000000 
0.430000 0.150000 0.000000 
0.450000 0.150000 0.000000 
0.470000 0.150000 0.000000 
0.490000 0.150000 0.000000 
0.510000 0.150000 0.000000 
0.530000 0.150000 0.000000 
0.550000 0.150000 0.000000 
0.570000 0.150000 0.000000 
0.590000 0.150000 0.000000 
0.610000 0.150000 0.000000 
0.630000 0.150000 0.000000 
0.650000 0.150000 -0.000000 
0.670000 0.150000 -0.000000 
0.690000 0.150000 -0.000000 
0.710000 0.150000 -0.000000 
0.730000 0.150000 -0.000000 
0.750000 0.150000 0.000000 
0.770000 0.150000 0.000000 
0.790000 0.150000 0.000000 
0.810000 0.150000 0.000000 
0.830000 0.150000 0.000000 
0.850000 0.150000 0.000000 
0.870000 0.150000 0.000000 
0.890000 0.150000 0.000000 
0.910000 0.150000 0.000000 
0.930000 0.150000 0.000000 
0.950000 0.150000 0.000000 
0.970000 0.150000 0.000000 
0.990000 0.150000 0.000000 
0.010000 0.170000 0.000000 
0.030000 0.170000 0.000000 
0.050000 0.170000 0.000000 
0.070000 0.170000 0.000000 
0.090000 0.170000 -0.000000 
0.110000 0.170000 0.000000 
0.130000 0.170000 -0.000000 
0.150000 0.170000 0.000000 
0.170000 0.170000 0.000000 
0.190000 0.170000 -0.000000 
0.210000 0.170000 0.000000 
0.230000 0.170000 -0.000000 
0.250000 0.170000 -0.000000 
0.270000 0.170000 -0.000000 
0.290000 0.170000 -0.000000 
0.310000 0.170000 -0.000000 
0.330000 0.170000 -0.000000 
0.350000 0.170000 -0.000000 
0.370000 0.170000 0.000000 
0.390000 0.170000 0.000000 
0.410000 0.170000 0.000000 
0.430000 0.170000 0.000000 
0.450000 0.170000 0.000000 
0.470000 0.170000 -0.000000 
0.490000 0.170000 -0.000000 
0.510000 0.170000 -0.000000 
0.530000 0.170000 0.000000 
0.550000 0.170000 0.000000 
0.570000 0.170000 0.000000 
0.590000 0.170000 0.000000 
0.610000 0.170000 0.000000 
0.630000 0.170000 -0.000000 
0.650000 0.170000 -0.000000 
0.670000 0.170000 -0.000000 
0.690000 0.170000 -0.000000 
0.710000 0.170000 -0.000000 
0.730000 0.170000 0.000000 
0.750000 0.170000 0.000000 
0.770000 0.170000 0.000000 
0.790000 0.170000 0.000000 
0.810000 0.170000 0.000000 
0.830000 0.170000 0.000000 
0.850000 0.170000 0.000000 
0.870000 0.170000 0.000000 
0.890000 0.170000 0.000000 
0.910000 0.170000 0.000000 
0.930000 0.170000 0.000000 
0.950000 0.170000 0.000000 
0.970000 0.170000 0.000000 
0.990000 0.170000 0.000000 
0.010000 0.190000 0.000000 
0.030000 0.190000 0.000000 
0.050000 0.190000 0.000000 
0.070000 0.190000 0.000000 
0.090000 0.190000 0.000000 
0.110000 0.190000 0.000000 
0.130000 0.190000 -0.000000 
0.150000 0.190000 0.000000 
0.170000 0.190000 -0.000000 
0.190000 0.190000 -0.000000 
0.210000 0.190000 -0.000000 
0.230000 0.190000 -0.000000 
0.250000 0.190000 -0.000000 
0.270000 0.190000 -0.000000 
0.290000 0.190000 -0.000000 
0.310000 0.190000 -0.000000 
0.330000 0.190000 -0.000000 
0.350000 0.190000 0.000000 
0.370000 0.190000 0.000000 
0.390000 0.190000 0.000000 
0.410000 0.190000 0.000000 
0.430000 0.190000 0.000000 
0.450000 0.190000 -0.000000 
0.470000 0.190000 -0.000000 
0.490000 0.190000 -0.000000 
0.510000 0.190000 -0.000000 
0.530000 0.190000 0.000000 
0.550000 0.190000 0.000000 
0.570000 0.190000 0.000000 
0.590000 0.190000 0.000000 
0.610000 0.190000 0.000000 
0.630000 0.190000 -0.000000 
0.650000 0.190000 -0.000000 
0.670000 0.190000 -0.000000 
0.690000 0.190000 -0.000000 
0.710000 0.190000 -0.000000 
0.730000 0.190000 0.000000 
0.750000 0.190000 0.000000 
0.770000 0.190000 0.000000 
0.790000 0.190000 0.000000 
0.810000 0.190000 0.000000 
0.830000 0.190000 0.000000 
0.850000 0.190000 0.000000 
0.870000 0.190000 0.000000 
0.890000 0.190000 0.000000 
0.910000 0.190000 0.000000 
0.930000 0.190000 0.000000 
0.950000 0.190000 0.000000 
0.970000 0.190000 0.000000 
0.990000 0.190000 0.000000 
0.010000 0.210000 0.000000 
0.030000 0.210000 0.000000 
0.050000 0.210000 0.000000 
0.070000 0.210000 0.000000 
0.090000 0.210000 0.000000 
0.110000 0.210000 0.000000 
0.130000 0.210000 -0.000000 
0.150000 0.210000 0.000000 
0.170000 0.210000 0.000000 
0.190000 0.210000 -0.000000 
0.210000 0.210000 0.000000 
0.230000 0.210000 0.000000 
0.250000 0.210000 0.000000 
0.270000 0.210000 -0.000000 
0.290000 0.210000 -0.000000 
0.310000 0.210000 -0.000000 
0.330000 0.210000 -0.000000 
0.350000 0.210000 0.000000 
0.370000 0.210000 0.000000 
0.390000 0.210000 0.000000 
0.410000 0.210000 0.000000 
0.430000 0.210000 -0.000000 
0.450000 0.210000 -0.000000 
0.470000 0.210000 -0.000000 
0.490000 0.210000 -0.000000 
0.510000 0.210000 -0.000000 
0.530000 0.210000 0.000000 
0.550000 0.210000 0.000000 
0.570000 0.210000 0.000000 
0.590000 0.210000 0.000000 
0.610000 0.210000 -0.000000 
0.630000 0.210000 -0.000000 
0.650000 0.210000 -0.000000 
0.670000 0.210000 -0.000000 
0.690000 0.210000 -0.000000 
0.710000 0.210000 0.000000 
0.730000 0.210000 0.000000 
0.750000 0.210000 0.000000 
0.770000 0.210000 0.000000 
0.790000 0.210000 0.000000 
0.810000 0.210000 0.000000 
0.830000 0.210000 0.000000 
0.850000 0.210000 0.000000 
0.870000 0.210000 0.000000 
0.890000 0.210000 0.000000 
0.910000 0.210000 0.000000 
0.930000 0.210000 0.000000 
0.950000 0.210000 0.000000 
0.970000 0.210000 0.000000 
0.990000 0.210000 0.000000 
0.010000 0.230000 0.000000 
0.030000 0.230000 0.000000 
0.050000 0.230000 0.000000 
0.070000 0.230000 0.000000 
0.090000 0.230000 0.000000 
0.110000 0.230000 0.000000 
0.130000 0.230000 -0.000000 
0.150000 0.230000 0.000000 
0.170000 0.230000 -0.000000 
0.190000 0.230000 -0.000000 
0.210000 0.230000 0.000000 
0.230000 0.230000 -0.000000 
0.250000 0.230000 -0.000000 
0.270000 0.230000 -0.000000 
0.290000 0.230000 -0.000000 
0.310000 0.230000 -0.000000 
0.330000 0.230000 0.000000 
0.350000 0.230000 0.000000 
0.370000 0.230000 0.000000 
0.390000 0.230000 0.000000 
0.410000 0.230000 0.000000 
0.430000 0.230000 -0.000000 
0.450000 0.230000 -0.000000 
0.470000 0.230000 -0.000000 
0.490000 0.230000 -0.000000 
0.510000 0.230000 0.000000 
0.530000 0.230000 0.000000 
0.550000 0.230000 0.000000 
0.570000 0.230000 0.000000 
0.590000 0.230000 0.000000 
0.610000 0.230000 -0.000000 
0.630000 0.230000 -0.000000 
0.650000 0.230000 -0.000000 
0.670000 0.230000 -0.000000 
0.690000 0.230000 -0.000000 
0.710000 0.230000 0.000000 
0.730000 0.230000 0.000000 
0.750000 0.230000 0.000000 
0.770000 0.230000 0.000001 
0.790000 0.230000 0.000001 
0.810000 0.230000 0.000001 
0.830000 0.230000 0.000000 
0.850000 0.230000 0.000000 
0.870000 0.230000 0.000000 
0.890000 0.230000 0.000000 
0.910000 0.230000 0.000000 
0.930000 0.230000 0.000000 
0.950000 0.230000 0.000000 
0.970000 0.230000 0.000000 
0.990000 0.230000 0.000000 
0.010000 0.250000 0.000000 
0.030000 0.250000 0.000000 
0.050000 0.250000 0.000000 
0.070000 0.250000 0.000000 
0.090000 0.250000 0.000000 
0.110000 0.250000 0.000000 
0.130000 0.250000 -0.000000 
0.150000 0.250000 0.000000 
0.170000 0.250000 -0.000000 
0.190000 0.250000 -0.000000 
0.210000 0.250000 0.000000 
0.230000 0.250000 -0.000000 
0.250000 0.250000 -0.000000 
0.270000 0.250000 -0.000000 
0.290000 0.250000 -0.000000 
0.310000 0.250000 0.000000 
0.330000 0.250000 0.000000 
0.350000 0.250000 0.000000 
0.370000 0.250000 0.000000 
0.390000 0.250000 0.000000 
0.410000 0.250000 -0.000000 
0.430000 0.250000 -0.000000 
0.450000 0.250000 -0.000000 
0.470000 0.250000 -0.000000 
0.490000 0.250000 0.000000 
0.510000 0.250000 0.000000 
0.530000 0.250000 0.000000 
0.550000 0.250000 0.000000 
0.570000 0.250000 0.000000 
0.590000 0.250000 -0.000000 
0.610000 0.250000 -0.000000 
0.630000 0.250000 -0.000000 
0.650000 0.250000 -0.000000 
0.670000 0.250000 -0.000000 
0.690000 0.250000 0.000000 
0.710000 0.250000 0.000001 
0.730000 0.250000 0.000001 
0.750000 0.250000 0.000002 
0.770000 0.250000 0.000002 
0.790000 0.250000 0.000002 
0.810000 0.250000 0.000002 
0.830000 0.250000 0.000002 
0.850000 0.250000 0.000001 
0.870000 0.250000 0.000001 
0.890000 0.250000 0.000000 
0.910000 0.250000 0.000000 
0.930000 0.250000 0.000000 
0.950000 0.250000 0.000000 
0.970000 0.250000 0.000000 
0.990000 0.250000 0.000000 
0.010000 0.270000 0.000000 
0.030000 0.270000 0.000000 
0.050000 0.270000 0.000000 
0.070000 0.270000 0.000000 
0.090000 0.270000 0.000000 
0.110000 0.270000 0.000000 
0.130000 0.270000 0.000000 
0.150000 0.270000 0.000000 
0.170000 0.270000 -0.000000 
0.190000 0.270000 -0.000000 
0.210000 0.270000 -0.000000 
0.230000 0.270000 -0.000000 
0.250000 0.270000 -0.000000 
0.270000 0.270000 -0.000000 
0.290000 0.270000 0.000000 
0.310000 0.270000 0.000000 
0.330000 0.270000 0.000000 
0.350000 0.270000 0.000000 
0.370000 0.270000 0.000000 
0.390000 0.270000 -0.000000 
0.410000 0.270000 -0.000000 
0.430000 0.270000 -0.000000 
0.450000 0.270000 -0.000000 
0.470000 0.270000 -0.000000 
0.490000 0.270000 0.000000 
0.510000 0.270000 0.000000 
0.530000 0.270000 0.000000 
0.550000 0.270000 0.000000 
0.570000 0.270000 -0.000000 
0.590000 0.270000 -0.000000 
0.610000 0.270000 -0.000000 
0.630000 0.270000 -0.000001 
0.650000 0.270000 -0.000001 
0.670000 0.270000 -0.000000 
0.690000 0.270000 0.000001 
0.710000 0.270000 0.000003 
0.730000 0.270000 0.000005 
0.750000 0.270000 0.000007 
0.770000 0.270000 0.000008 
0.790000 0.270000 0.000008 
0.810000 0.270000 0.000007 
0.830000 0.270000 0.000005 
0.850000 0.270000 0.000004 
0.870000 0.270000 0.000003 
0.890000 0.270000 0.000001 
0.910000 0.270000 0.000001 
0.930000 0.270000 0.000000 
0.950000 0.270000 0.000000 
0.970000 0.270000 0.000000 
0.990000 0.270000 0.000000 
0.010000 0.290000 0.000000 
0.030000 0.290000 0.000000 
0.050000 0.290000 0.000000 
0.070000 0.290000 0.000000 
0.090000 0.290000 0.000000 
0.110000 0.290000 0.000000 
0.130000 0.290000 0.000000 
0.150000 0.290000 0.000000 
0.170000 0.290000 -0.000000 
0.190000 0.290000 -0.000000 
0.210000 0.290000 -0.000000 
0.230000 0.290000 -0.000000 
0.250000 0.290000 -0.000000 
0.270000 0.290000 0.000000 
0.290000 0.290000 0.000000 
0.310000 0.290000 0.000000 
0.330000 0.290000 0.000000 
0.350000 0.290000 0.000000 
0.370000 0.290000 -0.000000 
0.390000 0.290000 -0.000000 
0.410000 0.290000 -0.000000 
0.430000 0.290000 -0.000000 
0.450000 0.290000 -0.000000 
0.470000 0.290000 0.000000 
0.490000 0.290000 0.000000 
0.510000 0.290000 0.000000 
0.530000 0.290000 0.000000 
0.550000 0.290000 0.000000 
0.570000 0.290000 -0.000000 
0.590000 0.290000 -0.000001 
0.610000 0.290000 -0.000002 
0.630000 0.290000 -0.000002 
0.650000 0.290000 -0.000002 
0.670000 0.290000 0.000001 
0.690000 0.290000 0.000005 
0.710000 0.290000 0.000012 
0.730000 0.290000 0.000018 
0.750000 0.290000 0.000023 
0.770000 0.290000 0.000026 
0.790000 0.290000 0.000025 
0.810000 0.290000 0.000021 
0.830000 0.290000 0.000017 
0.850000 0.290000 0.000012 
0.870000 0.290000 0.000007 
0.890000 0.290000 0.000004 
0.910000 0.290000 0.000002 
0.930000 0.290000 0.000001 
0.950000 0.290000 0.000000 
0.970000 0.290000 0.000000 
0.990000 0.290000 0.000000 
0.010000 0.310000 0.000000 
0.030000 0.310000 0.000000 
0.050000 0.310000 0.000000 
0.070000 0.310000 0.000000 
0.090000 0.310000 0.000000 
0.110000 0.310000 0.000000 
0.130000 0.310000 0.000000 
0.150000 0.310000 0.000000 
0.170000 0.310000 -0.000000 
0.190000 0.310000 -0.000000 
0.210000 0.310000 -0.000000 
0.230000 0.310000 -0.000000 
0.250000 0.310000 0.000000 
0.270000 0.310000 0.000000 
0.290000 0.310000 0.000000 
0.310000 0.310000 0.000000 
0.330000 0.310000 0.000000 
0.350000 0.310000 -0.000000 
0.370000 0.310000 -0.000000 
0.390000 0.310000 -0.000000 
0.410000 0.310000 -0.000000 
0.430000 0.310000 -0.000000 
0.450000 0.310000 0.000000 
0.470000 0.310000 0.000000 
0.490000 0.310000 0.000000 
0.510000 0.310000 0.000000 
0.530000 0.310000 0.000000 
0.550000 0.310000 -0.000000 
0.570000 0.310000 -0.000001 
0.590000 0.310000 -0.000003 
0.610000 0.310000 -0.000005 
0.630000 0.310000 -0.000005 
0.650000 0.310000 -0.000001 
0.670000 0.310000 0.000009 
0.690000 0.310000 0.000025 
0.710000 0.310000 0.000044 
0.730000 0.310000 0.000063 
0.750000 0.310000 0.000075 
0.770000 0.310000 0.000080 
0.790000 0.310000 0.000074 
0.810000 0.310000 0.000062 
0.830000 0.310000 0.000047 
0.850000 0.310000 0.000032 
0.870000 0.310000 0.000020 
0.890000 0.310000 0.000011 
0.910000 0.310000 0.000006 
0.930000 0.310000 0.000003 
0.950000 0.310000 0.000001 
0.970000 0.310000 0.000000 
0.990000 0.310000 0.000000 
0.010000 0.330000 0.000000 
0.030000 0.330000 0.000000 
0.050000 0.330000 0.000000 
0.070000 0.330000 0.000000 
0.090000 0.330000 0.000000 
0.110000 0.330000 0.000000 
0.130000 0.330000 0.000000 
0.150000 0.330000 0.000000 
0.170000 0.330000 -0.000000 
0.190000 0.330000 -0.000000 
0.210000 0.330000 -0.000000 
0.230000 0.330000 0.000000 
0.250000 0.330000 0.000000 
0.270000 0.330000 0.000000 
0.290000 0.330000 0.000000 
0.310000 0.330000 0.000000 
0.330000 0.330000 -0.000000 
0.350000 0.330000 -0.000000 
0.370000 0.330000 -0.000000 
0.390000 0.330000 -0.000000 
0.410000 0.330000 -0.000000 
0.430000 0.330000 0.000000 
0.450000 0.330000 0.000000 
0.470000 0.330000 0.000000 
0.490000 0.330000 0.000000 
0.510000 0.330000 0.000000 
0.530000 0.330000 -0.000000 
0.550000 0.330000 -0.000002 
0.570000 0.330000 -0.000005 
0.590000 0.330000 -0.000009 
0.610000 0.330000 -0.000012 
0.630000 0.330000 -0.000007 
0.650000 0.330000 0.000011 
0.670000 0.330000 0.000046 
0.690000 0.330000 0.000095 
0.710000 0.330000 0.000150 
0.730000 0.330000 0.000198 
0.750000 0.330000 0.000226 
0.770000 0.330000 0.000229 
0.790000 0.330000 0.000207 
0.810000 0.330000 0.000169 
0.830000 0.330000 0.000124 
0.850000 0.330000 0.000083 
0.870000 0.330000 0.000051 
0.890000 0.330000 0.000029 
0.910000 0.330000 0.000015 
0.930000 0.330000 0.000007 
0.950000 0.330000 0.000003 
0.970000 0.330000 0.000001 
0.990000 0.330000 0.000000 
0.010000 0.350000 0.000000 
0.030000 0.350000 0.000000 
0.050000 0.350000 0.000000 
0.070000 0.350000 0.000000 
0.090000 0.350000 0.000000 
0.110000 0.350000 0.000000 
0.130000 0.350000 0.000000 
0.150000 0.350000 -0.000000 
0.170000 0.350000 -0.000000 
0.190000 0.350000 0.000000 
0.210000 0.350000 0.000000 
0.230000 0.350000 0.000000 
0.250000 0.350000 0.000000 
0.270000 0.350000 0.000000 
0.290000 0.350000 0.000000 
0.310000 0.350000 -0.000000 
0.330000 0.350000 -0.000000 
0.350000 0.350000 -0.000000 
0.370000 0.350000 -0.000000 
0.390000 0.350000 -0.000000 
0.410000 0.350000 0.000000 
0.430000 0.350000 0.000000 
0.450000 0.350000 0.000000 
0.470000 0.350000 0.000000 
0.490000 0.350000 0.000001 
0.510000 0.350000 0.000000 
0.530000 0.350000 -0.000002 
0.550000 0.350000 -0.000008 
0.570000 0.350000 -0.000016 
0.590000 0.350000 -0.000024 
0.610000 0.350000 -0.000020 
0.630000 0.350000 0.000008 
0.650000 0.350000 0.000074 
0.670000 0.350000 0.000182 
0.690000 0.350000 0.000320 
0.710000 0.350000 0.000462 
0.730000 0.350000 0.000573 
0.750000 0.350000 0.000625 
0.770000 0.350000 0.000609 
0.790000 0.350000 0.000534 
0.810000 0.350000 0.000423 
0.830000 0.350000 0.000305 
0.850000 0.350000 0.000200 
0.870000 0.350000 0.000120 
0.890000 0.350000 0.000066 
0.910000 0.350000 0.000033 
0.930000 0.350000 0.000015 
0.950000 0.350000 0.000007 
0.970000 0.350000 0.000003 
0.990000 0.350000 0.000001 
0.010000 0.370000 0.000000 
0.030000 0.370000 0.000000 
0.050000 0.370000 0.000000 
0.070000 0.370000 0.000000 
0.090000 0.370000 0.000000 
0.110000 0.370000 0.000000 
0.130000 0.370000 0.000000 
0.150000 0.370000 -0.000000 
0.170000 0.370000 0.000000 
0.190000 0.370000 0.000000 
0.210000 0.370000 0.000000 
0.230000 0.370000 0.000000 
0.250000 0.370000 0.000000 
0.270000 0.370000 0.000000 
0.290000 0.370000 -0.000000 
0.310000 0.370000 -0.000000 
0.330000 0.370000 -0.000000 
0.350000 0.370000 -0.000000 
0.370000 0.370000 -0.000000 
0.390000 0.370000 0.000000 
0.410000 0.370000 0.000000 
0.430000 0.370000 0.000000 
0.450000 0.370000 0.000001 
0.470000 0.370000 0.000001 
0.490000 0.370000 0.000000 
0.510000 0.370000 -0.000003 
0.530000 0.370000 -0.000011 
0.550000 0.370000 -0.000026 
0.570000 0.370000 -0.000042 
0.590000 0.370000 -0.000045 
0.610000 0.370000 -0.000007 
0.630000 0.370000 0.000104 
0.650000 0.370000 0.000313 
0.670000 0.370000 0.000616 
0.690000 0.370000 0.000969 
0.710000 0.370000 0.001300 
0.730000 0.370000 0.001529 
0.750000 0.370000 0.001600 
0.770000 0.370000 0.001505 
0.790000 0.370000 0.001280 
0.810000 0.370000 0.000989 
0.830000 0.370000 0.000696 
0.850000 0.370000 0.000448 
0.870000 0.370000 0.000264 
0.890000 0.370000 0.000143 
0.910000 0.370000 0.000071 
0.930000 0.370000 0.000032 
0.950000 0.370000 0.000013 
0.970000 0.370000 0.000005 
0.990000 0.370000 0.000002 
0.010000 0.390000 0.000000 
0.030000 0.390000 0.000000 
0.050000 0.390000 0.000000 
0.070000 0.390000 0.000000 
0.090000 0.390000 0.000000 
0.110000 0.390000 0.000000 
0.130000 0.390000 0.000000 
0.150000 0.390000 0.000000 
0.170000 0.390000 0.000000 
0.190000 0.390000 0.000000 
0.210000 0.390000 0.000000 
0.230000 0.390000 0.000000 
0.250000 0.390000 0.000000 
0.270000 0.390000 -0.000000 
0.290000 0.390000 -0.000000 
0.310000 0.390000 -0.000000 
0.330000 0.390000 -0.000000 
0.350000 0.390000 -0.000000 
0.370000 0.390000 0.000000 
0.390000 0.390000 0.000000 
0.410000 0.390000 0.000000 
0.430000 0.390000 0.000001 
0.450000 0.390000 0.000001 
0.470000 0.390000 0.000001 
0.490000 0.390000 -0.000003 
0.510000 0.390000 -0.000014 
0.530000 0.390000 -0.000036 
0.550000 0.390000 -0.000066 
0.570000 0.390000 -0.000082 
0.590000 0.390000 -0.000040 
0.610000 0.390000 0.000126 
0.630000 0.390000 0.000486 
0.650000 0.390000 0.001070 
0.670000 0.390000 0.001835 
0.690000 0.390000 0.002656 
0.710000 0.390000 0.003355 
0.730000 0.390000 0.003764 
0.750000 0.390000 0.003789 
0.770000 0.390000 0.003448 
0.790000 0.390000 0.002850 
0.810000 0.390000 0.002147 
0.830000 0.390000 0.001478 
0.850000 0.390000 0.000932 
0.870000 0.390000 0.000539 
0.890000 0.390000 0.000286 
0.910000 0.390000 0.000140 
0.930000 0.390000 0.000063 
0.950000 0.390000 0.000026 
0.970000 0.390000 0.000010 
0.990000 0.390000 0.000003 
0.010000 0.410000 0.000000 
0.030000 0.410000 0.000000 
0.050000 0.410000 0.000000 
0.070000 0.410000 0.000000 
0.090000 0.410000 0.000000 
0.110000 0.410000 0.000000 
0.130000 0.410000 0.000000 
0.150000 0.410000 0.000000 
0.170000 0.410000 0.000000 
0.190000 0.410000 0.000000 
0.210000 0.410000 0.000000 
0.230000 0.410000 0.000000 
0.250000 0.410000 -0.000000 
0.270000 0.410000 -0.000000 
0.290000 0.410000 -0.000000 
0.310000 0.410000 -0.000000 
0.330000 0.410000 -0.000000 
0.350000 0.410000 0.000000 
0.370000 0.410000 0.000000 
0.390000 0.410000 0.000000 
0.410000 0.410000 0.000001 
0.430000 0.410000 0.000001 
0.450000 0.410000 0.000001 
0.470000 0.410000 -0.000003 
0.490000 0.410000 -0.000016 
0.510000 0.410000 -0.000046 
0.530000 0.410000 -0.000092 
0.550000 0.410000 -0.000129 
0.570000 0.410000 -0.000094 
0.590000 0.410000 0.000129 
0.610000 0.410000 0.000685 
0.630000 0.410000 0.001689 
0.650000 0.410000 0.003150 
0.670000 0.410000 0.004906 
0.690000 0.410000 0.006638 
0.710000 0.410000 0.007961 
0.730000 0.410000 0.008561 
0.750000 0.410000 0.008318 
0.770000 0.410000 0.007339 
0.790000 0.410000 0.005902 
0.810000 0.410000 0.004339 
0.830000 0.410000 0.002922 
0.850000 0.410000 0.001805 
0.870000 0.410000 0.001025 
0.890000 0.410000 0.000535 
0.910000 0.410000 0.000257 
0.930000 0.410000 0.000114 
0.950000 0.410000 0.000046 
0.970000 0.410000 0.000017 
0.990000 0.410000 0.000006 
0.010000 0.430000 0.000000 
0.030000 0.430000 0.000000 
0.050000 0.430000 0.000000 
0.070000 0.430000 0.000000 
0.090000 0.430000 0.000000 
0.110000 0.430000 0.000000 
0.130000 0.430000 0.000000 
0.150000 0.430000 0.000000 
0.170000 0.430000 0.000000 
0.190000 0.430000 0.000000 
0.210000 0.430000 -0.000000 
0.230000 0.430000 -0.000000 
0.250000 0.430000 -0.000000 
0.270000 0.430000 -0.000000 
0.290000 0.430000 -0.000000 
0.310000 0.430000 -0.000000 
0.330000 0.430000 0.000000 
0.350000 0.430000 0.000000 
0.370000 0.430000 0.000000 
0.390000 0.430000 0.000001 
0.410000 0.430000 0.000001 
0.430000 0.430000 0.000001 
0.450000 0.430000 -0.000003 
0.470000 0.430000 -0.000018 
0.490000 0.430000 -0.000054 
0.510000 0.430000 -0.000116 
0.530000 0.430000 -0.000180 
0.550000 0.430000 -0.000163 
0.570000 0.430000 0.000107 
0.590000 0.430000 0.000884 
0.610000 0.430000 0.002440 
0.630000 0.430000 0.004925 
0.650000 0.430000 0.008224 
0.670000 0.430000 0.011887 
0.690000 0.430000 0.015199 
0.710000 0.430000 0.017414 
0.730000 0.430000 0.018019 
0.750000 0.430000 0.016934 
0.770000 0.430000 0.014508 
0.790000 0.430000 0.011366 
0.810000 0.430000 0.008159 
0.830000 0.430000 0.005376 
0.850000 0.430000 0.003256 
0.870000 0.430000 0.001815 
0.890000 0.430000 0.000932 
0.910000 0.430000 0.000441 
0.930000 0.430000 0.000192 
0.950000 0.430000 0.000077 
0.970000 0.430000 0.000029 
0.990000 0.430000 0.000010 
0.010000 0.450000 0.000000 
0.030000 0.450000 0.000000 
0.050000 0.450000 0.000000 
0.070000 0.450000 0.000000 
0.090000 0.450000 0.000000 
0.110000 0.450000 0.000000 
0.130000 0.450000 0.000000 
0.150000 0.450000 0.000000 
0.170000 0.450000 0.000000 
0.190000 0.450000 -0.000000 
0.210000 0.450000 -0.000000 
0.230000 0.450000 -0.000000 
0.250000 0.450000 -0.000000 
0.270000 0.450000 -0.000000 
0.290000 0.450000 -0.000000 
0.310000 0.450000 0.000000 
0.330000 0.450000 0.000000 
0.350000 0.450000 0.000000 
0.370000 0.450000 0.000001 
0.390000 0.450000 0.000001 
0.410000 0.450000 0.000001 
0.430000 0.450000 -0.000003 
0.450000 0.450000 -0.000019 
0.470000 0.450000 -0.000059 
0.490000 0.450000 -0.000133 
0.510000 0.450000 -0.000223 
0.530000 0.450000 -0.000233 
0.550000 0.450000 0.000064 
0.570000 0.450000 0.001057 
0.590000 0.450000 0.003242 
0.610000 0.450000 0.007047 
0.630000 0.450000 0.012566 
0.650000 0.450000 0.019331 
0.670000 0.450000 0.026278 
0.690000 0.450000 0.031991 
0.710000 0.450000 0.035174 
0.730000 0.450000 0.035128 
0.750000 0.450000 0.031995 
0.770000 0.450000 0.026655 
0.790000 0.450000 0.020359 
0.810000 0.450000 0.014280 
0.830000 0.450000 0.009212 
0.850000 0.450000 0.005471 
0.870000 0.450000 0.002994 
0.890000 0.450000 0.001511 
0.910000 0.450000 0.000704 
0.930000 0.450000 0.000302 
0.950000 0.450000 0.000120 
0.970000 0.450000 0.000044 
0.990000 0.450000 0.000015 
0.010000 0.470000 0.000000 
0.030000 0.470000 0.000000 
0.050000 0.470000 0.000000 
0.070000 0.470000 0.000000 
0.090000 0.470000 0.000000 
0.110000 0.470000 0.000000 
0.130000 0.470000 0.000000 
0.150000 0.470000 0.000000 
0.170000 0.470000 -0.000000 
0.190000 0.470000 -0.000000 
0.210000 0.470000 -0.000000 
0.230000 0.470000 -0.000000 
0.250000 0.470000 -0.000000 
0.270000 0.470000 -0.000000 
0.290000 0.470000 0.000000 
0.310000 0.470000 0.000000 
0.330000 0.470000 0.000000 
0.350000 0.470000 0.000000 
0.370000 0.470000 0.000001 
0.390000 0.470000 0.000001 
0.410000 0.470000 -0.000003 
0.430000 0.470000 -0.000018 
0.450000 0.470000 -0.000059 
0.470000 0.470000 -0.000139 
0.490000 0.470000 -0.000247 
0.510000 0.470000 -0.000285 
0.530000 0.470000 0.000017 
0.550000 0.470000 0.001184 
0.570000 0.470000 0.003986 
0.590000 0.470000 0.009265 
0.610000 0.470000 0.017557 
0.630000 0.470000 0.028644 
0.650000 0.470000 0.041267 
0.670000 0.470000 0.053240 
0.690000 0.470000 0.062048 
0.710000 0.470000 0.065707 
0.730000 0.470000 0.063486 
0.750000 0.470000 0.056136 
0.770000 0.470000 0.045529 
0.790000 0.470000 0.033932 
0.810000 0.470000 0.023269 
0.830000 0.470000 0.014700 
0.850000 0.470000 0.008562 
0.870000 0.470000 0.004602 
0.890000 0.470000 0.002283 
0.910000 0.470000 0.001046 
0.930000 0.470000 0.000443 
0.950000 0.470000 0.000173 
0.970000 0.470000 0.000063 
0.990000 0.470000 0.000021 
0.010000 0.490000 0.000000 
0.030000 0.490000 0.000000 
0.050000 0.490000 0.000000 
0.070000 0.490000 0.000000 
0.090000 0.490000 0.000000 
0.110000 0.490000 0.000000 
0.130000 0.490000 0.000000 
0.150000 0.490000 0.000000 
0.170000 0.490000 -0.000000 
0.190000 0.490000 -0.000000 
0.210000 0.490000 -0.000000 
0.230000 0.490000 -0.000000 
0.250000 0.490000 0.000000 
0.270000 0.490000 0.000000 
0.290000 0.490000 0.000000 
0.310000 0.490000 0.000000 
0.330000 0.490000 0.000000 
0.350000 0.490000 0.000001 
0.370000 0.490000 0.000000 
0.390000 0.490000 -0.000003 
0.410000 0.490000 -0.000016 
0.430000 0.490000 -0.000054 
0.450000 0.490000 -0.000133 
0.470000 0.490000 -0.000247 
0.490000 0.490000 -0.000305 
0.510000 0.490000 -0.000014 
0.530000 0.490000 0.001259 
0.550000 0.490000 0.004560 
0.570000 0.490000 0.011234 
0.590000 0.490000 0.022500 
0.610000 0.490000 0.038776 
0.630000 0.490000 0.059018 
0.650000 0.490000 0.080471 
0.670000 0.490000 0.099169 
0.690000 0.490000 0.111108 
0.710000 0.490000 0.113647 
0.730000 0.490000 0.106445 
0.750000 0.490000 0.091506 
0.770000 0.490000 0.072326 
0.790000 0.490000 0.052635 
0.810000 0.490000 0.035308 
0.830000 0.490000 0.021851 
0.850000 0.490000 0.012485 
0.870000 0.490000 0.006590 
0.890000 0.490000 0.003215 
0.910000 0.490000 0.001450 
0.930000 0.490000 0.000605 
0.950000 0.490000 0.000233 
0.970000 0.490000 0.000083 
0.990000 0.490000 0.000028 
0.010000 0.510000 0.000000 
0.030000 0.510000 0.000000 
0.050000 0.510000 0.000000 
0.070000 0.510000 0.000000 
0.090000 0.510000 0.000000 
0.110000 0.510000 0.000000 
0.130000 0.510000 0.000000 
0.150000 0.510000 0.000000 
0.170000 0.510000 -0.000000 
0.190000 0.510000 -0.000000 
0.210000 0.510000 -0.000000 
0.230000 0.510000 0.000000 
0.250000 0.510000 0.000000 
0.270000 0.510000 0.000000 
0.290000 0.510000 0.000000 
0.310000 0.510000 0.000000 
0.330000 0.510000 0.000000 
0.350000 0.510000 0.000000 
0.370000 0.510000 -0.000003 
0.390000 0.510000 -0.000014 
0.410000 0.510000 -0.000046 
0.430000 0.510000 -0.000116 
0.450000 0.510000 -0.000223 
0.470000 0.510000 -0.000285 
0.490000 0.510000 -0.000014 
0.510000 0.510000 0.001283 
0.530000 0.510000 0.004872 
0.550000 0.510000 0.012596 
0.570000 0.510000 0.026510 
0.590000 0.510000 0.048063 
0.610000 0.510000 0.077032 
0.630000 0.510000 0.110707 
0.650000 0.510000 0.143919 
0.670000 0.510000 0.170231 
0.690000 0.510000 0.183959 
0.710000 0.510000 0.182167 
0.730000 0.510000 0.165681 
0.750000 0.510000 0.138641 
0.770000 0.510000 0.106888 
0.790000 0.510000 0.076009 
0.810000 0.510000 0.049897 
0.830000 0.510000 0.030261 
0.850000 0.510000 0.016964 
0.870000 0.510000 0.008795 
0.890000 0.510000 0.004218 
0.910000 0.510000 0.001873 
0.930000 0.510000 0.000769 
0.950000 0.510000 0.000293 
0.970000 0.510000 0.000103 
0.990000 0.510000 0.000034 
0.010000 0.530000 0.000000 
0.030000 0.530000 0.000000 
0.050000 0.530000 0.000000 
0.070000 0.530000 0.000000 
0.090000 0.530000 0.000000 
0.110000 0.530000 0.000000 
0.130000 0.530000 0.000000 
0.150000 0.530000 0.000000 
0.170000 0.530000 0.000000 
0.190000 0.530000 0.000000 
0.210000 0.530000 0.000000 
0.230000 0.530000 0.000000 
0.250000 0.530000 0.000000 
0.270000 0.530000 0.000000 
0.290000 0.530000 0.000000 
0.310000 0.530000 0.000000 
0.330000 0.530000 -0.000000 
0.350000 0.530000 -0.000002 
0.370000 0.530000 -0.000011 
0.390000 0.530000 -0.000036 
0.410000 0.530000 -0.000092 
0.430000 0.530000 -0.000180 
0.450000 0.530000 -0.000233 
0.470000 0.530000 0.000017 
0.490000 0.530000 0.001259 
0.510000 0.530000 0.004872 
0.530000 0.530000 0.013083 
0.550000 0.530000 0.028763 
0.570000 0.530000 0.054634 
0.590000 0.530000 0.091916 
0.610000 0.530000 0.138863 
0.630000 0.530000 0.189991 
0.650000 0.530000 0.236756 
0.670000 0.530000 0.269785 
0.690000 0.530000 0.281943 
0.710000 0.530000 0.270827 
0.730000 0.530000 0.239528 
0.750000 0.530000 0.195318 
0.770000 0.530000 0.147001 
0.790000 0.530000 0.102204 
0.810000 0.530000 0.065688 
0.830000 0.530000 0.039051 
0.850000 0.530000 0.021484 
0.870000 0.530000 0.010941 
0.890000 0.530000 0.005160 
0.910000 0.530000 0.002254 
0.930000 0.530000 0.000912 
0.950000 0.530000 0.000342 
0.970000 0.530000 0.000119 
0.990000 0.530000 0.000038 
0.010000 0.550000 0.000000 
0.030000 0.550000 0.000000 
0.050000 0.550000 0.000000 
0.070000 0.550000 0.000000 
0.090000 0.550000 0.000000 
0.110000 0.550000 0.000000 
0.130000 0.550000 0.000000 
0.150000 0.550000 0.000000 
0.170000 0.550000 0.000000 
0.190000 0.550000 0.000000 
0.210000 0.550000 0.000000 
0.230000 0.550000 0.000000 
0.250000 0.550000 0.000000 
0.270000 0.550000 0.000000 
0.290000 0.550000 0.000000 
0.310000 0.550000 -0.000000 
0.330000 0.550000 -0.000002 
0.350000 0.550000 -0.000008 
0.370000 0.550000 -0.000026 
0.390000 0.550000 -0.000066 
0.410000 0.550000 -0.000129 
0.430000 0.550000 -0.000163 
0.450000 0.550000 0.000064 
0.470000 0.550000 0.001184 
0.490000 0.550000 0.004560 
0.510000 0.550000 0.012596 
0.530000 0.550000 0.028763 
0.550000 0.550000 0.057012 
0.570000 0.550000 0.100376 
0.590000 0.550000 0.159006 
0.610000 0.550000 0.228462 
0.630000 0.550000 0.299342 
0.650000 0.550000 0.359032 
0.670000 0.550000 0.395302 
0.690000 0.550000 0.400388 
0.710000 0.550000 0.373688 
0.730000 0.550000 0.321794 
0.750000 0.550000 0.255945 
0.770000 0.550000 0.188182 
0.790000 0.550000 0.127989 
0.810000 0.550000 0.080570 
0.830000 0.550000 0.046966 
0.850000 0.550000 0.025360 
0.870000 0.550000 0.012689 
0.890000 0.550000 0.005884 
0.910000 0.550000 0.002529 
0.930000 0.550000 0.001008 
0.950000 0.550000 0.000373 
0.970000 0.550000 0.000128 
0.990000 0.550000 0.000041 
0.010000 0.570000 0.000000 
0.030000 0.570000 0.000000 
0.050000 0.570000 0.000000 
0.070000 0.570000 0.000000 
0.090000 0.570000 0.000000 
0.110000 0.570000 0.000000 
0.130000 0.570000 0.000000 
0.150000 0.570000 0.000000 
0.170000 0.570000 0.000000 
0.190000 0.570000 0.000000 
0.210000 0.570000 0.000000 
0.230000 0.570000 0.000000 
0.250000 0.570000 0.000000 
0.270000 0.570000 -0.000000 
0.290000 0.570000 -0.000000 
0.310000 0.570000 -0.000001 
0.330000 0.570000 -0.000005 
0.350000 0.570000 -0.000016 
0.370000 0.570000 -0.000042 
0.390000 0.570000 -0.000082 
0.410000 0.570000 -0.000094 
0.430000 0.570000 0.000107 
0.450000 0.570000 0.001057 
0.470000 0.570000 0.003986 
0.490000 0.570000 0.011234 
0.510000 0.570000 0.026510 
0.530000 0.570000 0.054634 
0.550000 0.570000 0.100376 
0.570000 0.570000 0.166336 
0.590000 0.570000 0.250468 
0.610000 0.570000 0.344431 
0.630000 0.570000 0.434096 
0.650000 0.570000 0.502747 
0.670000 0.570000 0.536129 
0.690000 0.570000 0.527262 
0.710000 0.570000 0.478811 
0.730000 0.570000 0.401897 
0.750000 0.570000 0.312056 
0.770000 0.570000 0.224288 
0.790000 0.570000 0.149303 
0.810000 0.570000 0.092090 
0.830000 0.570000 0.052650 
0.850000 0.570000 0.027909 
0.870000 0.570000 0.013720 
0.890000 0.570000 0.006256 
0.910000 0.570000 0.002647 
0.930000 0.570000 0.001039 
0.950000 0.570000 0.000378 
0.970000 0.570000 0.000128 
0.990000 0.570000 0.000040 
0.010000 0.590000 0.000000 
0.030000 0.590000 0.000000 
0.050000 0.590000 0.000000 
0.070000 0.590000 0.000000 
0.090000 0.590000 0.000000 
0.110000 0.590000 0.000000 
0.130000 0.590000 0.000000 
0.150000 0.590000 0.000000 
0.170000 0.590000 0.000000 
0.190000 0.590000 0.000000 
0.210000 0.590000 0.000000 
0.230000 0.590000 0.000000 
0.250000 0.590000 -0.000000 
0.270000 0.590000 -0.000000 
0.290000 0.590000 -0.000001 
0.310000 0.590000 -0.000003 
0.330000 0.590000 -0.000009 
0.350000 0.590000 -0.000024 
0.370000 0.590000 -0.000045 
0.390000 0.590000 -0.000040 
0.410000 0.590000 0.000129 
0.430000 0.590000 0.000884 
0.450000 0.590000 0.003242 
0.470000 0.590000 0.009265 
0.490000 0.590000 0.022500 
0.510000 0.590000 0.048063 
0.530000 0.590000 0.091916 
0.550000 0.590000 0.159006 
0.570000 0.590000 0.250468 
0.590000 0.590000 0.360897 
0.610000 0.590000 0.477226 
0.630000 0.590000 0.580544 
0.650000 0.590000 0.650923 
0.670000 0.590000 0.673664 
0.690000 0.590000 0.644296 
0.710000 0.590000 0.569989 
0.730000 0.590000 0.466789 
0.750000 0.590000 0.354097 
0.770000 0.590000 0.248941 
0.790000 0.590000 0.162266 
0.810000 0.590000 0.098100 
0.830000 0.590000 0.055023 
0.850000 0.590000 0.028638 
0.870000 0.590000 0.013834 
0.890000 0.590000 0.006204 
0.910000 0.590000 0.002582 
0.930000 0.590000 0.000998 
0.950000 0.590000 0.000358 
0.970000 0.590000 0.000119 
0.990000 0.590000 0.000037 
0.010000 0.610000 0.000000 
0.030000 0.610000 0.000000 
0.050000 0.610000 0.000000 
0.070000 0.610000 0.000000 
0.090000 0.610000 0.000000 
0.110000 0.610000 0.000000 
0.130000 0.610000 0.000000 
0.150000 0.610000 0.000000 
0.170000 0.610000 0.000000 
0.190000 0.610000 0.000000 
0.210000 0.610000 -0.000000 
0.230000 0.610000 -0.000000 
0.250000 0.610000 -0.000000 
0.270000 0.610000 -0.000000 
0.290000 0.610000 -0.000002 
0.310000 0.610000 -0.000005 
0.330000 0.610000 -0.000012 
0.350000 0.610000 -0.000020 
0.370000 0.610000 -0.000007 
0.390000 0.610000 0.000126 
0.410000 0.610000 0.000685 
0.430000 0.610000 0.002440 
0.450000 0.610000 0.007047 
0.470000 0.610000 0.017557 
0.490000 0.610000 0.038776 
0.510000 0.610000 0.077032 
0.530000 0.610000 0.138863 
0.550000 0.610000 0.228462 
0.570000 0.610000 0.344431 
0.590000 0.610000 0.477226 
0.610000 0.610000 0.609027 
0.630000 0.610000 0.717100 
0.650000 0.610000 0.780082 
0.670000 0.610000 0.784850 
0.690000 0.610000 0.730973 
0.710000 0.610000 0.630663 
0.730000 0.610000 0.504350 
0.750000 0.610000 0.374041 
0.770000 0.610000 0.257356 
0.790000 0.610000 0.164333 
0.810000 0.610000 0.097411 
0.830000 0.610000 0.053614 
0.850000 0.610000 0.027404 
0.870000 0.610000 0.013010 
0.890000 0.610000 0.005737 
0.910000 0.610000 0.002350 
0.930000 0.610000 0.000894 
0.950000 0.610000 0.000316 
0.970000 0.610000 0.000104 
0.990000 0.610000 0.000032 
0.010000 0.630000 0.000000 
0.030000 0.630000 0.000000 
0.050000 0.630000 0.000000 
0.070000 0.630000 0.000000 
0.090000 0.630000 0.000000 
0.110000 0.630000 0.000000 
0.130000 0.630000 0.000000 
0.150000 0.630000 0.000000 
0.170000 0.630000 -0.000000 
0.190000 0.630000 -0.000000 
0.210000 0.630000 -0.000000 
0.230000 0.630000 -0.000000 
0.250000 0.630000 -0.000000 
0.270000 0.630000 -0.000001 
0.290000 0.630000 -0.000002 
0.310000 0.630000 -0.000005 
0.330000 0.630000 -0.000007 
0.350000 0.630000 0.000008 
0.370000 0.630000 0.000104 
0.390000 0.630000 0.000486 
0.410000 0.630000 0.001689 
0.430000 0.630000 0.004925 
0.450000 0.630000 0.012566 
0.470000 0.630000 0.028644 
0.490000 0.630000 0.059018 
0.510000 0.630000 0.110707 
0.530000 0.630000 0.189991 
0.550000 0.630000 0.299342 
0.570000 0.630000 0.434096 
0.590000 0.630000 0.580544 
0.610000 0.630000 0.717100 
0.630000 0.630000 0.819119 
0.650000 0.630000 0.866090 
0.670000 0.630000 0.848356 
0.690000 0.630000 0.770338 
0.710000 0.630000 0.648801 
0.730000 0.630000 0.507071 
0.750000 0.630000 0.367890 
0.770000 0.630000 0.247855 
0.790000 0.630000 0.155104 
0.810000 0.630000 0.090174 
0.830000 0.630000 0.048714 
0.850000 0.630000 0.024456 
0.870000 0.630000 0.011411 
0.890000 0.630000 0.004949 
0.910000 0.630000 0.001995 
0.930000 0.630000 0.000748 
0.950000 0.630000 0.000260 
0.970000 0.630000 0.000084 
0.990000 0.630000 0.000025 
0.010000 0.650000 0.000000 
0.030000 0.650000 0.000000 
0.050000 0.650000 0.000000 
0.070000 0.650000 0.000000 
0.090000 0.650000 0.000000 
0.110000 0.650000 0.000000 
0.130000 0.650000 0.000000 
0.150000 0.650000 -0.000000 
0.170000 0.650000 -0.000000 
0.190000 0.650000 -0.000000 
0.210000 0.650000 -0.000000 
0.230000 0.650000 -0.000000 
0.250000 0.650000 -0.000000 
0.270000 0.650000 -0.000001 
0.290000 0.650000 -0.000002 
0.310000 0.650000 -0.000001 
0.330000 0.650000 0.000011 
0.350000 0.650000 0.000074 
0.370000 0.650000 0.000313 
0.390000 0.650000 0.001070 
0.410000 0.650000 0.003150 
0.430000 0.650000 0.008224 
0.450000 0.650000 0.019331 
0.470000 0.650000 0.041267 
0.490000 0.650000 0.080471 
0.510000 0.650000 0.143919 
0.530000 0.650000 0.236756 
0.550000 0.650000 0.359032 
0.570000 0.650000 0.502747 
0.590000 0.650000 0.650923 
0.610000 0.650000 0.780082 
0.630000 0.650000 0.866090 
0.650000 0.650000 0.891484 
0.670000 0.650000 0.851242 
0.690000 0.650000 0.754401 
0.710000 0.650000 0.620790 
0.730000 0.650000 0.474499 
0.750000 0.650000 0.336979 
0.770000 0.650000 0.222410 
0.790000 0.650000 0.136452 
0.810000 0.650000 0.077830 
0.830000 0.650000 0.041278 
0.850000 0.650000 0.020358 
0.870000 0.650000 0.009337 
0.890000 0.650000 0.003983 
0.910000 0.650000 0.001580 
0.930000 0.650000 0.000583 
0.950000 0.650000 0.000200 
0.970000 0.650000 0.000064 
0.990000 0.650000 0.000019 
0.010000 0.670000 0.000000 
0.030000 0.670000 0.000000 
0.050000 0.670000 0.000000 
0.070000 0.670000 0.000000 
0.090000 0.670000 0.000000 
0.110000 0.670000 0.000000 
0.130000 0.670000 -0.000000 
0.150000 0.670000 -0.000000 
0.170000 0.670000 -0.000000 
0.190000 0.670000 -0.000000 
0.210000 0.670000 -0.000000 
0.230000 0.670000 -0.000000 
0.250000 0.670000 -0.000000 
0.270000 0.670000 -0.000000 
0.290000 0.670000 0.000001 
0.310000 0.670000 0.000009 
0.330000 0.670000 0.000046 
0.350000 0.670000 0.000182 
0.370000 0.670000 0.000616 
0.390000 0.670000 0.001835 
0.410000 0.670000 0.004906 
0.430000 0.670000 0.011887 
0.450000 0.670000 0.026278 
0.470000 0.670000 0.053240 
0.490000 0.670000 0.099169 
0.510000 0.670000 0.170231 
0.530000 0.670000 0.269785 
0.550000 0.670000 0.395302 
0.570000 0.670000 0.536129 
0.590000 0.670000 0.673664 
0.610000 0.670000 0.784850 
0.630000 0.670000 0.848356 
0.650000 0.670000 0.851242 
0.670000 0.670000 0.793249 
0.690000 0.670000 0.686777 
0.710000 0.670000 0.552604 
0.730000 0.670000 0.413356 
0.750000 0.670000 0.287506 
0.770000 0.670000 0.185980 
0.790000 0.670000 0.111905 
0.810000 0.670000 0.062640 
0.830000 0.670000 0.032623 
0.850000 0.670000 0.015808 
0.870000 0.670000 0.007128 
0.890000 0.670000 0.002991 
0.910000 0.670000 0.001168 
0.930000 0.670000 0.000424 
0.950000 0.670000 0.000143 
0.970000 0.670000 0.000045 
0.990000 0.670000 0.000013 
0.010000 0.690000 0.000000 
0.030000 0.690000 0.000000 
0.050000 0.690000 0.000000 
0.070000 0.690000 0.000000 
0.090000 0.690000 0.000000 
0.110000 0.690000 0.000000 
0.130000 0.690000 -0.000000 
0.150000 0.690000 -0.000000 
0.170000 0.690000 -0.000000 
0.190000 0.690000 -0.000000 
0.210000 0.690000 -0.000000 
0.230000 0.690000 -0.000000 
0.250000 0.690000 0.000000 
0.270000 0.690000 0.000001 
0.290000 0.690000 0.000005 
0.310000 0.690000 0.000025 
0.330000 0.690000 0.000095 
0.350000 0.690000 0.000320 
0.370000 0.690000 0.000969 
0.390000 0.690000 0.002656 
0.410000 0.690000 0.006638 
0.430000 0.690000 0.015199 
0.450000 0.690000 0.031991 
0.470000 0.690000 0.062048 
0.490000 0.690000 0.111108 
0.510000 0.690000 0.183959 
0.530000 0.690000 0.281943 
0.550000 0.690000 0.400388 
0.570000 0.690000 0.527262 
0.590000 0.690000 0.644296 
0.610000 0.690000 0.730973 
0.630000 0.690000 0.770338 
0.650000 0.690000 0.754401 
0.670000 0.690000 0.686777 
0.690000 0.690000 0.581368 
0.710000 0.690000 0.457741 
0.730000 0.690000 0.335286 
0.750000 0.690000 0.228516 
0.770000 0.690000 0.144940 
0.790000 0.690000 0.085563 
0.810000 0.690000 0.047016 
0.830000 0.690000 0.024050 
0.850000 0.690000 0.011452 
0.870000 0.690000 0.005077 
0.890000 0.690000 0.002095 
0.910000 0.690000 0.000805 
0.930000 0.690000 0.000288 
0.950000 0.690000 0.000096 
0.970000 0.690000 0.000030 
0.990000 0.690000 0.000009 
0.010000 0.710000 0.000000 
0.030000 0.710000 0.000000 
0.050000 0.710000 0.000000 
0.070000 0.710000 0.000000 
0.090000 0.710000 0.000000 
0.110000 0.710000 0.000000 
0.130000 0.710000 -0.000000 
0.150000 0.710000 -0.000000 
0.170000 0.710000 -0.000000 
0.190000 0.710000 -0.000000 
0.210000 0.710000 0.000000 
0.230000 0.710000 0.000000 
0.250000 0.710000 0.000001 
0.270000 0.710000 0.000003 
0.290000 0.710000 0.000012 
0.310000 0.710000 0.000044 
0.330000 0.710000 0.000150 
0.350000 0.710000 0.000462 
0.370000 0.710000 0.001300 
0.390000 0.710000 0.003355 
0.410000 0.710000 0.007961 
0.430000 0.710000 0.017414 
0.450000 0.710000 0.035174 
0.470000 0.710000 0.065707 
0.490000 0.710000 0.113647 
0.510000 0.710000 0.182167 
0.530000 0.710000 0.270827 
0.550000 0.710000 0.373688 
0.570000 0.710000 0.478811 
0.590000 0.710000 0.569989 
0.610000 0.710000 0.630663 
0.630000 0.710000 0.648801 
0.650000 0.710000 0.620790 
0.670000 0.710000 0.552604 
0.690000 0.710000 0.457741 
0.710000 0.710000 0.352899 
0.730000 0.710000 0.253267 
0.750000 0.710000 0.169226 
0.770000 0.710000 0.105285 
0.790000 0.710000 0.060999 
0.810000 0.710000 0.032913 
0.830000 0.710000 0.016539 
0.850000 0.710000 0.007741 
0.870000 0.710000 0.003374 
0.890000 0.710000 0.001370 
0.910000 0.710000 0.000518 
0.930000 0.710000 0.000182 
0.950000 0.710000 0.000060 
0.970000 0.710000 0.000018 
0.990000 0.710000 0.000005 
0.010000 0.730000 0.000000 
0.030000 0.730000 0.000000 
0.050000 0.730000 0.000000 
0.070000 0.730000 0.000000 
0.090000 0.730000 0.000000 
0.110000 0.730000 0.000000 
0.130000 0.730000 -0.000000 
0.150000 0.730000 -0.000000 
0.170000 0.730000 0.000000 
0.190000 0.730000 0.000000 
0.210000 0.730000 0.000000 
0.230000 0.730000 0.000000 
0.250000 0.730000 0.000001 
0.270000 0.730000 0.000005 
0.290000 0.730000 0.000018 
0.310000 0.730000 0.000063 
0.330000 0.730000 0.000198 
0.350000 0.730000 0.000573 
0.370000 0.730000 0.001529 
0.390000 0.730000 0.003764 
0.410000 0.730000 0.008561 
0.430000 0.730000 0.018019 
0.450000 0.730000 0.035128 
0.470000 0.730000 0.063486 
0.490000 0.730000 0.106445 
0.510000 0.730000 0.165681 
0.530000 0.730000 0.239528 
0.550000 0.730000 0.321794 
0.570000 0.730000 0.401897 
0.590000 0.730000 0.466789 
0.610000 0.730000 0.504350 
0.630000 0.730000 0.507071 
0.650000 0.730000 0.474499 
0.670000 0.730000 0.413356 
0.690000 0.730000 0.335286 
0.710000 0.730000 0.253267 
0.730000 0.730000 0.178186 
0.750000 0.730000 0.116775 
0.770000 0.730000 0.071293 
0.790000 0.730000 0.040551 
0.810000 0.730000 0.021490 
0.830000 0.730000 0.010611 
0.850000 0.730000 0.004882 
0.870000 0.730000 0.002093 
0.890000 0.730000 0.000836 
0.910000 0.730000 0.000311 
0.930000 0.730000 0.000108 
0.950000 0.730000 0.000035 
0.970000 0.730000 0.000010 
0.990000 0.730000 0.000003 
0.010000 0.750000 0.000000 
0.030000 0.750000 0.000000 
0.050000 0.750000 0.000000 
0.070000 0.750000 0.000000 
0.090000 0.750000 0.000000 
0.110000 0.750000 0.000000 
0.130000 0.750000 0.000000 
0.150000 0.750000 0.000000 
0.170000 0.750000 0.000000 
0.190000 0.750000 0.000000 
0.210000 0.750000 0.000000 
0.230000 0.750000 0.000000 
0.250000 0.750000 0.000002 
0.270000 0.750000 0.000007 
0.290000 0.750000 0.000023 
0.310000 0.750000 0.000075 
0.330000 0.750000 0.000226 
0.350000 0.750000 0.000625 
0.370000 0.750000 0.001600 
0.390000 0.750000 0.003789 
0.410000 0.750000 0.008318 
0.430000 0.750000 0.016934 
0.450000 0.750000 0.031995 
0.470000 0.750000 0.056136 
0.490000 0.750000 0.091506 
0.510000 0.750000 0.138641 
0.530000 0.750000 0.195318 
0.550000 0.750000 0.255945 
0.570000 0.750000 0.312056 
0.590000 0.750000 0.354097 
0.610000 0.750000 0.374041 
0.630000 0.750000 0.367890 
0.650000 0.750000 0.336979 
0.670000 0.750000 0.287506 
0.690000 0.750000 0.228516 
0.710000 0.750000 0.169226 
0.730000 0.750000 0.116775 
0.750000 0.750000 0.075093 
0.770000 0.750000 0.045005 
0.790000 0.750000 0.025139 
0.810000 0.750000 0.013089 
0.830000 0.750000 0.006352 
0.850000 0.750000 0.002873 
0.870000 0.750000 0.001212 
0.890000 0.750000 0.000476 
0.910000 0.750000 0.000174 
0.930000 0.750000 0.000060 
0.950000 0.750000 0.000019 
0.970000 0.750000 0.000006 
0.990000 0.750000 0.000002 
0.010000 0.770000 0.000000 
0.030000 0.770000 0.000000 
0.050000 0.770000 0.000000 
0.070000 0.770000 0.000000 
0.090000 0.770000 0.000000 
0.110000 0.770000 0.000000 
0.130000 0.770000 0.000000 
0.150000 0.770000 0.000000 
0.170000 0.770000 0.000000 
0.190000 0.770000 0.000000 
0.210000 0.770000 0.000000 
0.230000 0.770000 0.000001 
0.250000 0.770000 0.000002 
0.270000 0.770000 0.000008 
0.290000 0.770000 0.000026 
0.310000 0.770000 0.000080 
0.330000 0.770000 0.000229 
0.350000 0.770000 0.000609 
0.370000 0.770000 0.001505 
0.390000 0.770000 0.003448 
0.410000 0.770000 0.007339 
0.430000 0.770000 0.014508 
0.450000 0.770000 0.026655 
0.470000 0.770000 0.045529 
0.490000 0.770000 0.072326 
0.510000 0.770000 0.106888 
0.530000 0.770000 0.147001 
0.550000 0.770000 0.188182 
0.570000 0.770000 0.224288 
0.590000 0.770000 0.248941 
0.610000 0.770000 0.257356 
0.630000 0.770000 0.247855 
0.650000 0.770000 0.222410 
0.670000 0.770000 0.185980 
0.690000 0.770000 0.144940 
0.710000 0.770000 0.105285 
0.730000 0.770000 0.071293 
0.750000 0.770000 0.045005 
0.770000 0.770000 0.026487 
0.790000 0.770000 0.014535 
0.810000 0.770000 0.007437 
0.830000 0.770000 0.003548 
0.850000 0.770000 0.001578 
0.870000 0.770000 0.000655 
0.890000 0.770000 0.000253 
0.910000 0.770000 0.000091 
0.930000 0.770000 0.000031 
0.950000 0.770000 0.000010 
0.970000 0.770000 0.000003 
0.990000 0.770000 0.000001 
0.010000 0.790000 0.000000 
0.030000 0.790000 0.000000 
0.050000 0.790000 0.000000 
0.070000 0.790000 0.000000 
0.090000 0.790000 0.000000 
0.110000 0.790000 0.000000 
0.130000 0.790000 0.000000 
0.150000 0.790000 0.000000 
0.170000 0.790000 0.000000 
0.190000 0.790000 0.000000 
0.210000 0.790000 0.000000 
0.230000 0.790000 0.000001 
0.250000 0.790000 0.000002 
0.270000 0.790000 0.000008 
0.290000 0.790000 0.000025 
0.310000 0.790000 0.000074 
0.330000 0.790000 0.000207 
0.350000 0.790000 0.000534 
0.370000 0.790000 0.001280 
0.390000 0.790000 0.002850 
0.410000 0.790000 0.005902 
0.430000 0.790000 0.011366 
0.450000 0.790000 0.020359 
0.470000 0.790000 0.033932 
0.490000 0.790000 0.052635 
0.510000 0.790000 0.076009 
0.530000 0.790000 0.102204 
0.550000 0.790000 0.127989 
0.570000 0.790000 0.149303 
0.590000 0.790000 0.162266 
0.610000 0.790000 0.164333 
0.630000 0.790000 0.155104 
0.650000 0.790000 0.136452 
0.670000 0.790000 0.111905 
0.690000 0.790000 0.085563 
0.710000 0.790000 0.060999 
0.730000 0.790000 0.040551 
0.750000 0.790000 0.025139 
0.770000 0.790000 0.014535 
0.790000 0.790000 0.007837 
0.810000 0.790000 0.003942 
0.830000 0.790000 0.001849 
0.850000 0.790000 0.000809 
0.870000 0.790000 0.000330 
0.890000 0.790000 0.000126 
0.910000 0.790000 0.000045 
0.930000 0.790000 0.000015 
0.950000 0.790000 0.000005 
0.970000 0.790000 0.000001 
0.990000 0.790000 0.000000 
0.010000 0.810000 0.000000 
0.030000 0.810000 0.000000 
0.050000 0.810000 0.000000 
0.070000 0.810000 0.000000 
0.090000 0.810000 0.000000 
0.110000 0.810000 0.000000 
0.130000 0.810000 0.000000 
0.150000 0.810000 0.000000 
0.170000 0.810000 0.000000 
0.190000 0.810000 0.000000 
0.210000 0.810000 0.000000 
0.230000 0.810000 0.000001 
0.250000 0.810000 0.000002 
0.270000 0.810000 0.000007 
0.290000 0.810000 0.000021 
0.310000 0.810000 0.000062 
0.330000 0.810000 0.000169 
0.350000 0.810000 0.000423 
0.370000 0.810000 0.000989 
0.390000 0.810000 0.002147 
0.410000 0.810000 0.004339 
0.430000 0.810000 0.008159 
0.450000 0.810000 0.014280 
0.470000 0.810000 0.023269 
0.490000 0.810000 0.035308 
0.510000 0.810000 0.049897 
0.530000 0.810000 0.065688 
0.550000 0.810000 0.080570 
0.570000 0.810000 0.092090 
0.590000 0.810000 0.098100 
0.610000 0.810000 0.097411 
0.630000 0.810000 0.090174 
0.650000 0.810000 0.077830 
0.670000 0.810000 0.062640 
0.690000 0.810000 0.047016 
0.710000 0.810000 0.032913 
0.730000 0.810000 0.021490 
0.750000 0.810000 0.013089 
0.770000 0.810000 0.007437 
0.790000 0.810000 0.003942 
0.810000 0.810000 0.001949 
0.830000 0.810000 0.000899 
0.850000 0.810000 0.000387 
0.870000 0.810000 0.000155 
0.890000 0.810000 0.000058 
0.910000 0.810000 0.000020 
0.930000 0.810000 0.000007 
0.950000 0.810000 0.000002 
0.970000 0.810000 0.000001 
0.990000 0.810000 0.000000 
0.010000 0.830000 0.000000 
0.030000 0.830000 0.000000 
0.050000 0.830000 0.000000 
0.070000 0.830000 0.000000 
0.090000 0.830000 0.000000 
0.110000 0.830000 0.000000 
0.130000 0.830000 0.000000 
0.150000 0.830000 0.000000 
0.170000 0.830000 0.000000 
0.190000 0.830000 0.000000 
0.210000 0.830000 0.000000 
0.230000 0.830000 0.000000 
0.250000 0.830000 0.000002 
0.270000 0.830000 0.000005 
0.290000 0.830000 0.000017 
0.310000 0.830000 0.000047 
0.330000 0.830000 0.000124 
0.350000 0.830000 0.000305 
0.370000 0.830000 0.000696 
0.390000 0.830000 0.001478 
0.410000 0.830000 0.002922 
0.430000 0.830000 0.005376 
0.450000 0.830000 0.009212 
0.470000 0.830000 0.014700 
0.490000 0.830000 0.021851 
0.510000 0.830000 0.030261 
0.530000 0.830000 0.039051 
0.550000 0.830000 0.046966 
0.570000 0.830000 0.052650 
0.590000 0.830000 0.055023 
0.610000 0.830000 0.053614 
0.630000 0.830000 0.048714 
0.650000 0.830000 0.041278 
0.670000 0.830000 0.032623 
0.690000 0.830000 0.024050 
0.710000 0.830000 0.016539 
0.730000 0.830000 0.010611 
0.750000 0.830000 0.006352 
0.770000 0.830000 0.003548 
0.790000 0.830000 0.001849 
0.810000 0.830000 0.000899 
0.830000 0.830000 0.000408 
0.850000 0.830000 0.000173 
0.870000 0.830000 0.000068 
0.890000 0.830000 0.000025 
0.910000 0.830000 0.000009 
0.930000 0.830000 0.000003 
0.950000 0.830000 0.000001 
0.970000 0.830000 0.000000 
0.990000 0.830000 0.000000 
0.010000 0.850000 0.000000 
0.030000 0.850000 0.000000 
0.050000 0.850000 0.000000 
0.070000 0.850000 0.000000 
0.090000 0.850000 0.000000 
0.110000 0.850000 0.000000 
0.130000 0.850000 0.000000 
0.150000 0.850000 0.000000 
0.170000 0.850000 0.000000 
0.190000 0.850000 0.000000 
0.210000 0.850000 0.000000 
0.230000 0.850000 0.000000 
0.250000 0.850000 0.000001 
0.270000 0.850000 0.000004 
0.290000 0.850000 0.000012 
0.310000 0.850000 0.000032 
0.330000 0.850000 0.000083 
0.350000 0.850000 0.000200 
0.370000 0.850000 0.000448 
0.390000 0.850000 0.000932 
0.410000 0.850000 0.001805 
0.430000 0.850000 0.003256 
0.450000 0.850000 0.005471 
0.470000 0.850000 0.008562 
0.490000 0.850000 0.012485 
0.510000 0.850000 0.016964 
0.530000 0.850000 0.021484 
0.550000 0.850000 0.025360 
0.570000 0.850000 0.027909 
0.590000 0.850000 0.028638 
0.610000 0.850000 0.027404 
0.630000 0.850000 0.024456 
0.650000 0.850000 0.020358 
0.670000 0.850000 0.015808 
0.690000 0.850000 0.011452 
0.710000 0.850000 0.007741 
0.730000 0.850000 0.004882 
0.750000 0.850000 0.002873 
0.770000 0.850000 0.001578 
0.790000 0.850000 0.000809 
0.810000 0.850000 0.000387 
0.830000 0.850000 0.000173 
0.850000 0.850000 0.000072 
0.870000 0.850000 0.000028 
0.890000 0.850000 0.000010 
0.910000 0.850000 0.000003 
0.930000 0.850000 0.000001 
0.950000 0.850000 0.000000 
0.970000 0.850000 0.000000 
0.990000 0.850000 0.000000 
0.010000 0.870000 0.000000 
0.030000 0.870000 0.000000 
0.050000 0.870000 0.000000 
0.070000 0.870000 0.000000 
0.090000 0.870000 0.000000 
0.110000 0.870000 0.000000 
0.130000 0.870000 0.000000 
0.150000 0.870000 0.000000 
0.170000 0.870000 0.000000 
0.190000 0.870000 0.000000 
0.210000 0.870000 0.000000 
0.230000 0.870000 0.000000 
0.250000 0.870000 0.000001 
0.270000 0.870000 0.000003 
0.290000 0.870000 0.000007 
0.310000 0.870000 0.000020 
0.330000 0.870000 0.000051 
0.350000 0.870000 0.000120 
0.370000 0.870000 0.000264 
0.390000 0.870000 0.000539 
0.410000 0.870000 0.001025 
0.430000 0.870000 0.001815 
0.450000 0.870000 0.002994 
0.470000 0.870000 0.004602 
0.490000 0.870000 0.006590 
0.510000 0.870000 0.008795 
0.530000 0.870000 0.010941 
0.550000 0.870000 0.012689 
0.570000 0.870000 0.013720 
0.590000 0.870000 0.013834 
0.610000 0.870000 0.013010 
0.630000 0.870000 0.011411 
0.650000 0.870000 0.009337 
0.670000 0.870000 0.007128 
0.690000 0.870000 0.005077 
0.710000 0.870000 0.003374 
0.730000 0.870000 0.002093 
0.750000 0.870000 0.001212 
0.770000 0.870000 0.000655 
0.790000 0.870000 0.000330 
0.810000 0.870000 0.000155 
0.830000 0.870000 0.000068 
0.850000 0.870000 0.000028 
0.870000 0.870000 0.000011 
0.890000 0.870000 0.000004 
0.910000 0.870000 0.000001 
0.930000 0.870000 0.000000 
0.950000 0.870000 0.000000 
0.970000 0.870000 0.000000 
0.990000 0.870000 0.000000 
0.010000 0.890000 0.000000 
0.030000 0.890000 0.000000 
0.050000 0.890000 0.000000 
0.070000 0.890000 0.000000 
0.090000 0.890000 0.000000 
0.110000 0.890000 0.000000 
0.130000 0.890000 0.000000 
0.150000 0.890000 0.000000 
0.170000 0.890000 0.000000 
0.190000 0.890000 0.000000 
0.210000 0.890000 0.000000 
0.230000 0.890000 0.000000 
0.250000 0.890000 0.000000 
0.270000 0.890000 0.000001 
0.290000 0.890000 0.000004 
0.310000 0.890000 0.000011 
0.330000 0.890000 0.000029 
0.350000 0.890000 0.000066 
0.370000 0.890000 0.000143 
0.390000 0.890000 0.000286 
0.410000 0.890000 0.000535 
0.430000 0.890000 0.000932 
0.450000 0.890000 0.001511 
0.470000 0.890000 0.002283 
0.490000 0.890000 0.003215 
0.510000 0.890000 0.004218 
0.530000 0.890000 0.005160 
0.550000 0.890000 0.005884 
0.570000 0.890000 0.006256 
0.590000 0.890000 0.006204 
0.610000 0.890000 0.005737 
0.630000 0.890000 0.004949 
0.650000 0.890000 0.003983 
0.670000 0.890000 0.002991 
0.690000 0.890000 0.002095 
0.710000 0.890000 0.001370 
0.730000 0.890000 0.000836 
0.750000 0.890000 0.000476 
0.770000 0.890000 0.000253 
0.790000 0.890000 0.000126 
0.810000 0.890000 0.000058 
0.830000 0.890000 0.000025 
0.850000 0.890000 0.000010 
0.870000 0.890000 0.000004 
0.890000 0.890000 0.000001 
0.910000 0.890000 0.000000 
0.930000 0.890000 0.000000 
0.950000 0.890000 0.000000 
0.970000 0.890000 0.000000 
0.990000 0.890000 0.000000 
0.010000 0.910000 0.000000 
0.030000 0.910000 0.000000 
0.050000 0.910000 0.000000 
0.070000 0.910000 0.000000 
0.090000 0.910000 0.000000 
0.110000 0.910000 0.000000 
0.130000 0.910000 0.000000 
0.150000 0.910000 0.000000 
0.170000 0.910000 0.000000 
0.190000 0.910000 0.000000 
0.210000 0.910000 0.000000 
0.230000 0.910000 0.000000 
0.250000 0.910000 0.000000 
0.270000 0.910000 0.000001 
0.290000 0.910000 0.000002 
0.310000 0.910000 0.000006 
0.330000 0.910000 0.000015 
0.350000 0.910000 0.000033 
0.370000 0.910000 0.000071 
0.390000 0.910000 0.000140 
0.410000 0.910000 0.000257 
0.430000 0.910000 0.000441 
0.450000 0.910000 0.000704 
0.470000 0.910000 0.001046 
0.490000 0.910000 0.001450 
0.510000 0.910000 0.001873 
0.530000 0.910000 0.002254 
0.550000 0.910000 0.002529 
0.570000 0.910000 0.002647 
0.590000 0.910000 0.002582 
0.610000 0.910000 0.002350 
0.630000 0.910000 0.001995 
0.650000 0.910000 0.001580 
0.670000 0.910000 0.001168 
0.690000 0.910000 0.000805 
0.710000 0.910000 0.000518 
0.730000 0.910000 0.000311 
0.750000 0.910000 0.000174 
0.770000 0.910000 0.000091 
0.790000 0.910000 0.000045 
0.810000 0.910000 0.000020 
0.830000 0.910000 0.000009 
0.850000 0.910000 0.000003 
0.870000 0.910000 0.000001 
0.890000 0.910000 0.000000 
0.910000 0.910000 0.000000 
0.930000 0.910000 0.000000 
0.950000 0.910000 0.000000 
0.970000 0.910000 0.000000 
0.990000 0.910000 0.000000 
0.010000 0.930000 0.000000 
0.030000 0.930000 0.000000 
0.050000 0.930000 0.000000 
0.070000 0.930000 0.000000 
0.090000 0.930000 0.000000 
0.110000 0.930000 0.000000 
0.130000 0.930000 0.000000 
0.150000 0.930000 0.000000 
0.170000 0.930000 0.000000 
0.190000 0.930000 0.000000 
0.210000 0.930000 0.000000 
0.230000 0.930000 0.000000 
0.250000 0.930000 0.000000 
0.270000 0.930000 0.000000 
0.290000 0.930000 0.000001 
0.310000 0.930000 0.000003 
0.330000 0.930000 0.000007 
0.350000 0.930000 0.000015 
0.370000 0.930000 0.000032 
0.390000 0.930000 0.000063 
0.410000 0.930000 0.000114 
0.430000 0.930000 0.000192 
0.450000 0.930000 0.000302 
0.470000 0.930000 0.000443 
0.490000 0.930000 0.000605 
0.510000 0.930000 0.000769 
0.530000 0.930000 0.000912 
0.550000 0.930000 0.001008 
0.570000 0.930000 0.001039 
0.590000 0.930000 0.000998 
0.610000 0.930000 0.000894 
0.630000 0.930000 0.000748 
0.650000 0.930000 0.000583 
0.670000 0.930000 0.000424 
0.690000 0.930000 0.000288 
0.710000 0.930000 0.000182 
0.730000 0.930000 0.000108 
0.750000 0.930000 0.000060 
0.770000 0.930000 0.000031 
0.790000 0.930000 0.000015 
0.810000 0.930000 0.000007 
0.830000 0.930000 0.000003 
0.850000 0.930000 0.000001 
0.870000 0.930000 0.000000 
0.890000 0.930000 0.000000 
0.910000 0.930000 0.000000 
0.930000 0.930000 0.000000 
0.950000 0.930000 0.000000 
0.970000 0.930000 0.000000 
0.990000 0.930000 0.000000 
0.010000 0.950000 0.000000 
0.030000 0.950000 0.000000 
0.050000 0.950000 0.000000 
0.070000 0.950000 0.000000 
0.090000 0.950000 0.000000 
0.110000 0.950000 0.000000 
0.130000 0.950000 0.000000 
0.150000 0.950000 0.000000 
0.170000 0.950000 0.000000 
0.190000 0.950000 0.000000 
0.210000 0.950000 0.000000 
0.230000 0.950000 0.000000 
0.250000 0.950000 0.000000 
0.270000 0.950000 0.000000 
0.290000 0.950000 0.000000 
0.310000 0.950000 0.000001 
0.330000 0.950000 0.000003 
0.350000 0.950000 0.000007 
0.370000 0.950000 0.000013 
0.390000 0.950000 0.000026 
0.410000 0.950000 0.000046 
0.430000 0.950000 0.000077 
0.450000 0.950000 0.000120 
0.470000 0.950000 0.000173 
0.490000 0.950000 0.000233 
0.510000 0.950000 0.000293 
0.530000 0.950000 0.000342 
0.550000 0.950000 0.000373 
0.570000 0.950000 0.000378 
0.590000 0.950000 0.000358 
0.610000 0.950000 0.000316 
0.630000 0.950000 0.000260 
0.650000 0.950000 0.000200 
0.670000 0.950000 0.000143 
0.690000 0.950000 0.000096 
0.710000 0.950000 0.000060 
0.730000 0.950000 0.000035 
0.750000 0.950000 0.000019 
0.770000 0.950000 0.000010 
0.790000 0.950000 0.000005 
0.810000 0.950000 0.000002 
0.830000 0.950000 0.000001 
0.850000 0.950000 0.000000 
0.870000 0.950000 0.000000 
0.890000 0.950000 0.000000 
0.910000 0.950000 0.000000 
0.930000 0.950000 0.000000 
0.950000 0.950000 0.000000 
0.970000 0.950000 0.000000 
0.990000 0.950000 0.000000 
0.010000 0.970000 0.000000 
0.030000 0.970000 0.000000 
0.050000 0.970000 0.000000 
0.070000 0.970000 0.000000 
0.090000 0.970000 0.000000 
0.110000 0.970000 0.000000 
0.130000 0.970000 0.000000 
0.150000 0.970000 0.000000 
0.170000 0.970000 0.000000 
0.190000 0.970000 0.000000 
0.210000 0.970000 0.000000 
0.230000 0.970000 0.000000 
0.250000 0.970000 0.000000 
0.270000 0.970000 0.000000 
0.290000 0.970000 0.000000 
0.310000 0.970000 0.000000 
0.330000 0.970000 0.000001 
0.350000 0.970000 0.000003 
0.370000 0.970000 0.000005 
0.390000 0.970000 0.000010 
0.410000 0.970000 0.000017 
0.430000 0.970000 0.000029 
0.450000 0.970000 0.000044 
0.470000 0.970000 0.000063 
0.490000 0.970000 0.000083 
0.510000 0.970000 0.000103 
0.530000 0.970000 0.000119 
0.550000 0.970000 0.000128 
0.570000 0.970000 0.000128 
0.590000 0.970000 0.000119 
0.610000 0.970000 0.000104 
0.630000 0.970000 0.000084 
0.650000 0.970000 0.000064 
0.670000 0.970000 0.000045 
0.690000 0.970000 0.000030 
0.710000 0.970000 0.000018 
0.730000 0.970000 0.000010 
0.750000 0.970000 0.000006 
0.770000 0.970000 0.000003 
0.790000 0.970000 0.000001 
0.810000 0.970000 0.000001 
0.830000 0.970000 0.000000 
0.850000 0.970000 0.000000 
0.870000 0.970000 0.000000 
0.890000 0.970000 0.000000 
0.910000 0.970000 0.000000 
0.930000 0.970000 0.000000 
0.950000 0.970000 0.000000 
0.970000 0.970000 0.000000 
0.990000 0.970000 0.000000 
0.010000 0.990000 0.000000 
0.030000 0.990000 0.000000 
0.050000 0.990000 0.000000 
0.070000 0.990000 0.000000 
0.090000 0.990000 0.000000 
0.110000 0.990000 0.000000 
0.130000 0.990000 0.000000 
0.150000 0.990000 0.000000 
0.170000 0.990000 0.000000 
0.190000 0.990000 0.000000 
0.210000 0.990000 0.000000 
0.230000 0.990000 0.000000 
0.250000 0.990000 0.000000 
0.270000 0.990000 0.000000 
0.290000 0.990000 0.000000 
0.310000 0.990000 0.000000 
0.330000 0.990000 0.000000 
0.350000 0.990000 0.000001 
0.370000 0.990000 0.000002 
0.390000 0.990000 0.000003 
0.410000 0.990000 0.000006 
0.430000 0.990000 0.000010 
0.450000 0.990000 0.000015 
0.470000 0.990000 0.000021 
0.490000 0.990000 0.000028 
0.510000 0.990000 0.000034 
0.530000 0.990000 0.000038 
0.550000 0.990000 0.000041 
0.570000 0.990000 0.000040 
0.590000 0.990000 0.000037 
0.610000 0.990000 0.000032 
0.630000 0.990000 0.000025 
0.650000 0.990000 0.000019 
0.670000 0.990000 0.000013 
0.690000 0.990000 0.000009 
0.710000 0.990000 0.000005 
0.730000 0.990000 0.000003 
0.750000 0.990000 0.000002 
0.770000 0.990000 0.000001 
0.790000 0.990000 0.000000 
0.810000 0.990000 0.000000 
0.830000 0.990000 0.000000 
0.850000 0.990000 0.000000 
0.870000 0.990000 0.000000 
0.890000 0.990000 0.000000 
0.910000 0.990000 0.000000 
0.930000 0.990000 0.000000 
0.950000 0.990000 0.000000 
0.970000 0.990000 0.000000 
0.990000 0.990000 0.000000 
