56
0 0 -0.7978845608028654
1 0 0.3257350079352799
2 0 -0.2185096861184158
3 0 0.1685838828361839
4 0 -0.1390746078775947
5 0 0.1193421921527582
6 0 -0.1051052469526022
0 1 1
0 2 -0.5641895835477563
1 2 -0.6909882989426711
2 2 0.2575161346821262
3 2 -0.1668895294531134
4 2 0.1264379121271375
5 2 -0.1031404896535232
6 2 0.08783347519637487
1 3 1
0 4 0.16286750396764
1 4 -0.5984134206021491
2 4 -0.6690465435572888
3 4 0.2408842868867123
4 4 -0.1532978214649914
5 4 0.1148429368269212
6 4 -0.09296958100555762
2 5 1
0 6 -0.08920620580763866
1 6 0.1820914050986799
2 6 -0.6107531398786501
3 6 -0.659688788381992
4 6 0.2332352078688213
5 6 -0.1467714898305733
6 6 0.1091175785968875
3 7 1
0 8 0.05960340337611203
1 8 -0.1021985476433283
2 8 0.1904357497768608
3 8 -0.6170823570053585
4 8 -0.6545146787835997
5 8 0.2288202621218269
6 8 -0.1428982078943777
4 9 1
0 10 -0.04397925255879953
1 10 0.06925289659588951
2 10 -0.1083979290990209
3 10 0.1951385752042094
4 10 -0.6209271440908991
5 10 -0.6512338827915564
6 10 0.2259419052512467
5 11 1
0 12 0.03445112338253754
1 12 -0.05157024482676201
2 12 0.07413079696003724
3 12 -0.1120985770016755
4 12 0.1981641598981175
5 12 -0.6235089728740512
6 12 -0.6489687145969805
6 13 1
