110
0 0 -0.7978845608028654
1 0 0.3257350079352799
2 0 -0.2185096861184158
3 0 0.1685838828361839
4 0 -0.1390746078775947
5 0 0.1193421921527582
6 0 -0.1051052469526022
7 0 0.09428836433661283
8 0 -0.08575607766762704
9 0 0.07883167914244088
0 1 1
0 2 -0.5641895835477563
1 2 -0.690988298942671
2 2 0.2575161346821263
3 2 -0.1668895294531134
4 2 0.1264379121271375
5 2 -0.1031404896535232
6 2 0.08783347519637491
7 2 -0.07692916362623776
8 2 0.06872386458630352
9 2 -0.0623003460579338
1 3 1
0 4 0.1628675039676401
1 4 -0.5984134206021491
2 4 -0.6690465435572889
3 4 0.2408842868867123
4 4 -0.1532978214649914
5 4 0.1148429368269212
6 4 -0.09296958100555762
7 4 0.07873581180897476
8 4 -0.06867301451305141
9 4 0.06114750666415844
2 5 1
0 6 -0.08920620580763865
1 6 0.18209140509868
2 6 -0.6107531398786501
3 6 -0.659688788381992
4 6 0.2332352078688213
5 6 -0.1467714898305733
6 6 0.1091175785968875
7 6 -0.08784799672663053
8 6 0.07408770739829745
9 6 -0.06440743987529379
3 7 1
0 8 0.05960340337611203
1 8 -0.1021985476433284
2 8 0.1904357497768609
3 8 -0.6170823570053585
4 8 -0.6545146787835997
5 8 0.228820262121827
6 8 -0.1428982078943775
7 8 0.1056526411710521
8 8 -0.0847033053948805
9 8 0.07120176025552877
4 9 1
0 10 -0.04397925255879947
1 10 0.0692528965958895
2 10 -0.1083979290990209
3 10 0.1951385752042094
4 10 -0.620927144090899
5 10 -0.6512338827915565
6 10 0.2259419052512468
7 10 -0.1403232545034681
8 10 0.1033156428657452
9 10 -0.08255856980092492
5 11 1
0 12 0.03445112338253754
1 12 -0.0515702448267621
2 12 0.07413079696003723
3 12 -0.1120985770016755
4 12 0.1981641598981175
5 12 -0.6235089728740512
6 12 -0.6489687145969805
7 12 0.2239154795170238
8 12 -0.138484075988923
9 12 0.1016277591921647
6 13 1
0 14 -0.02809055883206459
1 14 0.04065899838483929
2 14 -0.05555995150783907
3 14 0.07715777977251849
4 14 -0.1145734575267369
5 14 0.2002760933658142
6 14 -0.6253619010982796
7 14 -0.6473110651091717
8 14 0.2224109911730117
9 14 -0.1371033428401047
7 15 1
0 16 0.0235720910841532
1 16 -0.03331130499610624
2 16 0.04401465686712658
3 16 -0.05810598812847567
4 16 0.07923948087829535
5 16 -0.116349896137392
6 16 0.2018346856921874
7 16 -0.6267562437459036
8 16 -0.6460455486199304
9 16 0.2212495681371333
8 17 1
0 18 -0.02021290134891313
1 18 0.02805640023142891
2 18 -0.03619385660850916
3 18 0.04620180294267195
4 18 -0.05989428163364785
5 18 0.0807655532556405
6 18 -0.1176888342982366
7 18 0.2030325281709058
8 18 -0.6278434193136277
9 18 -0.645047794281473
9 19 1
