168
0 0 -0.7978845608028654
1 0 0.3257350079352799
2 0 -0.2185096861184158
3 0 0.1685838828361839
4 0 -0.1390746078775947
5 0 0.1193421921527582
6 0 -0.1051052469526022
7 0 0.09428836433661283
8 0 -0.08575607766762704
9 0 0.07883167914244088
10 0 -0.07308524935447525
11 0 0.06822974832932147
0 1 1
0 2 -0.5641895835477562
1 2 -0.6909882989426711
2 2 0.2575161346821262
3 2 -0.1668895294531134
4 2 0.1264379121271375
5 2 -0.1031404896535232
6 2 0.08783347519637491
7 2 -0.07692916362623774
8 2 0.06872386458630354
9 2 -0.06230034605793379
10 2 0.05711897809939012
11 2 -0.05284054798158118
1 3 1
0 4 0.16286750396764
1 4 -0.5984134206021491
2 4 -0.6690465435572888
3 4 0.2408842868867123
4 4 -0.1532978214649914
5 4 0.1148429368269212
6 4 -0.09296958100555763
7 4 0.07873581180897476
8 4 -0.06867301451305144
9 4 0.06114750666415844
10 4 -0.05528607266901031
11 4 0.05057823131266034
2 5 1
0 6 -0.08920620580763863
1 6 0.1820914050986799
2 6 -0.6107531398786501
3 6 -0.659688788381992
4 6 0.2332352078688213
5 6 -0.1467714898305733
6 6 0.1091175785968875
7 6 -0.08784799672663053
8 6 0.07408770739829748
9 6 -0.06440743987529382
10 6 0.05719825499817172
11 6 -0.05160332607492458
3 7 1
0 8 0.05960340337611203
1 8 -0.1021985476433284
2 8 0.1904357497768608
3 8 -0.6170823570053585
4 8 -0.6545146787835997
5 8 0.2288202621218269
6 8 -0.1428982078943775
7 8 0.1056526411710521
8 8 -0.08470330539488041
9 8 0.07120176025552871
10 8 -0.06173546345897413
11 8 0.05470655708723754
4 9 1
0 10 -0.0439792525587995
1 10 0.06925289659588951
2 10 -0.1083979290990209
3 10 0.1951385752042094
4 10 -0.6209271440908989
5 10 -0.6512338827915564
6 10 0.2259419052512468
7 10 -0.140323254503468
8 10 0.1033156428657452
9 10 -0.08255856980092489
10 10 0.0692160218229052
11 10 -0.05988368884902758
5 11 1
0 12 0.03445112338253754
1 12 -0.05157024482676207
2 12 0.07413079696003722
3 12 -0.1120985770016754
4 12 0.1981641598981175
5 12 -0.6235089728740512
6 12 -0.6489687145969804
7 12 0.2239154795170238
8 12 -0.138484075988923
9 12 0.1016277591921648
10 12 -0.08099580571415983
11 12 0.06775867920131173
6 13 1
0 14 -0.02809055883206455
1 14 0.04065899838483924
2 14 -0.05555995150783914
3 14 0.0771577797725185
4 14 -0.1145734575267368
5 14 0.2002760933658141
6 14 -0.6253619010982796
7 14 -0.6473110651091715
8 14 0.2224109911730117
9 14 -0.1371033428401045
10 14 0.1003493717093306
11 14 -0.07980365195319514
7 15 1
0 16 0.0235720910841532
1 16 -0.03331130499610624
2 16 0.04401465686712658
3 16 -0.05810598812847567
4 16 0.07923948087829535
5 16 -0.116349896137392
6 16 0.2018346856921874
7 16 -0.6267562437459036
8 16 -0.6460455486199304
9 16 0.2212495681371335
10 16 -0.1360280059014489
11 16 0.09934656910119788
8 17 1
0 18 -0.02021290134891312
1 18 0.02805640023142892
2 18 -0.03619385660850918
3 18 0.04620180294267195
4 18 -0.05989428163364785
5 18 0.08076555325564043
6 18 -0.1176888342982366
7 18 0.2030325281709058
8 18 -0.6278434193136277
9 18 -0.6450477942814731
10 18 0.2203257663230982
11 18 -0.1351665152476794
9 19 1
0 20 0.01762729933429504
1 20 -0.02412882027453422
2 20 0.03057375333208246
3 20 -0.03810395529275188
4 20 0.0477635928147191
5 20 -0.06122707404546781
6 20 0.08193491889894376
7 20 -0.118734977843307
8 20 0.2039820229597197
9 20 -0.6287148193434172
10 20 -0.644240979964116
11 20 0.2195733710706288
10 21 1
0 22 -0.01558182751740256
1 22 0.02109258053240996
2 22 -0.02635660099811155
3 22 0.03226416716580767
4 22 -0.03948613510202132
5 22 0.0489431183977769
6 22 -0.06226197112452622
7 22 0.08286076657890723
8 22 -0.1195752924885693
9 22 0.2047532242849021
10 22 -0.6294288625256624
11 22 -0.6435750976363476
11 23 1
0 24 0.3342561373707012
1 24 -0.4223746325148465
2 24 0.4885947089445326
3 24 -0.5479015951740026
4 24 0.6059020114595078
5 24 -0.6661589712246624
6 24 0.7320907528058993
7 24 -0.8082113830628007
8 24 0.9021215253689344
9 24 -1.029974663726241
10 24 1.239886156838359
11 24 -1.870049589433229
