143
0 0 -0.7978845608028654
1 0 0.3257350079352799
2 0 -0.2185096861184158
3 0 0.1685838828361839
4 0 -0.1390746078775947
5 0 0.1193421921527582
6 0 -0.1051052469526022
7 0 0.09428836433661283
8 0 -0.08575607766762704
9 0 0.07883167914244088
10 0 -0.07308524935447525
0 1 1
0 2 -0.5641895835477563
1 2 -0.690988298942671
2 2 0.2575161346821263
3 2 -0.1668895294531134
4 2 0.1264379121271375
5 2 -0.1031404896535232
6 2 0.08783347519637491
7 2 -0.07692916362623776
8 2 0.06872386458630352
9 2 -0.0623003460579338
10 2 0.05711897809939016
1 3 1
0 4 0.1628675039676401
1 4 -0.5984134206021491
2 4 -0.6690465435572889
3 4 0.2408842868867123
4 4 -0.1532978214649914
5 4 0.1148429368269212
6 4 -0.09296958100555762
7 4 0.07873581180897476
8 4 -0.06867301451305141
9 4 0.06114750666415844
10 4 -0.05528607266901028
2 5 1
0 6 -0.08920620580763865
1 6 0.18209140509868
2 6 -0.6107531398786501
3 6 -0.659688788381992
4 6 0.2332352078688213
5 6 -0.1467714898305733
6 6 0.1091175785968875
7 6 -0.08784799672663053
8 6 0.07408770739829745
9 6 -0.06440743987529379
10 6 0.05719825499817171
3 7 1
0 8 0.05960340337611203
1 8 -0.1021985476433284
2 8 0.1904357497768609
3 8 -0.6170823570053585
4 8 -0.6545146787835997
5 8 0.228820262121827
6 8 -0.1428982078943775
7 8 0.1056526411710521
8 8 -0.0847033053948805
9 8 0.07120176025552877
10 8 -0.06173546345897421
4 9 1
0 10 -0.04397925255879947
1 10 0.0692528965958895
2 10 -0.1083979290990209
3 10 0.1951385752042094
4 10 -0.620927144090899
5 10 -0.6512338827915565
6 10 0.2259419052512468
7 10 -0.1403232545034681
8 10 0.1033156428657452
9 10 -0.08255856980092492
10 10 0.06921602182290508
5 11 1
0 12 0.03445112338253754
1 12 -0.0515702448267621
2 12 0.07413079696003723
3 12 -0.1120985770016755
4 12 0.1981641598981175
5 12 -0.6235089728740512
6 12 -0.6489687145969805
7 12 0.2239154795170238
8 12 -0.138484075988923
9 12 0.1016277591921647
10 12 -0.08099580571415986
6 13 1
0 14 -0.02809055883206459
1 14 0.04065899838483929
2 14 -0.05555995150783907
3 14 0.07715777977251849
4 14 -0.1145734575267369
5 14 0.2002760933658142
6 14 -0.6253619010982796
7 14 -0.6473110651091717
8 14 0.2224109911730117
9 14 -0.1371033428401047
10 14 0.1003493717093307
7 15 1
0 16 0.02357209108415322
1 16 -0.03331130499610625
2 16 0.04401465686712653
3 16 -0.05810598812847571
4 16 0.07923948087829538
5 16 -0.116349896137392
6 16 0.2018346856921875
7 16 -0.6267562437459034
8 16 -0.6460455486199302
9 16 0.2212495681371332
10 16 -0.1360280059014489
8 17 1
0 18 -0.02021290134891311
1 18 0.02805640023142892
2 18 -0.03619385660850915
3 18 0.04620180294267198
4 18 -0.0598942816336478
5 18 0.08076555325564051
6 18 -0.1176888342982367
7 18 0.2030325281709058
8 18 -0.6278434193136279
9 18 -0.6450477942814729
10 18 0.2203257663230981
9 19 1
0 20 0.01762729933429502
1 20 -0.02412882027453422
2 20 0.03057375333208245
3 20 -0.03810395529275191
4 20 0.04776359281471911
5 20 -0.06122707404546786
6 20 0.08193491889894361
7 20 -0.118734977843307
8 20 0.2039820229597198
9 20 -0.6287148193434173
10 20 -0.644240979964116
10 21 1
0 22 -0.3428002053828558
1 22 0.4345741195407629
2 22 -0.5046639534137953
3 22 0.5686296999365644
4 22 -0.6326308859950048
5 22 0.7010761193930785
6 22 -0.7789385607237532
7 22 0.8740552673545423
8 22 -1.002702658498171
9 22 1.213041782149862
10 22 -1.843209229192585
