512
0 0 0.5002501223554471
1 0 -0.7976829666409105
2 0 0.7069422695248624
3 0 -0.3259971167716882
4 0 0.0001285629213577345
5 0 0.073148214953747
6 0 -0.0001010931167714268
7 0 -0.03407549447025389
8 0 7.52505069758513e-05
9 0 0.02027418386338069
10 0 -4.826524212889424e-05
11 0 -0.01371669556364363
12 0 1.833485048250145e-05
13 0 0.01006542195282962
14 0 1.617785063071369e-05
15 0 -0.007822706882485512
16 0 -5.711559076281737e-05
17 0 0.006353469859159779
18 0 0.0001068430690279672
19 0 -0.005350080871208538
20 0 -0.0001686801536522948
21 0 0.004649903016188265
22 0 0.0002476688728721377
23 0 -0.004163377309728183
24 0 -0.0003521700427118726
25 0 0.003844665049269517
26 0 0.000497769894871497
27 0 -0.003686883825686673
28 0 -0.000719212629215246
29 0 0.00376627698764479
30 0 0.001123492085479534
31 0 -0.004859011381933671
0 1 -0.0003401523538288525
1 1 -0.3259971167716882
2 1 0.866252153905705
3 1 -1.196485149980058
4 1 0.9998196428521805
5 1 -0.4464384402174102
6 1 0.0001454347873301931
7 1 0.09682402899747296
8 1 -0.0001127606122967066
9 1 -0.04433383078710557
10 1 7.859980059574184e-05
11 1 0.02612290250566833
12 1 -4.050555730216688e-05
13 1 -0.01757928152509438
14 1 -3.765312198576772e-06
15 1 0.01287019127553895
16 1 5.675927274180728e-05
17 1 -0.01000507098274943
18 1 -0.0001217649752347749
19 1 0.008148197761986716
20 1 0.0002034187201205994
21 1 -0.00689920150431914
22 1 -0.0003087774419534866
23 1 0.006050708225814182
24 1 0.0004495483393173416
25 1 -0.005496087906655263
26 1 -0.000647530204449207
27 1 0.005201585355754394
28 1 0.0009511890246575017
29 1 -0.005256884475693306
30 1 -0.001509224876021582
31 1 0.006711946112610466
0 2 0.0004227902005105518
1 2 0.07314821495374618
2 2 -0.0002855342176378807
3 2 -0.4464384402174095
4 2 1.11826493455161
5 2 -1.495546345992548
6 2 1.224554308186904
7 2 -0.5391978256665015
8 2 0.0001530406103215665
9 2 0.1149046943478935
10 2 -0.000113774967825436
11 2 -0.05208669553683883
12 2 6.972885818608594e-05
13 2 0.03051716034586316
14 2 -1.808878650012263e-05
15 2 -0.0204832643161778
16 2 -4.437051575703942e-05
17 2 0.0149967479851483
18 2 0.0001218465140660839
19 2 -0.01168879046423347
20 2 -0.0002202891830927169
21 2 0.009572193591693584
22 2 0.0003487859453768007
23 2 -0.00818017931050825
24 2 -0.0005224344054143742
25 2 0.007280980039301885
26 2 0.0007693328636762696
27 2 -0.006781797515362468
28 2 -0.001151808210579237
29 2 0.006767267872425233
30 2 0.001860350189964234
31 2 -0.008538184667935364
0 3 -0.0005085260006336146
1 3 -0.03407549447025232
2 3 0.0003478400331289376
3 3 0.09682402899747146
4 3 -0.000285879724171351
5 3 -0.5391978256665011
6 3 1.323116632199086
7 3 -1.744716976810554
8 3 1.414013936638102
9 3 -0.6178323545335686
10 3 0.0001563389854801658
11 3 0.1302915646316191
12 3 -0.0001074679105119645
13 3 -0.05870207682653002
14 3 4.959491193690379e-05
15 3 0.03429043826250235
16 3 2.124152234080502e-05
17 3 -0.02300886963085741
18 3 -0.0001102446444708876
19 3 0.01688614703999524
20 3 0.0002248420919763504
21 3 -0.01323348830520631
22 3 -0.0003764339884422569
23 3 0.01093945512032771
24 3 0.0005840131251777548
25 3 -0.00949167842349634
26 3 -0.000882946757744213
27 3 0.008668701330057527
28 3 0.001351547119937955
29 3 -0.008518507882247794
30 3 -0.002228225297831208
31 3 0.01060036455338269
0 4 0.0006019356632170094
1 4 0.02027418386338072
2 4 -0.0004169308850737486
3 4 -0.04433383078710671
4 4 0.0003480001785997676
5 4 0.1149046943478969
6 4 -0.0002992706288768215
7 4 -0.6178323545335739
8 4 1.500254927976036
9 4 -1.962682669818053
10 4 1.580930291194101
11 4 -0.6874424350005234
12 4 0.0001557945744809994
13 4 0.1440129071709233
14 4 -9.261037432091864e-05
15 4 -0.06465635779933408
16 4 1.419208239525769e-05
17 4 0.03773863330263114
18 4 8.5826301005946e-05
19 4 -0.02537332864728759
20 4 -0.0002166132331319472
21 4 0.01871938695651374
22 4 0.0003923365446699267
23 4 -0.01480930362007059
24 4 -0.0006367078586735711
25 4 0.01243414017643771
26 4 0.000993971230390515
27 4 -0.01107795334904344
28 4 -0.00156201417273764
29 4 0.01068273425014349
30 4 0.002637730583651691
31 4 -0.01307893644753518
0 5 -0.000706518456583866
1 5 -0.01371669556364475
2 5 0.0004954925291913281
3 5 0.02612290250567191
4 5 -0.0004198445431892071
5 5 -0.05208669553684536
6 5 0.0003679833569461175
7 5 0.1302915646316273
8 5 -0.0003215582529997317
9 5 -0.6874424350005272
10 5 1.658585498350447
11 5 -2.15877482260019
12 5 1.73183322415408
13 5 -0.7506464516586762
14 5 0.0001501662211481151
15 5 0.1565951110179621
16 5 -6.509971437059913e-05
17 5 -0.07020219597892599
18 5 -4.535273813236684e-05
19 5 0.04103313077408961
20 5 0.0001924580793247868
21 5 -0.02772169867563764
22 5 -0.0003937866777060627
23 5 0.02064315016819784
24 5 0.0006789474740624583
25 5 -0.01659219696916711
26 5 -0.001103415579176041
27 5 0.01431593880629736
28 5 0.00179001224663749
29 5 -0.01348153775683469
30 5 -0.003110075326283036
31 5 0.01618581045139017
0 6 0.0008259076089573301
1 6 0.01006542195283413
2 6 -0.0005864519851037542
3 6 -0.0175792815251014
4 6 0.0005043154814197633
5 6 0.03051716034587596
6 6 -0.000450162476280602
7 6 -0.05870207682654854
8 6 0.0004028067739619071
9 6 0.1440129071709361
10 6 -0.000353641804302326
11 6 -0.7506464516586873
12 6 1.803072469679878
13 6 -2.338419929527854
14 6 1.870601988931254
15 6 -0.8090245579598313
16 6 0.0001364025256015974
17 6 0.1683750398358621
18 6 -1.656224330903495e-05
19 6 -0.07552311636437099
20 6 -0.0001466430552356602
21 6 0.04432418830129929
22 6 0.0003750377105021208
23 6 -0.03021248735612818
24 6 -0.0007057652589282653
25 6 0.02285963956212559
26 6 0.001208905576990208
27 6 -0.01889606215854622
28 6 -0.002040088094589291
29 6 0.01725635159508223
30 6 0.003668921171393333
31 6 -0.0202249068935101
0 7 -0.0009645299824118438
1 7 -0.007822706882495385
2 7 0.0006934688780140948
3 7 0.01287019127555409
4 7 -0.0006051337122546186
5 7 -0.02048326431619978
6 7 0.0005498105477317757
7 7 0.03429043826253573
8 7 -0.0005030997089637705
9 7 -0.06465635779936391
10 7 0.0004551301434561787
11 7 0.1565951110179874
12 7 -0.000399189407694313
13 7 -0.8090245579598477
14 7 1.936820345835767
15 7 -2.50507984193079
16 7 1.999764540340533
17 7 -0.8636451850751991
18 7 0.0001082599591510714
19 7 0.1796191233783256
20 7 6.988657535040237e-05
21 7 -0.08080390910802517
22 7 -0.0003261775640400035
23 7 0.04780567592619359
24 7 0.000707548534432505
25 7 -0.03310059671198581
26 7 -0.001303532311729603
27 7 0.0257738093350772
28 7 0.002314277193756243
29 7 -0.02258683251157607
30 7 -0.00434392525311896
31 7 0.02567615905989479
0 8 0.001128302204708892
1 8 0.006353469859172576
2 8 -0.0008214958451054596
3 8 -0.01000507098277098
4 8 0.000727397430056331
5 8 0.01499674798517847
6 8 -0.0006724818913043185
7 8 -0.02300886963090263
8 8 0.0006286615426487685
9 8 0.03773863330268079
10 8 -0.0005846664678138704
11 8 -0.0702021959789686
12 8 0.0005328456166074462
13 8 0.168375039835886
14 8 -0.0004655911733536318
15 8 -0.8636451850752024
16 8 2.061926186718696
17 8 -2.661089135983382
18 8 2.121077683933703
19 8 -0.9153154983673142
20 8 5.267575411124434e-05
21 8 0.1906008748190152
22 8 0.0002305850486571439
23 8 -0.08630330330625274
24 8 -0.0006669456511050642
25 8 0.05181898048983129
26 8 0.001372424746742631
27 8 -0.03693416352930928
28 8 -0.002609502224090055
29 8 0.03054644847811554
30 8 0.005173963743288137
31 8 -0.03335492294368475
0 9 -0.001325697756080706
1 9 -0.005350080871225776
2 9 0.0009776632019899796
3 9 0.008148197762014604
4 9 -0.0008784894512717483
5 9 -0.01168879046427622
6 9 0.0008262741170790593
7 9 0.01688614704005078
8 9 -0.0007886395823088099
9 9 -0.02537332864734062
10 9 0.0007527833125948128
11 9 0.04103313077415931
12 9 -0.0007100973245329998
13 9 -0.07552311636441154
14 9 0.0006519647492337261
15 9 0.1796191233783264
16 9 -0.000567374200041618
17 9 -0.9153154983673052
18 9 2.179889751631682
19 9 -2.808049197971155
20 9 2.235822602031513
21 9 -0.964746773997608
22 9 -5.991030442571048e-05
23 9 0.2017028888069418
24 9 0.0005524644574934083
25 9 -0.09250356601055479
26 9 -0.001385071285904799
27 9 0.05714123378205187
28 9 0.002910381483825718
29 9 -0.04334009553176049
30 9 -0.006209883350275393
31 9 0.04475798337043887
0 10 0.001569708860596
1 10 0.00464990301620996
2 10 -0.001172916059569477
3 10 -0.00689920150435305
4 10 0.001069764819629089
5 10 0.009572193591745812
6 10 -0.001023680587626771
7 10 -0.01323348830528124
8 10 0.0009972123663511301
9 10 0.0187193869565754
10 10 -0.0009759144847003705
11 10 -0.02772169867571669
12 10 0.00095030644335678
13 10 0.04432418830136322
14 10 -0.0009109145514973851
15 10 -0.08080390910802566
16 10 0.0008453765696047318
17 10 0.1906008748189873
18 10 -0.0007350962597534562
19 10 -0.9647467739975787
20 10 2.291837534611177
21 10 -2.946985700204669
22 10 2.344971746708151
23 10 -1.012745552342293
24 10 -0.0003048795159270042
25 10 0.2136527810146148
26 10 0.001277849466096569
27 10 -0.1005653600612103
28 10 -0.00317028974116745
29 10 0.06618206795055691
30 10 0.007512978257112892
31 10 -0.0629119144085865
0 11 -0.001881961694152438
1 11 -0.004163377309755172
2 11 0.001425445769691517
3 11 0.006050708225854801
4 11 -0.001320083368519078
5 11 -0.008180179310570359
6 11 0.001285461078798375
7 11 0.01093945512042978
8 11 -0.001277986130476004
9 11 -0.01480930362017029
10 11 0.001281529604852529
11 11 0.0206431501682846
12 11 -0.00128605013331809
13 11 -0.03021248735620778
14 11 0.001281731589193629
15 11 0.04780567592621387
16 11 -0.001255506263599966
17 11 -0.08630330330618811
18 11 0.001186873998872215
19 11 0.2017028888068588
20 11 -0.00104064526960488
21 11 -1.012745552342233
22 11 2.398667947266491
23 11 -3.078275658170928
24 11 2.449295832237476
25 11 -1.06063323722017
26 11 -0.0009111412854181623
27 11 0.2283013295964427
28 11 0.003258251877997435
29 11 -0.1143209478013628
30 11 -0.009130604531194535
31 11 0.09480357206782371
0 12 0.002302740745313692
1 12 0.003844665049296485
2 12 -0.001769025683337775
3 12 -0.005496087906713461
4 12 0.001664363451999743
5 12 0.007280980039365223
6 12 -0.001649979769714961
7 12 -0.009491678423597888
8 12 0.001674558696017647
9 12 0.01243414017655694
10 12 -0.001720420537656238
11 12 -0.01659219696931397
12 12 0.00177778161804283
13 12 0.02285963956218242
14 12 -0.00183783588467602
15 12 -0.03310059671198791
16 12 0.001888730306928245
17 12 0.0518189804898341
18 12 -0.001910600238664882
19 12 -0.09250356601043228
20 12 0.001866469791721631
21 12 0.2136527810144888
22 12 -0.00168259528686265
23 12 -1.060633237220095
24 12 2.501200982118854
25 12 -3.201032046127513
26 12 2.549460752771766
27 12 -1.111722375057131
28 12 -0.002791650644184574
29 12 0.2523544563384933
30 12 0.01095660062405198
31 12 -0.1601243444081322
0 13 -0.00292124693711719
1 13 -0.003686883825712059
2 13 0.002278091451223519
3 13 0.005201585355781619
4 13 -0.002179223406828203
5 13 -0.006781797515498124
6 13 0.002201079922751112
7 13 0.008668701330137519
8 13 -0.002281903364236693
9 13 -0.01107795334905759
10 13 0.002403010365040376
11 13 0.01431593880653921
12 13 -0.002556914474148852
13 13 -0.01889606215874345
14 13 0.002739268979033233
15 13 0.02577380933504281
16 13 -0.002944730075536013
17 13 -0.03693416352923248
18 13 0.003162038284109389
19 13 0.05714123378206472
20 13 -0.003364301747520682
21 13 -0.1005653600610403
22 13 0.003485699418000526
23 13 0.2283013295963131
24 13 -0.003358714251121577
25 13 -1.111722375057076
26 13 2.600597359315448
27 13 -3.310055549487807
28 13 2.646254082870281
29 13 -1.179522353985305
30 13 -0.01192392459928514
31 13 0.3375928382256094
0 14 0.004007637827005999
1 14 0.003766276987644237
2 14 -0.00317683191641416
3 14 -0.005256884475706792
4 14 0.003094102652757756
5 14 0.006767267872348236
6 14 -0.003188370364197594
7 14 -0.008518507882624749
8 14 0.00338113043373502
9 14 0.01068273424997812
10 14 -0.003654367106151096
11 14 -0.01348153775674353
12 14 0.004008541529653411
13 14 0.01725635159545204
14 14 -0.004453650887577062
15 14 -0.02258683251183984
16 14 0.005006985978889466
17 14 0.03054644847807031
18 14 -0.005692403196787766
19 14 -0.04334009553173465
20 14 0.006538000800823653
21 14 0.06618206795058948
22 14 -0.007564845081397717
23 14 -0.114320947801289
24 14 0.008739423140322214
25 14 0.2523544563384951
26 14 -0.009768792793798857
27 14 -1.17952235398535
28 14 2.701647659089296
29 14 -3.372891921725732
30 14 2.742306364856459
31 14 -1.402390688151857
0 15 -0.007474689598528341
1 15 -0.004859011381761999
2 15 0.006042925825360951
3 15 0.006711946112305221
4 15 -0.006012989777534489
5 15 -0.008538184667479973
6 15 0.006344286175066369
7 15 0.01060036455231869
8 15 -0.006907965182172948
9 15 -0.01307893644719101
10 15 0.007693738777149627
11 15 0.01618581045073791
12 15 -0.008737514582061814
13 15 -0.02022490689278673
14 15 0.0101137075395208
15 15 0.02567615906009928
16 15 -0.01194764350515113
17 15 -0.03335492294463407
18 15 0.01444746071119155
19 15 0.04475798337162831
20 15 -0.01797182867577941
21 15 -0.06291191441002895
22 15 0.02318013956901151
23 15 0.0948035720693486
24 15 -0.03140212123802258
25 15 -0.1601243444094775
26 15 0.04569804704406349
27 15 0.3375928382268649
28 15 -0.07468442555769512
29 15 -1.40239068815303
30 15 2.936824145162186
31 15 -2.551691447107054
