1152
0 0 0.5001341039213429
1 0 -0.7977967416153612
2 0 0.7070163031849325
3 0 -0.3258468553117188
4 0 7.386601137786318e-05
5 0 0.07296669573906017
6 0 -6.257843005613253e-05
7 0 -0.033863167635288
8 0 5.319566640329446e-05
9 0 0.02002965113737632
10 0 -4.45281448952273e-05
11 0 -0.01343734995503351
12 0 3.59913461668824e-05
13 0 0.009747545282313664
14 0 -2.722169804064038e-05
15 0 -0.007461313163664655
16 0 1.794584496251564e-05
17 0 0.005941915734890718
18 0 -7.923853771832507e-06
19 0 -0.004879333170344629
20 0 -3.081641328063498e-06
21 0 0.004107164183332727
22 0 1.532693434210555e-05
23 0 -0.003529309528881927
24 0 -2.910672086103457e-05
25 0 0.003087033950742417
26 0 4.477613267319388e-05
27 0 -0.002742810702795577
28 0 -6.27797863661537e-05
29 0 0.002471836894175938
30 0 8.369404868442081e-05
31 0 -0.002257340461408916
32 0 -0.0001082930878793203
33 0 0.002087902287733338
34 0 0.0001376588938479765
35 0 -0.001955950163344101
36 0 -0.0001733774612642725
37 0 0.001857062756882266
38 0 0.0002179183682855349
39 0 -0.001790094940289986
40 0 -0.0002754506743197408
41 0 0.001758799865501494
42 0 0.0003538699341808827
43 0 -0.001778095014209738
44 0 -0.0004710528550248847
45 0 0.001903987337537377
46 0 0.0006829224646950587
47 0 -0.002585601139421342
0 1 -0.0001760175869868671
1 1 -0.325846855311718
2 1 0.8661448457411214
3 1 -1.19668422900771
4 1 0.9999018187717171
5 1 -0.4461971529077227
6 1 8.387752458100392e-05
7 1 0.09654081985099194
8 1 -7.206604280738112e-05
9 1 -0.04400650153524392
10 1 6.119494154773831e-05
11 1 0.02574759555996784
12 1 -5.050166155932796e-05
13 1 -0.01715058925108265
14 1 3.951122906191515e-05
15 1 0.01238092540673036
16 1 -2.786552270178641e-05
17 1 -0.009445716437960069
18 1 1.524902346787111e-05
19 1 0.007505899675112468
20 1 -1.348349192625022e-06
21 1 -0.006155878008787332
22 1 -1.41760911274161e-05
23 1 0.005179256872530912
24 1 3.171593134152239e-05
25 1 -0.004451722782651429
26 1 -5.174420383830075e-05
27 1 0.003897675762254513
28 1 7.485411305930431e-05
29 1 -0.003469078462384268
30 1 -0.0001018154677869785
31 1 0.003134418260292241
32 1 0.0001336628222255288
33 1 -0.002872665457158099
34 1 -0.0001718421530640014
35 1 0.002669918359035797
36 1 0.0002184721149153032
37 1 -0.002517704314363795
38 1 -0.000276848946293723
39 1 0.002412679170323053
40 1 0.0003525305470310396
41 1 -0.002358471737084918
42 1 -0.0004560269155153269
43 1 0.002373732264658336
44 1 0.0006110938105366475
45 1 -0.002531337037275407
46 1 -0.0008919138451655762
47 1 0.003421279542138088
0 2 0.0002109928759426677
1 2 0.07296669573905787
2 2 -0.0001439859141907725
3 2 -0.4461971529077206
4 2 1.118153133909538
5 2 -1.495839803443389
6 2 1.224642263008507
7 2 -0.5388521344700704
8 2 8.905143199666508e-05
9 2 0.1145036384701225
10 2 -7.662537583348276e-05
11 2 -0.05162504571819107
12 2 6.442161762971519e-05
13 2 0.02998769131572309
14 2 -5.187339118219235e-05
15 2 -0.01987643923002718
16 2 3.855208562961002e-05
17 2 0.01430000863617661
18 2 -2.407855322133244e-05
19 2 -0.01088526143054672
20 2 8.074592952449373e-06
21 2 0.008638289550068203
22 2 9.871251471590004e-06
23 2 -0.007080824695486385
24 2 -3.023507958752419e-05
25 2 0.005958736424287054
26 2 5.359347485927345e-05
27 2 -0.005126600328680083
28 2 -8.06709507999024e-05
29 2 0.004496352784525668
30 2 0.0001124090345492988
31 2 -0.004012355516372626
32 2 -0.000150074114779141
33 2 0.003638469393157171
34 2 0.0001954367261818743
35 2 -0.003351096775363759
36 2 -0.0002510905171964011
37 2 0.003135548367896398
38 2 0.0003210678891273347
39 2 -0.002984777196760324
40 2 -0.000412160195644509
41 2 0.002901060775163038
42 2 0.0005371903259318691
43 2 -0.002905351182790953
44 2 -0.0007250897953230698
45 2 0.003084237358273822
46 2 0.001066029935987521
47 2 -0.004147254309800799
0 3 -0.0002444774964737546
1 3 -0.03386316763528547
2 3 0.0001677655963267461
3 3 0.09654081985098997
4 3 -0.0001397242775204078
5 3 -0.5388521344700705
6 3 1.322996922052211
7 3 -1.745125751840442
8 3 1.414107307269461
9 3 -0.6173562107822199
10 3 9.256063318788427e-05
11 3 0.1297411780121729
12 3 -7.913664779270379e-05
13 3 -0.05806805972182703
14 3 6.532940351281166e-05
15 3 0.03356046442238546
16 3 -5.064296450068729e-05
17 3 -0.02216676726833986
18 3 3.463674709382045e-05
19 3 0.01591027190895661
20 3 -1.686923092013304e-05
21 3 -0.01209375170235549
22 3 -3.142013352544968e-06
23 3 0.009591432631024844
24 3 2.595729749585743e-05
25 3 -0.007863285679234255
26 3 -5.225726908673232e-05
27 3 0.006623228704764712
28 3 8.289925954023129e-05
29 3 -0.005708087261667247
30 3 -0.0001189993828726597
31 3 0.005019474301615685
32 3 0.0001620606316697448
33 3 -0.004495684355499103
34 3 -0.0002141856240832798
35 3 0.004097271536225865
36 3 0.000278454572442548
37 3 -0.00379956284451596
38 3 -0.0003596538867436057
39 3 0.003589417041736891
40 3 0.0004658363004928244
41 3 -0.003466181845488606
42 3 -0.0006121831207541016
43 3 0.003451998925561316
44 3 0.0008328824957803672
45 3 -0.003646209811262476
46 3 -0.001234266872267287
47 3 0.004875704729849289
0 4 0.000278362838393372
1 4 0.02002965113738551
2 4 -0.0001920681392210368
3 4 -0.0440065015352579
4 4 0.0001609816031619794
5 4 0.1145036384701427
6 4 -0.0001407666973466135
7 4 -0.617356210782243
8 4 1.500124471608323
9 4 -1.963239639109951
10 4 1.581029143525699
11 4 -0.6867957303923627
12 4 9.522732205296554e-05
13 4 0.1432644084752167
14 4 -8.035298882366469e-05
15 4 -0.06379028369973926
16 4 6.449968467464367e-05
17 4 0.03673431911861303
18 4 -4.716421294290677e-05
19 4 -0.02420318276405081
20 4 2.783980716899336e-05
21 4 0.01734520340659356
22 4 -5.97012655385133e-06
23 4 -0.0131750238380959
24 4 -1.909367697889102e-05
25 4 0.01044960671795432
26 4 4.81425646856088e-05
27 4 -0.008574064974959007
28 4 -8.217565432805527e-05
29 4 0.007234043750688281
30 4 0.000122496525612431
31 4 -0.006250820860593914
32 4 -0.0001708634340269981
33 4 0.005517213138443924
34 4 0.0002297384979531351
35 4 -0.004966769524697664
36 4 -0.000302729896589688
37 4 0.00455829261280583
38 4 0.0003954427906860462
39 4 -0.00426857843088864
40 4 -0.0005172990163853678
41 4 0.004091598295247985
42 4 0.0006860344246371914
43 4 -0.004049248092762654
44 4 -0.0009415112380951469
45 4 0.004253238978714905
46 4 0.001407430080730948
47 4 -0.005652974664572258
0 5 -0.0003136641881915824
1 5 -0.01343734995497343
2 5 0.0002176029121738264
3 5 0.02574759555989191
4 5 -0.0001835218012249387
5 5 -0.05162504571810288
6 5 0.0001616496405684412
7 5 0.1297411780120684
8 5 -0.000144193519943627
9 5 -0.6867957303922112
10 5 1.658440850003104
11 5 -2.159529315399186
12 5 1.731937700013027
13 5 -0.7497687443535079
14 5 9.732092588625556e-05
15 5 0.1555740263902448
16 5 -8.046060008634032e-05
17 5 -0.06901133226160977
18 5 6.195784895035048e-05
19 5 0.03963725268581111
20 5 -4.123688993441979e-05
21 5 -0.02607211864119728
22 5 1.766236971076506e-05
23 5 0.01866876724474799
24 5 9.510136777071864e-06
25 5 -0.01417958389501638
26 5 -4.119172473257128e-05
27 5 0.01125478134732697
28 5 7.85371155742904e-05
29 5 -0.009249622099782927
30 5 -0.0001230570011042337
31 5 0.007824226243198722
32 5 0.0001767932301152169
33 5 -0.006786109238831407
34 5 -0.0002426091661005734
35 5 0.006020778475866104
36 5 0.0003247040927522778
37 5 -0.005458770101794729
38 5 -0.0004296018142212086
39 5 0.00505998754441332
40 5 0.0005682603184004411
41 5 -0.004808977293766174
42 5 -0.0007612789347972267
43 5 0.00472513630817699
44 5 0.001054861815972409
45 5 -0.004932173771048035
46 5 -0.001592038455578579
47 5 0.006511768639902668
0 6 0.0003511027980063506
1 6 0.009747545282218432
2 6 -0.0002448907631333254
3 6 -0.01715058925096016
4 6 0.0002078056901968599
5 6 0.02998769131558257
6 6 -0.0001843451942800622
7 6 -0.05806805972166269
8 6 0.0001658316697252017
9 6 0.1432644084749941
10 6 -0.0001492634855458452
11 6 -0.7497687443534535
12 6 1.802908803905281
13 6 -2.339446578647928
14 6 1.870712078624962
15 6 -0.807823152570239
16 6 9.89007294778526e-05
17 6 0.1669650044793666
18 6 -7.938577099911869e-05
19 6 -0.07385916470539053
20 6 5.742006973585332e-05
21 6 0.04234373414694692
22 6 -3.228259950207572e-05
23 6 -0.02782437296726831
24 6 3.124232481657218e-06
25 6 0.01991940122285799
26 6 3.109898038936636e-05
27 6 -0.01513886280827488
28 6 -7.171531746801951e-05
29 6 0.01203437903767743
30 6 0.0001204682489094545
31 6 -0.009915347931861777
32 6 -0.0001797204908351453
33 6 0.008418717002137253
34 6 0.0002527919002878575
35 6 -0.007340052877480709
36 6 -0.0003445573658632478
37 6 0.006559568411991352
38 6 0.0004625934644183151
39 6 -0.006008040732520061
40 6 -0.0006196219650974778
41 6 0.005653605791339343
42 6 0.0008395264322370005
43 6 -0.005509342159149292
44 6 -0.001175771261315865
45 6 0.005710114495643636
46 6 0.001793424739164067
47 6 -0.007483500396931556
0 7 -0.0003913034511711204
1 7 -0.007461313164574101
2 7 0.0002743971142136594
3 7 0.01238092540793667
4 7 -0.0002342588428953131
5 7 -0.01987643923149465
6 7 0.0002092644141493699
7 7 0.03356046442411355
8 7 -0.0001897936875115469
9 7 -0.06379028370170092
10 7 0.000172523188454778
11 7 0.1555740263927281
12 7 -0.0001558212039477155
13 7 -0.8078231525731556
14 7 1.936630336190221
15 7 -2.506494781170205
16 7 1.999879738452356
17 7 -0.861972936197961
18 7 9.990385985558507e-05
19 7 0.1776307888836993
20 7 -7.686020679157204e-05
21 7 -0.07841802287785994
22 7 5.031595539263507e-05
23 7 0.0449035618728674
24 7 -1.93063205393868e-05
25 7 -0.02949497945695314
26 7 -1.736092487408088e-05
27 7 0.02112489475877325
28 7 6.120962665286747e-05
29 7 -0.0160770679357237
30 7 -0.0001142478544437502
31 7 0.01281123861276832
32 7 0.0001792059269312381
33 7 -0.01059441953942248
34 7 -0.0002599302784947934
35 7 0.009042777082821305
36 7 0.0003620794122684608
37 7 -0.007942368020680069
38 7 -0.0004944566241029093
39 7 0.00717188400343556
40 7 0.0006718430162767844
41 7 -0.006670491072771479
42 7 -0.0009219618099067229
43 7 0.006438203058286671
44 7 0.001306743566927097
45 7 -0.00661901483547331
46 7 -0.002016871093834113
47 7 0.00860380394256643
0 8 0.0004348856925871893
1 8 0.005941915735374312
2 8 -0.0003065947261862912
3 8 -0.009445716438601089
4 8 0.0002633241846527909
5 8 0.01430000863695402
6 8 -0.0002368457365954846
7 8 -0.02216676726925289
8 8 0.0002165252213089545
9 8 0.03673431911962832
10 8 -0.0001986941725400148
11 8 -0.06901133226302443
12 8 0.0001815530226657242
13 8 0.1669650044810422
14 8 -0.0001639710081988509
15 8 -0.8619729361960202
16 8 2.061697889678714
17 8 -2.66308072495745
18 8 2.121196265525866
19 8 -0.9129273164282876
20 8 0.0001001579950122394
21 8 0.1877083580302195
22 8 -7.2399506993672e-05
23 8 -0.08274890562188202
24 8 3.970949128147944e-05
25 8 0.04735427295845385
26 8 -7.293512535325852e-07
27 8 -0.0311119733928749
28 8 -4.628656720342187e-05
29 8 0.02230926623742028
30 8 0.0001036494617478651
31 8 -0.0170170806975396
32 8 -0.000174514670784756
33 8 0.0136091480007639
34 8 0.0002633424928074685
35 8 -0.01131355301351114
36 8 -0.0003767114833363069
37 8 0.009728781747333637
38 8 0.000524873042094936
39 8 -0.008635845405653597
40 8 -0.0007250499875849733
41 8 0.007921300920295587
42 8 0.001009522642753073
43 8 -0.007559719894406692
44 8 -0.001450270699119102
45 8 0.007699729712006904
46 8 0.002268246473402219
47 8 -0.009916841010482949
0 9 -0.0004825207349960188
1 9 -0.00487933316806719
2 9 0.0003420043533902749
3 9 0.007505899672104417
4 9 -0.0002954976212721661
5 9 -0.0108852614269118
6 9 0.0002675879643117625
7 9 0.01591027190468526
8 9 -0.0002465413269349055
9 9 -0.02420318275905349
10 9 0.0002283166828979539
11 9 0.0396372526803745
12 9 -0.0002109342515698727
13 9 -0.07385916469920804
14 9 0.0001931499303543502
15 9 0.1776307888721323
16 9 -0.0001740028709742288
17 9 -0.9129273164175908
18 9 2.179602086663146
19 9 -2.810940346829942
20 9 2.235939901859671
21 9 -0.9612073834997392
22 9 9.935540789110555e-05
23 9 0.1973010531492914
24 9 -6.521868012480367e-05
25 9 -0.08690009036768738
26 9 2.41197671647588e-05
27 9 0.04972781388371562
28 9 2.593950605869416e-05
29 9 -0.03270149943150876
30 9 -8.761946020122091e-05
31 9 0.02349727740364946
32 9 0.0001645702579633753
33 9 -0.0179849896118688
34 9 -0.0002619739716638678
35 9 0.01445800040012999
36 9 0.000387500467799182
37 9 -0.01210968966732019
38 9 -0.0005531315945259965
39 9 0.01052629603656504
40 9 0.0007790229976911823
41 9 -0.009494721032324807
42 9 -0.001102949189783762
43 9 0.008940445378810601
44 9 0.001608998540694866
45 9 -0.009007113405360557
46 9 -0.002554515554940443
47 9 0.01148024520903351
0 10 0.0005349795400875775
1 10 0.004107164182192844
2 10 -0.0003812305840397644
3 10 -0.006155878007291093
4 10 0.0003313609308141415
5 10 0.00863828954827355
6 10 -0.0003020822746951299
7 10 -0.01209375170026217
8 10 0.0002804585996170425
9 10 0.01734520340411578
10 10 -0.0002620439260839853
11 10 -0.02607211863872564
12 10 0.0002446641448725798
13 10 0.04234373414420923
14 10 -0.0002269539691747423
15 10 -0.078418022869541
16 10 0.0002078571883671593
17 10 0.1877083580237289
18 10 -0.0001864042412888317
19 10 -0.9612073835066161
20 10 2.291449431125359
21 10 -2.951372454384428
22 10 2.345075636982859
23 10 -1.00721165296663
24 10 9.698879984444637e-05
25 10 0.2064917897785546
26 10 -5.406529367941781e-05
27 10 -0.09091367183358032
28 10 1.186379866007354e-06
29 10 0.05205522462161938
30 10 6.471164683585834e-05
31 10 -0.03429203588247125
32 10 -0.0001478580020488711
33 10 0.02471893399523998
34 10 0.0002542894456301959
35 10 -0.01901556708460783
36 10 -0.0003929820629886405
37 10 0.01540131123035496
38 10 0.0005780083265131024
39 10 -0.01304174675583558
40 10 -0.0008330940012609712
41 10 0.011523814245778
42 10 0.001202731988192793
43 10 -0.01067630875012154
44 10 -0.001785849397573354
45 10 0.01061760512838055
46 10 0.002884255721265933
47 10 -0.01337200048936335
0 11 -0.0005931848623642932
1 11 -0.003529309528370855
2 11 0.0004250018608626422
3 11 0.005179256871868724
4 11 -0.0003716196588970128
5 11 -0.007080824694710987
6 11 0.0003410502650439123
7 11 0.009591432630155147
8 11 -0.0003190345587258936
9 11 -0.01317502383706032
10 11 0.0003006836957016552
11 11 0.01866876724397543
12 11 -0.0002836132991427706
13 11 -0.02782437296652173
14 11 0.0002663286385239496
15 11 0.04490356186599854
16 11 -0.0002476725823856878
17 11 -0.08274890561759313
18 11 0.0002265788884579215
19 11 0.1973010531611511
20 11 -0.0002019281418888484
21 11 -1.007211652971016
22 11 2.398088196594113
23 11 -3.085376237239689
24 11 2.44935321045838
25 11 -1.051256083121627
26 11 9.222891803814947e-05
27 11 0.2153519231145419
28 11 -3.691103137037234e-05
29 11 -0.09483076415289152
30 11 -3.295155433726896e-05
31 11 0.05437122776101648
32 11 0.0001222679243897288
33 11 -0.03591945852791974
34 11 -0.0002380926995957281
35 11 0.02601591228371325
36 11 0.0003909781115151129
37 11 -0.02016136361783516
38 11 -0.0005975490633788307
39 11 0.01651063440671765
40 11 0.0008859330800592291
41 11 -0.01421721955522822
42 11 -0.00130896679739181
43 11 0.01291097261981816
44 11 0.00198406345943771
45 11 -0.01264133111629907
46 11 -0.003268376240322377
47 11 0.01570100364275027
0 12 0.0006582776507700701
1 12 0.003087033951805949
2 12 -0.0004742224023389536
3 12 -0.004451722784090539
4 12 0.0004171530713408979
5 12 0.005958736426043579
6 12 -0.0003853948642081825
7 12 -0.007863285681344112
8 12 0.0003632211042943201
9 12 0.01044960672040858
10 12 -0.0003452556242088684
11 12 -0.01417958389838464
12 12 0.000328885911381482
13 12 0.0199194012268004
14 12 -0.0003124794246476823
15 12 -0.02949497945441151
16 12 0.0002947733318129941
17 12 0.04735427295995157
18 12 -0.0002746006470240398
19 12 -0.08690009038912275
20 12 0.000250728615542838
21 12 0.2064917897922046
22 12 -0.0002217299990800147
23 12 -1.051256083131446
24 12 2.500185848899382
25 12 -3.21373623186857
26 12 2.549368924236266
27 12 -1.093600658375169
28 12 8.369622787737386e-05
29 12 0.2239485480485665
30 12 -1.037119913610344e-05
31 12 -0.09869711227967654
32 12 -8.485073680316205e-05
33 12 0.05672041278174414
34 12 0.0002102413417364469
35 12 -0.03763505898647624
36 12 -0.0003782681532909223
37 12 0.02745308419124385
38 12 0.0006087036614302852
39 12 -0.02151103998835353
40 12 -0.0009351733713353969
41 12 0.0179190518521282
42 12 0.001421040357925661
43 12 -0.01586880334772113
44 12 -0.002207180970900917
45 12 0.01524269172106904
46 12 0.003720997001269475
47 12 -0.01862403265166921
0 13 -0.0007317102497557715
1 13 -0.002742810703770707
2 13 0.000530045607454049
3 13 0.003897675763550988
4 13 -0.0004690852455523528
5 13 -0.00512660033038172
6 13 0.0004362732292296653
7 13 0.00662322870671558
8 13 -0.0004142414817953964
9 13 -0.008574064977193234
10 13 0.0003970740296886917
11 13 0.01125478135075315
12 13 -0.0003819102909979222
13 13 -0.01513886281233816
14 13 0.0003669719183982903
15 13 0.02112489475480567
16 13 -0.0003508872582585936
17 13 -0.03111197339358478
18 13 0.000332386975315754
19 13 0.04972781390823054
20 13 -0.0003101225163635303
21 13 -0.0909136718481707
22 13 0.0002825190132490672
23 13 0.2153519231240692
24 13 -0.0002476191046006435
25 13 -1.093600658372476
26 13 2.598279095583955
27 13 -3.337076213562315
28 13 2.645606397279535
29 13 -1.134469178781506
30 13 6.902128168906116e-05
31 13 0.2323523831480809
32 13 3.143889582674198e-05
33 13 -0.102571130532217
34 13 -0.0001661966321666917
35 13 0.05916768176834258
36 13 0.0003500599773160335
37 13 -0.03952067112435653
38 13 -0.0006067193609532618
39 13 0.02914256217328578
40 13 0.0009767579072019661
41 13 -0.0232327443362539
42 13 -0.00153704329731136
43 13 0.01991792931009651
44 13 0.00245883431193159
45 13 -0.01867709950032941
46 13 -0.004260746684656601
47 13 0.02237451465585768
0 14 0.0008153861779929588
1 14 0.002471836895278503
2 14 -0.0005939844077709655
3 14 -0.00346907846387068
4 14 0.0005288921633354869
5 14 0.004496352786281008
6 14 -0.0004952067479209677
7 14 -0.005708087264257415
8 14 0.0004737065940026495
9 14 0.007234043753277955
10 14 -0.0004578732749028834
11 14 -0.009249622103563766
12 14 0.0004445759736853619
13 14 0.01203437904271354
14 14 -0.0004318836732501323
15 14 -0.0160770679311675
16 14 0.0004183158309740313
17 14 0.02230926623821339
18 14 -0.0004025035730415294
19 14 -0.03270149946083521
20 14 0.0003829855809520734
21 14 0.0520552246387624
22 14 -0.0003580398496353387
23 14 -0.09483076416334249
24 14 0.0003255016584335573
25 14 0.223948548043891
26 14 -0.0002825282313585052
27 14 -1.134469178779852
28 14 2.692807665435506
29 14 -3.455892790194719
30 14 2.738464471186196
31 14 -1.174066919763933
32 14 4.395406213712138e-05
33 14 0.2406490190727712
34 14 9.929873147318799e-05
35 14 -0.1065380290924654
36 14 -0.0002991196603989062
37 14 0.06181873604512868
38 14 0.0005841158618363159
39 14 -0.04172119118321223
40 14 -0.001003790151101538
41 14 0.03130165690962014
42 14 0.001652646388628291
43 14 -0.02569998174163869
44 14 -0.002742174569886268
45 14 0.02336073344932908
46 14 0.004912531850245739
47 14 -0.027313596963541
0 15 -0.0009118813177863285
1 15 -0.002257340462588704
2 15 0.0006680859226777039
3 15 0.003134418261775592
4 15 -0.0005985712028337613
5 15 -0.004012355518280001
6 15 0.0005642550987963254
7 15 0.005019474303516189
8 15 -0.0005437989771991702
9 15 -0.006250820864719098
10 15 0.0005300059615291362
11 15 0.007824226247616483
12 15 -0.0005194503921984716
13 15 -0.009915347937193227
14 15 0.0005100440701701356
15 15 0.01281123860714662
16 15 -0.0005002027849336467
17 15 -0.01701708069883149
18 15 0.0004884685421337784
19 15 0.02349727743956864
20 15 -0.000473280017819462
21 15 -0.03429203590275157
22 15 0.0004527803017357828
23 15 0.05437122777245876
24 15 -0.0004246049077699414
25 15 -0.09869711227165751
26 15 0.0003856029180610503
27 15 0.2323523831433857
28 15 -0.0003314319104508847
29 15 -1.174066919760754
30 15 2.784138113867623
31 15 -3.570573250423038
32 15 2.82827701012727
33 15 -1.212601196440378
34 15 4.350930841168348e-07
35 15 0.2489588840740211
36 15 0.0002142993914054299
37 15 -0.1107384561249325
38 15 -0.0005289022252910046
39 15 0.06486550758807383
40 15 0.001004452416222257
41 15 -0.04452476785185151
42 15 -0.001758919648393765
43 15 0.03442258185595833
44 15 0.003058412448581955
45 15 -0.03001269680604413
46 15 -0.005710024159387627
47 15 0.03402625127575644
0 16 0.001024813828901344
1 16 0.002087902288935456
2 16 -0.0007552233181454546
3 16 -0.00287266545881721
4 16 0.0006809241006571952
5 16 0.003638469394413375
6 16 -0.0006463065224085494
7 16 -0.004495684357651462
8 16 0.000627579237214962
9 16 0.005517213139564405
10 16 -0.0006167726184001619
11 16 -0.006786109248167384
12 16 0.0006101388170027005
13 16 0.008418717008526243
14 16 -0.0006054322707934385
15 16 -0.01059441953165566
16 16 0.0006009792621168077
17 16 0.01360914800406758
18 16 -0.0005952559895367481
19 16 -0.01798498965787465
20 16 0.0005866307725779565
21 16 0.02471893401906089
22 16 -0.0005731452240159344
23 16 -0.03591945854015478
24 16 0.0005522685022011345
25 16 0.05672041276882011
26 16 -0.0005205679825552886
27 16 -0.102571130522677
28 16 0.0004732225769707447
29 16 0.2406490190645257
30 16 -0.0004032591950534739
31 16 -1.212601196435311
32 16 2.872581620375688
33 16 -3.681396780660179
34 16 2.915327563904664
35 16 -1.250313575502612
36 16 -7.794633551820332e-05
37 16 0.2574787917940864
38 16 0.0004213495889757692
39 16 -0.115434278297413
40 16 -0.0009580832654735742
41 16 0.06870161377464921
42 16 0.001837939374021192
43 16 -0.04860168606904239
44 16 -0.003403269216136959
45 16 0.03997213415400322
46 16 0.006698828956939311
47 16 -0.04351489549167651
0 17 -0.001159503100763711
1 17 -0.001955950164499003
2 17 0.0008596150934616576
3 17 0.0026699183607028
4 17 -0.0007800597400545288
5 17 -0.003351096777736678
6 17 0.0007455928412633432
7 17 0.004097271534524672
8 17 -0.0007295288828733696
9 17 -0.004966769526467199
10 17 0.0007230047280100341
11 17 0.006020778475575127
12 17 -0.0007219197443307315
13 17 -0.007340052898301753
14 17 0.0007238784335042818
15 17 0.009042777071990136
16 17 -0.0007271467969151552
17 17 -0.01131355301783782
18 17 0.0007301804428108183
19 17 0.01445800046387668
20 17 -0.0007313363012267244
21 17 -0.01901556711807256
22 17 0.0007286259282675844
23 17 0.02601591229762051
24 17 -0.0007194338850622747
25 17 -0.03763505896688647
26 17 0.0007001327475077212
27 17 0.05916768175292773
28 17 -0.0006655024901546538
29 17 -0.1065380290777046
30 17 0.0006078012448294365
31 17 0.2489588840626918
32 17 -0.0005152071093736636
33 17 -1.250313575496736
34 17 2.95840897222461
35 17 -3.788509372645423
36 17 2.999861109913946
37 17 -1.287544629542235
38 17 -0.0002278516765454201
39 17 0.2665811940915133
40 17 0.000827403882914179
41 17 -0.1211825972546141
42 17 -0.001853492138864014
43 17 0.07427652825400789
44 17 0.003758203568731321
45 17 -0.05599378064430375
46 17 -0.007939489632097882
47 17 0.05762466931979107
0 18 0.001324239007115628
1 18 0.001857062757987842
2 18 -0.0009878239748096326
3 18 -0.002517704315679817
4 18 0.0009023598852968915
5 18 0.003135548370762309
6 18 -0.0008686770950071198
7 18 -0.003799562849387705
8 18 0.000856589469996249
9 18 0.004558292597394997
10 18 -0.0008561786906130279
11 18 -0.005458770104629823
12 18 0.0008629564368711386
13 18 0.006559568405703268
14 18 -0.0008743979152317594
15 18 -0.007942368042066826
16 18 0.0008887638389680621
17 18 0.009728781752635359
18 18 -0.0009045723262878813
19 18 -0.01210968975618599
20 18 0.0009202796313881657
21 18 0.0154013112801401
22 18 -0.0009340076038507412
23 18 -0.02016136363969386
24 18 0.0009432288887162368
25 18 0.02745308416282748
26 18 -0.0009443273864432974
27 18 -0.03952067110110127
28 18 0.0009319188313115357
29 18 0.06181873602280502
30 18 -0.000897735215708501
31 18 -0.1107384561058503
32 18 0.0008287050882236813
33 18 0.2574787917814316
34 18 -0.0007034921121647181
35 18 -1.287544629536133
36 18 3.041867174492231
37 18 -3.891840043926878
38 18 3.082095476865624
39 18 -1.324892504496353
40 18 -0.0005420853132091309
41 18 0.2770909272929258
42 18 0.001730082316230865
43 18 -0.1293947398426719
44 18 -0.004067670235822144
45 18 0.0845926312183241
46 18 0.009505521207344318
47 18 -0.08008844305309042
0 19 -0.001532989225577636
1 19 -0.001790094941160105
2 19 0.001150884620572028
3 19 0.002412679171358139
4 19 -0.001058533164886368
5 19 -0.002984777196856816
6 19 0.001026550648626872
7 19 0.003589417050035223
8 19 -0.001020365103665782
9 19 -0.00426857844474588
10 19 0.001028772249661517
11 19 0.005059987481654221
12 19 -0.001046854241341269
13 19 -0.00600804073376938
14 19 0.001072000944244922
15 19 0.007171883943300168
16 19 -0.001102568417506043
17 19 -0.008635845511297762
18 19 0.001137288417960243
19 19 0.01052629616884084
20 19 -0.001174921939861906
21 19 -0.01304174682822283
22 19 0.001213970721113908
23 19 0.01651063444677236
24 19 -0.001252343936513007
25 19 -0.02151103995215321
26 19 0.001286882495741108
27 19 0.02914256213982594
28 19 -0.001312600080661688
29 19 -0.04172119114910466
30 19 0.001321392774207969
31 19 0.06486550755937162
32 19 -0.001299737286845901
33 19 -0.1154342782759966
34 19 0.001224385779101351
35 19 0.2665811940782249
36 19 -0.001053863783335022
37 19 -1.324892504489885
38 19 3.123209510927615
39 19 -3.990849374152666
40 19 3.162238591400041
41 19 -1.363683467168185
42 19 -0.001301241336398613
43 19 0.2912373541079177
44 19 0.004175316189896703
45 19 -0.1448115164707857
46 19 -0.01145393626646385
47 19 0.1195212336781103
0 20 0.001812049405575742
1 20 0.001758799865752691
2 20 -0.001369522879099678
3 20 -0.002358471737504346
4 20 0.001268645987672348
5 20 0.002901060774890126
6 20 -0.001239761376162943
7 20 -0.003466181838329835
8 20 0.001242498712431167
9 20 0.004091598329695008
10 20 -0.001264005134205843
11 20 -0.004808977347172176
12 20 0.001298877038604431
13 20 0.005653605568470129
14 20 -0.001344506036118178
15 20 -0.006670491009447849
16 20 0.001399530464882295
17 20 0.007921300846172518
18 20 -0.001463177507955374
19 20 -0.009494721455353301
20 20 0.001534903398947321
21 20 0.01152381436040645
22 20 -0.001614117321924594
23 20 -0.01421721962583383
24 20 0.001699873483721598
25 20 0.01791905182104561
26 20 -0.00179042246743718
27 20 -0.02323274429821834
28 20 0.001882460444477525
29 20 0.03130165686461976
30 20 -0.001969779843516909
31 20 -0.04452476781149021
32 20 0.002040721803025241
33 20 0.06870161374522438
34 20 -0.002073132639532001
35 20 -0.1211825972349071
36 20 0.002023816187950229
37 20 0.2770909272814379
38 20 -0.001804912422759238
39 20 -1.363683467163862
40 20 3.20278815942409
41 20 -4.08367451102656
42 20 3.240536392883968
43 20 -1.407757542856797
44 20 -0.0036221545404739
45 20 0.3172574660248559
46 20 0.01365643820339013
47 20 -0.2001911583232694
0 21 -0.002220237524031476
1 21 -0.001778095013029204
2 21 0.001689983384717791
3 21 0.002373732263026259
4 21 -0.001577356605471273
5 21 -0.002905351182053921
6 21 0.001553917477710899
7 21 0.00345199891898011
8 21 -0.001570897455438388
9 21 -0.004049248051318161
10 21 0.001613130598014825
11 21 0.004725136458444744
12 21 -0.001674631670583657
13 21 -0.005509342329192294
14 21 0.001752969386597668
15 21 0.006438202260176222
16 21 -0.001847435585103087
17 21 -0.007559719867274863
18 21 0.001958318548888734
19 21 0.008940445526379378
20 21 -0.002086568476045022
21 21 -0.01067630940681111
22 21 0.002233608267861377
23 21 0.01291097272472231
24 21 -0.002401170428796202
25 21 -0.01586880330686877
26 21 0.002591060165937364
27 21 0.01991792930514036
28 21 -0.002804697710569093
29 21 -0.02569998170266072
30 21 0.003042152099686855
31 21 0.03442258181420859
32 21 -0.003300034907178283
33 21 -0.04860168603972453
34 21 0.003566768842756747
35 21 0.07427652823785806
36 21 -0.003811489645932579
37 21 -0.129394739834432
38 21 0.003956330986566494
39 21 0.2912373541077405
40 21 -0.00380078968706751
41 21 -1.407757542861402
42 21 3.281506627013894
43 21 -4.163327107963838
44 21 3.317502970744116
45 21 -1.473528328918817
46 21 -0.01482042261442549
47 21 0.4190668972201209
0 22 0.002937499645167442
1 22 0.001903987335079004
2 22 -0.002253380209051422
3 22 -0.002531337034012365
4 22 0.002120567295311947
5 22 0.003084237354339378
6 22 -0.002107412717287334
7 22 -0.003646209815409725
8 22 0.002150488184856205
9 22 0.004253238948666238
10 22 -0.002230697528926744
11 22 -0.004932173623415019
12 22 0.002341222081070707
13 22 0.005710115051224047
14 22 -0.002480209654839406
15 22 -0.006619015113061308
16 22 0.002648485383181012
17 22 0.007699727802051822
18 22 -0.002848762594270368
19 22 -0.009007114038908665
20 22 0.003085444948487973
21 22 0.01061760490343452
22 22 -0.003364738738881779
23 22 -0.01264133219217861
24 22 0.003694990184149056
25 22 0.01524269155240579
26 22 -0.004087237931648618
27 22 -0.01867709954352008
28 22 0.004556000350201138
29 22 0.02336073350003009
30 22 -0.005120303353813038
31 22 -0.03001269680372277
32 22 0.005804833506559156
33 22 0.03997213415767092
34 22 -0.006640634539563635
35 22 -0.05599378065608401
36 22 0.007663108328101923
37 22 0.08459263123853225
38 22 -0.00889901391903802
39 22 -0.1448115164953555
40 22 0.01030983444593344
41 22 0.3172574660535789
42 22 -0.01154547797727157
43 22 -1.473528328942208
44 22 3.364792922696302
45 22 -4.18954139289862
46 22 3.395974317513952
47 22 -1.730733571326375
0 23 -0.005251167093993818
1 23 -0.00258560113627988
2 23 0.004066519653852687
3 23 0.003421279537923418
4 23 -0.003865129991452537
5 23 -0.004147254304077471
6 23 0.003881825548867496
7 23 0.004875704720838177
8 23 -0.004005828348001675
9 23 -0.005652974694908898
10 23 0.004205436330380319
11 23 0.006511768615983678
12 23 -0.004471326072474668
13 23 -0.007483499843197011
14 23 0.004803845201979129
15 23 0.008603804743822871
16 23 -0.005209322413497886
17 23 -0.009916842989455544
18 23 0.005699212372662241
19 23 0.01148024323866208
20 23 -0.006290570891866279
21 23 -0.01337199953737387
22 23 0.007007543619229279
23 23 0.01570100218673319
24 23 -0.007884037158073525
25 23 -0.01862403316421106
26 23 0.008968140785689681
27 23 0.02237451488769678
28 23 -0.01032945159378754
29 23 -0.02731359724114025
30 23 0.01207155478104679
31 23 0.03402625159353462
32 23 -0.01435421109853976
33 23 -0.04351489575335745
34 23 0.01743501686776679
35 23 0.05762466952965162
36 23 -0.02175316639113468
37 23 -0.08008844323211696
38 23 0.02811313326024535
39 23 0.119521233841023
40 23 -0.03813586427051649
41 23 -0.2001911584735232
42 23 0.05555382705643355
43 23 0.4190668973543331
44 23 -0.09089187595437538
45 23 -1.730733571429607
46 23 3.614329975346547
47 23 -3.136548176419297
