968
0 0 0.5001532150841657
1 0 -0.7977796708559308
2 0 0.7070038761739814
3 0 -0.3258690915851528
4 0 8.341664990811195e-05
5 0 0.07299316910676529
6 0 -6.989749036231225e-05
7 0 -0.03389365786814681
8 0 5.840555955111929e-05
9 0 0.02006418695481306
10 0 -4.754647000342838e-05
11 0 -0.0134760968078182
12 0 3.66109973339036e-05
13 0 0.009790769501762647
14 0 -2.513276187740539e-05
15 0 -0.007509373192372452
16 0 1.27351133977476e-05
17 0 0.005995267446626418
18 0 9.387494352616886e-07
19 0 -0.004938546151500591
20 0 -1.626818312276726e-05
21 0 0.004172950112406103
22 0 3.369034358575201e-05
23 0 -0.003602567209956801
24 0 -5.373899277675708e-05
25 0 0.003168920247656074
26 0 7.709634996774519e-05
27 0 -0.002834855011317295
28 0 -0.0001046712250202436
29 0 0.002576133778728885
30 0 0.0001377271758283339
31 0 -0.002376892746318732
32 0 -0.0001781094541744627
33 0 0.00222727887931531
34 0 0.000228682519689918
35 0 -0.002122676364819445
36 0 -0.0002942683036606819
37 0 0.002064982649904052
38 0 0.0003839731056188415
39 0 -0.002069323900939151
40 0 -0.0005183565814865863
41 0 0.002197580375779906
42 0 0.0007615538715554863
43 0 -0.002955899652471516
0 1 -0.0002023938780647431
1 1 -0.3258690915851526
2 1 0.8661622794442869
3 1 -1.196655204717544
4 1 0.9998881172552362
5 1 -0.4462317807304812
6 1 9.473611847205897e-05
7 1 0.09658078840990346
8 1 -8.026044306846678e-05
9 1 -0.04405187412705903
10 1 6.662647413329686e-05
11 1 0.0257986165812468
12 1 -5.290323756091772e-05
13 1 -0.01720763840209446
14 1 3.847700533794915e-05
15 1 0.01244450715928198
16 1 -2.285008760585605e-05
17 1 -0.009516467954971004
18 1 5.54877008415019e-06
19 1 0.007584613189403458
20 1 1.393287112218977e-05
21 1 -0.006243539232198392
22 1 -3.618001572785969e-05
23 1 0.005277105497676289
24 1 6.190919310415176e-05
25 1 -0.004561347326324228
26 1 -9.203806435244118e-05
27 1 0.004021166080996923
28 1 0.0001277906141948013
29 1 -0.003609281717378977
30 1 -0.0001708695680100106
31 1 0.00329539387947236
32 1 0.0002237613511598218
33 1 -0.003060556220081376
34 1 -0.0002903232084832319
35 1 0.002894789835196621
36 1 0.000377040577597224
37 1 -0.002797991620031353
38 1 -0.0004961412999689936
39 1 0.002788349191425715
40 1 0.0006751786329674529
41 1 -0.002946397270313444
42 1 -0.0009999225421059403
43 1 0.003941091774862074
0 2 0.0002441941088734967
1 2 0.07299316910676414
2 2 -0.0001662627791244262
3 2 -0.4462317807304804
4 2 1.118170993391583
5 2 -1.495798400144044
6 2 1.224627701288895
7 2 -0.5389000309919162
8 2 0.000100552881818091
9 2 0.1145581368623299
10 2 -8.496106390894311e-05
11 2 -0.05168647445589234
12 2 6.927837940019514e-05
13 2 0.0300565454196669
14 2 -5.27670036747265e-05
15 2 -0.01995336899173254
16 2 3.482597460374328e-05
17 2 0.01438583048067764
18 2 -1.488031523700152e-05
19 2 -0.01098098627764847
20 2 -7.687092997849455e-06
21 2 0.008745170676613269
22 2 3.359305091059416e-05
23 2 -0.007200432503829508
24 2 -6.371817383053263e-05
25 2 0.006093074998677291
26 2 9.91930603274657e-05
27 2 -0.005278294072173043
28 2 -0.000141528260622614
29 2 0.004668958602939611
30 2 0.0001928271552375521
31 2 -0.00421091627549483
32 2 -0.0002561620107215449
33 2 0.003870571595524429
34 2 0.0003362968958223968
35 2 -0.00362910127258317
36 2 -0.0004412335253803679
37 2 0.003481979527260925
38 2 0.0005860342367941234
39 2 -0.003448272481196686
40 2 -0.0008045697875846064
41 2 0.003623492454113269
42 2 0.001202033896891675
43 2 -0.004817397200932654
0 3 -0.0002848355270927502
1 3 -0.03389365786814005
2 3 0.0001952244184856292
3 3 0.09658078840989702
4 3 -0.0001621360115938425
5 3 -0.5389000309919095
6 3 1.323015649358726
7 3 -1.745070214789485
8 3 1.414091959939457
9 3 -0.617419554887319
10 3 0.0001044226734439489
11 3 0.1298127545934142
12 3 -8.716062928570576e-05
13 3 -0.05814849338658281
14 3 6.895872166532906e-05
15 3 0.0336505677150081
16 3 -4.91151919382599e-05
17 3 -0.02226755518898074
18 3 2.69548812447798e-05
19 3 0.0160229970132154
20 3 -1.749204448585912e-06
21 3 -0.01221996227516632
22 3 -2.7352116389219e-05
23 3 0.009733062731099159
24 3 6.139771248411567e-05
25 3 -0.008022794617089766
26 3 -0.000101737938481708
27 3 0.006803823264643927
28 3 0.0001501809129706594
29 3 -0.00591409189241637
30 3 -0.0002092479442048717
31 3 0.005256985275686299
32 3 0.0002826241471179378
33 3 -0.00477381681619483
34 3 -0.000376023324604003
35 3 0.004430785163837785
36 3 0.0004990341795322261
37 3 -0.004215199044968672
38 3 -0.0006696785598013527
39 3 0.004144648171340818
40 3 0.0009283963861735591
41 3 -0.004328133844161563
42 3 -0.001400471152734026
43 3 0.005715950009333898
0 4 0.0003265391894415995
1 4 0.02006418695480135
2 4 -0.0002252763862911307
3 4 -0.04405187412704527
4 4 0.0001885319850429477
5 4 0.114558136862315
6 4 -0.0001642896536667864
7 4 -0.617419554887311
8 4 1.50014435039768
9 4 -1.96316721009363
10 4 1.581013006541258
11 4 -0.6868777843391306
12 4 0.0001072352523954541
13 4 0.1433568627341602
14 4 -8.76060189538153e-05
15 4 -0.06389413862383511
16 4 6.613041992471575e-05
17 4 0.03685081924084208
18 4 -4.202895535467747e-05
19 4 -0.0243338599452046
20 4 1.445545480662335e-05
21 4 0.01749194700911798
22 4 1.758280951268699e-05
23 4 -0.01334018826667219
24 4 -5.531560176587766e-05
25 4 0.01063617681311744
26 4 0.0001003322361837963
27 4 -0.008785917994243718
28 4 -0.0001547667243683681
29 4 0.007476383655680848
30 4 0.0002216006938655251
31 4 -0.00653094263174497
32 4 -0.0003051970981620148
33 4 0.005845955189972655
34 4 0.0004123227855771788
35 4 -0.005361564804297588
36 4 -0.0005543273087149855
37 4 0.005050522267925055
38 4 0.0007525118784853657
39 4 -0.004925315483450199
40 4 -0.001054572322208238
41 4 0.005107146527639876
42 4 0.001607874376485793
43 4 -0.00669523366397287
0 5 -0.0003705618587189858
1 5 -0.01347609680789809
2 5 0.0002573073267522501
3 5 0.02579861658135542
4 5 -0.0002169602225844112
5 5 -0.0516864744560282
6 5 0.0001907544192296678
7 5 0.1298127545935861
8 5 -0.0001694423214804719
9 5 -0.6868777843393422
10 5 1.658462162123457
11 5 -2.159436107171722
12 5 1.731920740497355
13 5 -0.7498740605711768
14 5 0.0001092357204375867
15 5 0.1556926725953254
16 5 -8.635812974616566e-05
17 5 -0.06914482405695832
18 5 6.054341892472736e-05
19 5 0.03978745236543545
20 5 -3.081829397390649e-05
21 5 -0.02624131987504425
22 5 -3.965840843351895e-06
23 5 0.0188598234956692
24 5 4.523910542634793e-05
25 5 -0.01439610438129589
26 5 -9.485767554703203e-05
27 5 0.01150143939699597
28 5 0.0001553225395007257
29 5 -0.00953266335815914
30 5 -0.0002301372988427608
31 5 0.008152358646275545
32 5 0.0003244377800268646
33 5 -0.007172187378639343
34 5 -0.0004461962294055241
35 5 0.006485331240278041
36 5 0.0006087817142641883
37 5 -0.006038486044356793
38 5 -0.0008372562627924576
39 5 0.005832780511718177
40 5 0.00118761623627468
41 5 -0.005999504897433591
42 5 -0.001832377021457925
43 5 0.007800846071888181
0 6 0.0004178599071172956
1 6 0.009790769501804639
2 6 -0.0002920208308800262
3 6 -0.01720763840215208
4 6 0.0002480558090747795
5 6 0.03005654541974074
6 6 -0.0002199933812292879
7 6 -0.05814849338668331
8 6 0.0001974701115400476
9 6 0.143356862734287
10 6 -0.0001768405140924446
11 6 -0.7498740605710407
12 6 1.802931882761717
13 6 -2.339327233833182
14 6 1.870694251905854
15 6 -0.8079580126087148
16 6 0.0001103982678175635
17 6 0.1671172197078855
18 6 -8.310412383876011e-05
19 6 -0.07403099406463469
20 6 5.144657139857907e-05
21 6 0.04253795826421135
22 6 -1.410417749762701e-05
23 6 -0.02804444823241245
24 6 -3.057799145003115e-05
25 6 0.02016969295776353
26 6 8.475878987453681e-05
27 6 -0.01542500948693756
28 6 -0.0001513594641840936
29 6 0.01236388856464212
30 6 0.0002344864251214088
31 6 -0.01029863561395241
32 6 -0.0003401743625917045
33 6 0.008871060056683113
34 6 0.0004778049846770376
35 6 -0.007885667587644817
36 6 -0.0006631170937673804
37 6 0.00724139038856213
38 6 0.0009255903578037012
39 6 -0.006916572464693962
40 6 -0.001330957888575425
41 6 0.007048316771437546
42 6 0.00208111292051562
43 6 -0.00908062140598255
0 7 -0.0004693220384959584
1 7 -0.007509373191964908
2 7 0.0003300927050555836
3 7 0.01244450715874226
4 7 -0.0002824500078366776
5 7 -0.01995336899107615
6 7 0.0002526298073120188
7 7 0.03365056771425077
8 7 -0.0002290658955007824
9 7 -0.06389413862296252
10 7 0.0002076957896077289
11 7 0.1556926725939725
12 7 -0.000186447863848107
13 7 -0.807958012607336
14 7 1.936655608526842
15 7 -2.506341902130274
16 7 1.9998609987423
17 7 -0.8621460660248431
18 7 0.0001105032687536638
19 7 0.1778269096404528
20 7 -7.717569697420047e-05
21 7 -0.07864050865736621
22 7 3.750414736389179e-05
23 7 0.04515660709598161
24 7 1.04206173528535e-05
25 7 -0.02978387852271815
26 7 -6.910404617362208e-05
27 7 0.02145647544067259
28 7 0.0001419540432816923
29 7 -0.01646039558839009
30 7 -0.0002337821414528836
31 7 0.01325883340408647
32 7 0.0003516837142890761
33 7 -0.01112453418367725
34 7 -0.0005067156402037516
35 7 0.009684123872104034
36 7 0.0007174476173828271
37 7 -0.008745415568070391
38 7 -0.001018651128598546
39 7 0.008242103737504697
40 7 0.001487717311734605
41 7 -0.008308168144804198
42 7 -0.002361591694370396
43 7 0.01059271808734924
0 8 0.0005258865987813153
1 8 0.005995267446370567
2 8 -0.0003722531594476598
3 8 -0.009516467954633734
4 8 0.0003208406652894072
5 8 0.01438583048027133
6 8 -0.0002893684572364901
7 8 -0.02226755518852548
8 8 0.000264960617854331
9 8 0.0368508192403382
10 8 -0.0002431030538817064
11 8 -0.06914482405598056
12 8 0.000221495907255532
13 8 0.167117219706972
14 8 -0.0001985974697456418
15 8 -0.8621460660256626
16 8 2.061725928149502
17 8 -2.662883971789651
18 8 2.121176578376653
19 8 -0.9131510219815764
20 8 0.0001091122767100652
21 8 0.1879631204711861
22 8 -6.742632406155065e-05
23 8 -0.08303983280467239
24 8 1.650932237512476e-05
25 8 0.04768781516658796
26 8 4.65433026305783e-05
27 8 -0.0314964445708277
28 8 -0.0001257072693986368
29 8 0.02275568399831327
30 8 0.0002266267966434119
31 8 -0.0175406065835835
32 8 -0.0003576634270146394
33 8 0.01423176222249675
34 8 0.0005318922722475256
35 8 -0.01206956919302006
36 8 -0.0007713182965319054
37 8 0.01067795984484871
38 8 0.001117163096613436
39 8 -0.009901858849614087
40 8 -0.001661044489531978
41 8 0.009853287403894389
42 8 0.002682556385355821
43 8 -0.01241349440882605
0 9 -0.0005886271467700111
1 9 -0.004938546151362359
2 9 0.0004193499137111721
3 9 0.00758461318922784
4 9 -0.000364049516310642
5 9 -0.01098098627744517
6 9 0.0003310507902567019
7 9 0.01602299701300334
8 9 -0.0003060389534882078
9 9 -0.0243338599449876
10 9 0.000284007209079342
11 9 0.03978745236475282
12 9 -0.0002624090435523559
13 9 -0.07403099406410933
14 9 0.0002395364895023749
15 9 0.1778269096420444
16 9 -0.0002139521343934746
17 9 -0.913151021982304
18 9 2.179633689466176
19 9 -2.810685000979126
20 9 2.235919264593027
21 9 -0.961499381165856
22 9 0.0001054663858552357
23 9 0.1976359524771316
24 9 -5.19521945052428e-05
25 9 -0.0872857962305548
26 9 -1.519496512583863e-05
27 9 0.05017452164057597
28 9 0.0001006164736874584
29 9 -0.03322271028343108
30 9 -0.0002109469317250195
31 9 0.02411152373771766
32 9 0.0003560739027755686
33 9 -0.01871901074589334
34 9 -0.0005515335373028125
35 9 0.01535323707243466
36 9 0.0008235603395226833
37 9 -0.01323762376035367
38 9 -0.001221371776668231
39 9 0.01203324336225774
40 9 0.001854273370613971
41 9 -0.01178953159922888
42 9 -0.003054791360225241
43 9 0.01464814960577283
0 10 0.0006588392186138706
1 10 0.004172950112728552
2 10 -0.0004724149612983835
3 10 -0.006243539232637983
4 10 0.0004130855227112909
5 10 0.008745170677166309
6 10 -0.0003787187653218432
7 10 -0.01221996227586464
8 10 0.0003534056798606206
9 10 0.01749194700996557
10 10 -0.0003315983959416686
11 10 -0.0262413198755232
12 10 0.0003104832069647819
13 10 0.04253795826511697
14 10 -0.0002881744683325512
15 10 -0.07864050866101618
16 10 0.0002630805482302968
17 10 0.1879631204740734
18 10 -0.0002335982598280631
19 10 -0.9614993811682088
20 10 2.291485752943375
21 10 -2.951037073778679
22 10 2.345054116471996
23 10 -1.007598108209035
24 10 9.827532035404644e-05
25 10 0.2069390755360417
26 10 -2.754452298787844e-05
27 10 -0.09143439568588685
28 10 -6.385224554964453e-05
29 10 0.05266609356821882
30 10 0.0001837333833085935
31 10 -0.03501595641722997
32 10 -0.0003438403391394442
33 10 0.02558883862478312
34 10 0.0005627433890374788
35 10 -0.02008216239323059
36 10 -0.0008719579434208256
37 10 0.01675122009824409
38 10 0.001330782577975342
39 10 -0.01485014341360824
40 10 -0.002070947218391892
41 10 0.01427420968435374
42 10 0.003492069072207317
43 10 -0.01744724705486137
0 11 -0.0007381499986738026
1 11 -0.003602567210278379
2 11 0.0005327509386447863
3 11 0.00527710549811417
4 11 -0.0004692286519711045
5 11 -0.007200432504383351
6 11 0.0004337010324506818
7 11 0.009733062731822869
8 11 -0.000408477146128244
9 11 -0.01334018826757568
10 11 0.0003874111421809166
11 11 0.0188598234960756
12 11 -0.0003673996618423286
13 11 -0.02804444823332545
14 11 0.0003463686865487298
15 11 0.04515660710017493
16 11 -0.0003225651400223888
17 11 -0.08303983280783027
18 11 0.0002942124799727995
19 11 0.1976359524795396
20 11 -0.0002592727247626244
21 11 -1.007598108208524
22 11 2.398130976414205
23 11 -3.084928695589552
24 11 2.4493310165755
25 11 -1.051776849418284
26 11 8.530119847857043e-05
27 11 0.215961654691493
28 11 1.140064640782477e-05
29 11 -0.09555036787954008
30 11 -0.0001406160441009789
31 11 0.05522938398373022
32 11 0.0003163525203110329
33 11 -0.03695731974060322
34 11 -0.0005609583672838079
35 11 0.02729650684479093
36 11 0.0009126338497470386
37 11 -0.02179137280170775
38 11 -0.001443611974076475
39 11 0.01870301223726401
40 11 0.002314652112641538
41 11 -0.01755124771027741
42 11 -0.004012417028957564
43 11 0.02103435023537545
0 12 0.0008286757592557376
1 12 0.00316892024806757
2 12 -0.0006020563094147184
3 12 -0.0045613473269
4 12 0.0005341523779058055
5 12 0.006093074999382178
6 12 -0.0004977399727479683
7 12 -0.008022794618001889
8 12 0.0004731170747128228
9 12 0.0106361768142932
10 12 -0.0004534725418847983
11 12 -0.01439610438192827
12 12 0.0004353893206071416
13 12 0.02016969295896251
14 12 -0.0004165964863728746
15 12 -0.02978387852793572
16 12 0.0003951765266958749
17 12 0.04768781517060833
18 12 -0.0003691765896045712
19 12 -0.08728579623351206
20 12 0.0003363349402587965
21 12 0.2069390755353902
22 12 -0.0002938086206047384
23 12 -1.051776849418234
24 12 2.500237828385188
25 12 -3.213126743624301
26 12 2.549346558590107
27 12 -1.094318734203554
28 12 6.250924554639457e-05
29 12 0.224801706890671
30 12 7.517212945662148e-05
31 12 -0.09972179435388241
32 12 -0.0002666333504145429
33 12 0.05796891094038613
34 12 0.0005389671370530585
35 12 -0.03918718898301827
36 12 -0.0009389498681429465
37 12 0.02944284588809494
38 12 0.001555715832007652
39 12 -0.0242023633344003
40 12 -0.002588474475193829
41 12 0.02201777504603771
42 12 0.004639853992188716
43 12 -0.02575494353406126
0 13 -0.0009332667131092177
1 13 -0.002834855011793513
2 13 0.0006826206265607653
3 13 0.004021166081632018
4 13 -0.0006101152339692984
5 13 -0.005278294073065192
6 13 0.0005731907659819011
7 13 0.006803823265689235
8 13 -0.0005498497328442872
9 13 -0.008785917995559956
10 13 0.0005325352115699346
11 13 0.0115014393978241
12 13 -0.0005174914377051801
13 13 -0.01542500948855163
14 13 0.0005022465910795979
15 13 0.02145647544707637
16 13 -0.0004847237177379685
17 13 -0.03149644457557595
18 13 0.0004628013131076137
19 13 0.05017452164410198
20 13 -0.0004339986437471789
21 13 -0.09143439568465234
22 13 0.0003951552764739345
23 13 0.2159616546908859
24 13 -0.0003420167698518954
25 13 -1.094318734202878
26 13 2.598344835494778
27 13 -3.33622441646692
28 13 2.645584968318592
29 13 -1.135488754744959
30 13 2.222413385599172e-05
31 13 0.2335868110336705
32 13 0.0001839273275698008
33 13 -0.1040881458409817
34 13 -0.0004851983916607291
35 13 0.06107058379096311
36 13 0.0009395063591819656
37 13 -0.04198182769719323
38 13 -0.001658493770855731
39 13 0.03249710485403196
40 13 0.002893604934074291
41 13 -0.02835976999032998
42 13 -0.00540678205253791
43 13 0.0321683593041097
0 14 0.001055913502049794
1 14 0.00257613377924692
2 14 -0.0007776487226743135
3 14 -0.003609281718090381
4 14 0.000700278791003709
5 14 0.004668958603749073
6 14 -0.0006633517093202559
7 14 -0.005914091893951023
8 14 0.0006422134497012979
9 14 0.007476383657208456
10 14 -0.0006284633547292094
11 14 -0.009532663358796302
12 14 0.0006179820399769585
13 14 0.01236388856680115
14 14 -0.0006081013186883321
15 14 -0.01646039559674337
16 14 0.0005966041329232433
17 14 0.02275568400401827
18 14 -0.0005812274592826019
19 14 -0.03322271028718863
20 14 0.0005593007968256593
21 14 0.05266609356601774
22 14 -0.0005273697854883684
23 14 -0.09555036787779571
24 14 0.0004806990289216127
25 14 0.2248017068886203
26 14 -0.0004125257271095058
27 14 -1.135488754743509
28 14 2.692895256723989
29 14 -3.454662315564122
30 14 2.738446401685602
31 14 -1.175570249051788
32 14 -5.121578929899483e-05
33 14 0.2425148829572198
34 14 0.0003806209817402776
35 14 -0.1089035529703145
36 14 -0.0008943698917280356
37 14 0.06491207100029732
38 14 0.001734662110332997
39 14 -0.04598098956691792
40 14 -0.003225925649013231
41 14 0.03785459601001714
42 14 0.006357038402482708
43 14 -0.04123294539649797
0 15 -0.001202468884357781
1 15 -0.002376892746893267
2 15 0.0008918356714672409
3 15 0.003295393880153161
4 15 -0.0008092708919222649
5 15 -0.004210916276420461
6 15 0.0007730484715937119
7 15 0.005256985276506464
8 15 -0.0007553849113461756
9 15 -0.006530942634816023
10 15 0.0007469133848281113
11 15 0.00815235864703134
12 15 -0.0007431279524118024
13 15 -0.0102986356161228
14 15 0.0007411839057808261
15 15 0.01325883341523172
16 15 -0.0007387687884530981
17 15 -0.01754060659129206
18 15 0.0007335403803521995
19 15 0.02411152374224624
20 15 -0.0007227136548415222
21 15 -0.03501595641381813
22 15 0.0007026221132977322
23 15 0.05522938398079108
24 15 -0.0006681249821411065
25 15 -0.09972179435003709
26 15 0.0006116975809488116
27 15 0.2335868110303339
28 15 -0.0005219302947206544
29 15 -1.175570249049973
30 15 2.78426309046699
31 15 -3.568717725776865
32 15 2.828267749533365
33 15 -1.214930662724347
34 15 -0.0001928511828344563
35 15 0.2519497765582688
36 15 0.0007676013312429067
37 15 -0.1147032985457833
38 15 -0.00174931101061236
39 15 0.07040071678079923
40 15 0.003567570640583855
41 15 -0.05312998685389556
42 15 -0.007548782092064009
43 15 0.05471275132275676
0 16 0.001382035278900214
1 16 0.002227278879952065
2 16 -0.001032470575273397
3 16 -0.003060556220990943
4 16 0.0009442651185596735
5 16 0.003870571595860099
6 16 -0.0009097517737111848
7 16 -0.004773816817367311
8 16 0.0008973710257335917
9 16 0.00584595519020198
10 16 -0.0008966305111651916
11 16 -0.007172187383719442
12 16 0.0009026199597098201
13 16 0.008871060059745429
14 16 -0.0009123653240101642
15 16 -0.01112453419851757
16 16 0.0009235486649700301
17 16 0.01423176223449619
18 16 -0.0009338749297133983
19 16 -0.01871901075253137
20 16 0.0009406063716487295
21 16 0.02558883861897623
22 16 -0.0009400608781483964
23 16 -0.03695731973582261
24 16 0.0009269177740741625
25 16 0.05796891093432403
26 16 -0.00089312415548599
27 16 -0.1040881458350361
28 16 0.000826041456013019
29 16 0.2425148829530044
30 16 -0.0007051241135815812
31 16 -1.214930662722121
32 16 2.872776943092786
33 16 -3.678433572613681
34 16 2.915340164903639
35 16 -1.254175895616628
36 16 -0.0004914770331533298
37 16 0.2626863703009925
38 16 0.00162972509711112
39 16 -0.1228378429993359
40 16 -0.00386505909120783
41 16 0.0804011038032333
42 16 0.009052603885074659
43 16 -0.07617689862509497
0 17 -0.001609920690967953
1 17 -0.002122676365423684
2 17 0.001211784152611641
3 17 0.002894789836132322
4 17 -0.001117272512561217
5 17 -0.003629101274053747
6 17 0.001085945515783568
7 17 0.004430785161219664
8 17 -0.001081528703872902
9 17 -0.005361564805319658
10 17 0.00109218336239245
11 17 0.006485331234657114
12 17 -0.001112587685798608
13 17 -0.007885667604837257
14 17 0.001139735253416839
15 17 0.009684123892752798
16 17 -0.001171475585567544
17 17 -0.01206956920899987
18 17 0.001205807229504707
19 17 0.01535323708462658
20 17 -0.001240368593435498
21 17 -0.02008216238769001
22 17 0.001271888510123037
23 17 0.02729650683756646
24 17 -0.001295407879303712
25 17 -0.03918718897396671
26 17 0.001303012150962432
27 17 0.06107058378209224
28 17 -0.001281604590940175
29 17 -0.1089035529631047
30 17 0.001208765839940584
31 17 0.2519497765534194
32 17 -0.00104459999398601
33 17 -1.254175895614199
34 17 2.958754434722861
35 17 -3.783384193676416
36 17 2.999930220953425
37 17 -1.294602403669139
38 17 -0.001215745242175358
39 17 0.2768612520996582
40 17 0.003967989312187013
41 17 -0.1378364963678221
42 17 -0.0109232297647374
43 17 0.1138633889702803
0 18 0.001914892030161248
1 18 0.002064982650412299
2 18 -0.001452699776064175
3 18 -0.002797991620553422
4 18 0.001350745560221264
5 18 0.003481979529142142
6 18 -0.001324905990916399
7 18 -0.004215199048904686
8 18 0.0013327005133989
9 18 0.005050522251847919
10 18 -0.001360606378471518
11 18 -0.006038486039794452
12 18 0.001402902780050754
13 18 0.007241390378160043
14 18 -0.001456743456052247
15 18 -0.008745415635679878
16 18 0.001520480345639747
17 18 0.01067795986558453
18 18 -0.001592891097904547
19 18 -0.01323762377764138
20 18 0.001672660372165176
21 18 0.01675122009295228
22 18 -0.001757839736999821
23 18 -0.0217913727956721
24 18 0.001845067839348186
25 18 0.02944284587561047
26 18 -0.001928239712970033
27 18 -0.04198182768465914
28 18 0.001996037318102443
29 18 0.0649120709905021
30 18 -0.002027070080568907
31 18 -0.1147032985381312
32 18 0.001979738449557462
33 18 0.2626863702961394
34 18 -0.001769569437673924
35 18 -1.294602403666952
36 18 3.042595045193415
37 18 -3.881861623341777
38 18 3.082329142956355
39 18 -1.339907230114662
40 18 -0.003435278891337568
41 18 0.3023537758647172
42 18 0.01303753444702827
43 18 -0.1909808070867079
0 19 -0.002361179708454694
1 19 -0.002069323901087881
2 19 0.001806251964128764
3 19 0.002788349191501157
4 19 -0.001694520950904435
5 19 -0.003448272480091942
6 19 0.001678140025227444
7 19 0.004144648178611865
8 19 -0.001705687874594179
9 19 -0.004925315496697727
10 19 0.001761349835590754
11 19 0.005832780437239408
12 19 -0.001839053413496497
13 19 -0.006916572461477188
14 19 0.00193650951671988
15 19 0.008242103751993362
16 19 -0.002053262636923579
17 19 -0.009901858974962133
18 19 0.002189889066250888
19 19 0.01203324338656911
20 19 -0.002347568400786952
21 19 -0.0148501433999986
22 19 0.002527723508420968
23 19 0.01870301223804267
24 19 -0.002731510272019795
25 19 -0.02420236332348975
26 19 0.002958848062872859
27 19 0.03249710483860285
28 19 -0.003206368855275281
29 19 -0.04598098955408201
30 19 0.003462850147952497
31 19 0.07040071677202697
32 19 -0.003698533607524822
33 19 -0.1228378429929324
34 19 0.003838488458717375
35 19 0.2768612520964009
36 19 -0.00369000009223702
37 19 -1.339907230113851
38 19 3.12521683626303
39 19 -3.967239470945528
40 19 3.163075879869578
41 19 -1.405815865570305
42 19 -0.01415555300549292
43 19 0.4002725962210114
0 20 0.003144932330170564
1 20 0.002197580375017945
2 20 -0.002427813250458375
3 20 -0.002946397269383553
4 20 0.002299833327614071
5 20 0.003623492452127811
6 20 -0.002301415599597438
7 20 -0.004328133835838682
8 20 0.002365622758882652
9 20 0.005107146561555315
10 20 -0.002472870237811627
11 20 -0.005999504927435056
12 20 0.002616832839502261
13 20 0.007048316546411873
14 20 -0.00279673164475219
15 20 -0.008308168226853815
16 20 0.003014992661671128
17 20 0.009853287346972685
18 20 -0.003276536506220779
19 20 -0.01178953183443476
20 20 0.003588744492812419
21 20 0.01427420963755899
22 20 -0.003961815909451626
23 20 -0.01755124772202016
24 20 0.004409433127180058
25 20 0.02201777506044932
26 20 -0.004949697226698579
27 20 -0.02835976998704831
28 20 0.005606203092505059
29 20 0.03785459600646205
30 20 -0.006408683215967586
31 20 -0.05312998685268096
32 20 0.007391059439168163
33 20 0.08040110380494625
34 20 -0.008578911025970476
35 20 -0.1378364963715732
36 20 0.009935004439362599
37 20 0.3023537758709469
38 20 -0.01112269744808401
39 20 -1.405815865577397
40 20 3.211865527511892
41 20 -4.001023369471219
42 20 3.244929610253665
43 20 -1.65478410347928
0 21 -0.005666742229882311
1 21 -0.002955899648948872
2 21 0.0044232598624133
3 21 0.003941091770105996
4 21 -0.004239429008194641
5 21 -0.004817397196113568
6 21 0.004295582934027285
7 21 0.005715950001856379
8 21 -0.004474910231385352
9 21 -0.006695233621750371
10 21 0.00474596253849748
11 21 0.007800846128749762
12 21 -0.005102104374686681
13 21 -0.009080621623111384
14 21 0.005548270553029154
15 21 0.01059271779909972
16 21 -0.006097581474981804
17 21 -0.01241349423159205
18 21 0.006771310305674443
19 21 0.01464814927117969
20 21 -0.007600805125724875
21 21 -0.01744724717801869
22 21 0.008631418457495904
23 21 0.02103435028251856
24 21 -0.009929367294107361
25 21 -0.02575494361183246
26 21 0.01159360636973233
27 21 0.03216835940820416
28 21 -0.01377704308549156
29 21 -0.04123294549029213
30 21 0.01672643586916445
31 21 0.05471275140311645
32 21 -0.02086265179851761
33 21 -0.076176898696577
34 21 0.02695667225067048
35 21 0.1138633890356599
36 21 -0.03656188460224954
37 21 -0.1909808071484209
38 21 0.0532546121814752
39 21 0.4002725962809648
40 21 -0.08711649702843215
41 21 -1.654784103531008
42 21 3.45741614640281
43 21 -3.001016157739251
