450
0 0 0.5002764002749206
1 0 -0.7976542569986255
2 0 0.7069259392021195
3 0 -0.3260357121546221
4 0 0.0001398850678086464
5 0 0.07319572011500571
6 0 -0.0001078209636938165
7 0 -0.03413218109474787
8 0 7.690319103703009e-05
9 0 0.02034088638674041
10 0 -4.384082631171524e-05
11 0 -0.01379470700104476
12 0 6.317467152389946e-06
13 0 0.01015655610427722
14 0 3.795254694059815e-05
15 0 -0.007929487177576345
16 0 -9.173464485164303e-05
17 0 0.006479507423911817
18 0 0.0001588162804801917
19 0 -0.005500832393026292
20 0 -0.000244888604098426
21 0 0.004834327471669863
22 0 0.0003593391826541147
23 0 -0.004398106580758329
24 0 -0.0005196074779959503
25 0 0.004167038907466203
26 0 0.0007644482330069068
27 0 -0.004214152608155739
28 0 -0.001212827629156822
29 0 0.005382535281609121
0 1 -0.0003785942612442077
1 1 -0.326035712154622
2 1 0.8662769491456389
3 1 -1.196433025446993
4 1 0.9998013593235224
5 1 -0.4465029069010318
6 1 0.0001578610223513628
7 1 0.09690134102986699
8 1 -0.0001187143252859662
9 1 -0.04442527506514015
10 1 7.672899556933547e-05
11 1 0.02623042051165235
12 1 -2.872939622722065e-05
13 1 -0.01770556557310524
14 1 -2.845175872576842e-05
15 1 0.0130189551373669
16 1 9.868083726776441e-05
17 1 -0.0101815823150809
18 1 -0.0001872857916297861
19 1 0.008360335116540439
20 1 0.0003023016343792018
21 1 -0.007159749912934723
22 1 -0.0004570004397962176
23 1 0.006383113263695141
24 1 0.0006760212342815588
25 1 -0.005952396537994909
26 1 -0.001013978986548193
27 1 0.005943859527564619
28 1 0.001637855298511173
29 1 -0.007502059182487221
0 2 0.0004740624783818795
1 2 0.07319572011500529
2 2 -0.00031970539124163
3 2 -0.4465029069010308
4 2 1.118291420149714
5 2 -1.495466210402932
6 2 1.224534566666923
7 2 -0.5392944401112384
8 2 0.0001653342139812552
9 2 0.1150196047113142
10 2 -0.0001169649257571026
11 2 -0.05222258423045387
12 2 6.121348144638306e-05
13 2 0.03067771436878466
14 2 5.941246253741826e-06
15 2 -0.02067353660865118
16 2 -8.945966233338509e-05
17 2 0.01522385401675716
18 2 0.0001962307516365214
19 2 -0.01196327447011661
20 2 -0.000336697683410341
21 2 0.009910969712299957
22 2 0.0005281577480812477
23 2 -0.008613858167811498
24 2 -0.0008027338778205221
25 2 0.007876626494886596
26 2 0.001231486908349534
27 2 -0.007746032858881177
28 2 -0.002030792468633546
29 2 0.009642780219427525
0 3 -0.0005746147019757276
1 3 -0.03413218109474776
2 3 0.0003931987971883036
3 3 0.09690134102986757
4 3 -0.0003225390991200369
5 3 -0.5392944401112393
6 3 1.323145902291375
7 3 -1.744599838606073
8 3 1.413992807409221
9 3 -0.6179725033947663
10 3 0.0001673870058110765
11 3 0.1304583336280275
12 3 -0.0001053062011738008
13 3 -0.05890039727760689
14 3 2.956439068925568e-05
15 3 0.03452704059482579
16 3 6.6017464586868e-05
17 3 -0.02329318271663541
18 3 -0.000190104432862412
19 3 0.01723203650805928
20 3 0.0003559258915326182
21 3 -0.0136629560486988
22 3 -0.0005854939338740571
23 3 0.01149177509566609
24 3 0.0009197624076482085
25 3 -0.01025161128411425
26 3 -0.001449229162240261
27 3 0.009893951965670904
28 3 0.002448364999446881
29 3 -0.01211810045431571
0 4 0.0006857536964315629
1 4 0.02034088638674056
2 4 -0.0004760212598061521
3 4 -0.04442527506514089
4 4 0.0003975157882468657
5 4 0.1150196047113159
6 4 -0.000341010398250372
7 4 -0.6179725033947677
8 4 1.500288150662954
9 4 -1.962513927265259
10 4 1.580907784352797
11 4 -0.6876445805826084
12 4 0.0001639206549628507
13 4 0.1442550057710977
14 4 -8.07808217828218e-05
15 4 -0.06494733576674183
16 4 -2.596617100121388e-05
17 4 0.03809096279216322
18 4 0.0001670955830666074
19 4 -0.02580525051648431
20 4 -0.0003592158176174566
21 4 0.0192595744060781
22 4 0.0006301528682017396
23 4 -0.01550824323710297
24 4 -0.001031881103466916
25 4 0.01339898151605365
26 4 0.001679298772973812
27 4 -0.01262918903598795
28 4 -0.002919683584232207
29 4 0.01516904066213352
0 5 -0.000812035077587314
1 5 -0.01379470700104643
2 5 0.0005717500933215794
3 5 0.02623042051165546
4 5 -0.0004858230623640854
5 5 -0.05222258423045989
6 5 0.0004261454266150488
7 5 0.1304583336280328
8 5 -0.0003712663548292947
9 5 -0.6876445805826126
10 5 1.658624350489996
11 5 -2.158530908306107
12 5 1.731809415954719
13 5 -0.7509408390829275
14 5 0.0001523841610955451
15 5 0.156951850514699
16 5 -3.567570407730118e-05
17 5 -0.07063789008387115
18 5 -0.0001220660850892691
19 5 0.04157199784251495
20 5 0.0003416496667718838
21 5 -0.02840153889828846
22 5 -0.0006582879863042079
23 5 0.02152968092376238
24 5 0.001138204784524287
25 5 -0.01782241014706622
26 5 -0.001928203849068368
27 5 0.01629153350120279
28 5 0.003470990202865282
29 5 -0.01910313393580882
0 6 0.0009585192144589496
1 6 0.01015655610428094
2 6 -0.0006845461212845196
3 6 -0.01770556557311106
4 6 0.0005916732181558089
5 6 0.03067771436879577
6 6 -0.0005301675258946808
7 6 -0.05890039727761869
8 6 0.0004750798611502977
9 6 0.1442550057711106
10 6 -0.0004156913270084527
11 6 -0.7509408390829371
12 6 1.803119655963344
13 6 -2.338061630015432
14 6 1.87057718772236
15 6 -0.8094627032057818
16 6 0.0001269330494071791
17 6 0.1689153817981478
18 6 4.61527463045201e-05
19 6 -0.07619828920491727
20 6 -0.0002938527496353011
21 6 0.04518493667340921
22 6 0.0006609603345963927
23 6 -0.03134611573527933
24 6 -0.001232639392761605
25 6 0.02444485929972191
26 6 0.002198880930130665
27 6 -0.0214447302169826
28 6 -0.004132616398173811
29 6 0.02439065589592233
0 7 -0.001131728693284266
1 7 -0.007929487177582868
2 7 0.0008198945618793931
3 7 0.01301895513737776
4 7 -0.000720741683213939
5 7 -0.02067353660866659
6 7 0.0006592930664214786
7 7 0.03452704059484753
8 7 -0.0006065940716361934
9 7 -0.06494733576676494
10 7 0.0005502764525736295
11 7 0.1569518505147144
12 7 -0.0004810865084873652
13 7 -0.8094627032057896
14 7 1.936880619160856
15 7 -2.504538677787234
16 7 1.999739649750999
17 7 -0.8643199108824962
18 7 7.50537913241534e-05
19 7 0.1804722368026532
20 7 0.0001997466954283899
21 7 -0.08190516236562209
22 7 -0.0006214484187456982
23 7 0.0492742854764977
24 7 0.001300994971911861
25 7 -0.03517654003307474
26 7 -0.002488811614762254
27 7 0.02912626839328505
28 7 0.004943127491287334
29 7 -0.03182307835059157
0 8 0.001340868312465128
1 8 0.006479507423920441
2 8 -0.0009856135295029753
3 8 -0.01018158231509458
4 8 0.0008812012405218463
5 8 0.01522385401677677
6 8 -0.0008225732795695009
7 8 -0.02329318271666074
8 8 0.0007761317477976951
9 8 0.03809096279220107
10 8 -0.0007277052384973467
11 8 -0.07063789008389866
12 8 0.0006667135496813083
13 8 0.1689153817981539
14 8 -0.0005814599158161221
15 8 -0.8643199108824938
16 8 2.062008692229379
17 8 -2.660237518849428
18 8 2.121055125844881
19 8 -0.916407026015032
20 8 -3.175768638579765e-05
21 8 0.1920310060875168
22 8 0.000509138725368861
23 8 -0.08824058719483607
24 8 -0.001313674192193574
25 8 0.05459837971928943
26 8 0.002783256825224038
27 8 -0.04146346378640072
28 8 -0.005952362655581654
29 8 0.04284921424712333
0 9 -0.001599958593207394
1 9 -0.005500832393037372
2 9 0.001193650695819666
3 9 0.008360335116558426
4 9 -0.001085594535956429
5 9 -0.01196327447014455
6 9 0.001033976644586984
7 9 0.01723203650808927
8 9 -0.0009997420567087576
9 9 -0.02580525051652246
10 9 0.0009668097943244947
11 9 0.04157199784256196
12 9 -0.0009233522874854164
13 9 -0.0761982892049345
14 9 0.0008561511338241451
15 9 0.1804722368026461
16 9 -0.0007465255860915413
17 9 -0.9164070260150239
18 9 2.180014135063768
19 9 -2.806628180739219
20 9 2.235808930392417
21 9 -0.9666418387160945
22 9 -0.0002663707684551745
23 9 0.2043207052595267
24 9 0.001208748625820819
25 9 -0.09633580772056369
26 9 -0.003036927893648297
27 9 0.06348509246433465
28 9 0.007220105905722064
29 9 -0.06039625543419135
0 10 0.001932254166232839
1 10 0.004834327471683306
2 10 -0.001463811248589471
3 10 -0.007159749912956506
4 10 0.001354723136061103
5 10 0.009910969712334466
6 10 -0.001316714812147859
7 10 -0.01366295604873977
8 10 0.001304199315340787
9 10 0.01925957440612084
10 10 -0.00129921344399234
11 10 -0.02840153889833823
12 10 0.00128908354040295
13 10 0.04518493667344273
14 10 -0.001259656248048061
15 10 -0.08190516236561206
16 10 0.001190244259454708
17 10 0.1920310060874917
18 10 -0.001046231569350588
19 10 -0.9666418387160705
20 10 2.2920524959964
21 10 -2.944404992674119
22 10 2.344986130022341
23 10 -1.016398596912267
24 10 -0.0008503269314465158
25 10 0.2191481591989238
26 10 0.003122401710574113
27 10 -0.109897206617759
28 10 -0.00879246720205993
29 10 0.09122054107810178
0 11 -0.002380965771218582
1 11 -0.004398106580774839
2 11 0.001832781334124347
3 11 0.006383113263718338
4 11 -0.001727031205809461
5 11 -0.008613858167848988
6 11 0.001713642115521208
7 11 0.01149177509572034
8 11 -0.001738972519339949
9 11 -0.01550824323717963
10 11 0.001783532882188288
11 11 0.02152968092381161
12 11 -0.00183496177063207
13 11 -0.03134611573531762
14 11 0.001879976679052355
15 11 0.04927428547651083
16 11 -0.001898331489559914
17 11 -0.08824058719478636
18 11 0.001853534056090874
19 11 0.2043207052594594
20 11 -0.001673591052137217
21 11 -1.016398596912224
22 11 2.399120688064659
23 11 -3.072945694597893
24 11 2.449403497032615
25 11 -1.068951483551413
26 11 -0.002667659476242037
27 11 0.243008097368357
28 11 0.01056640820839109
29 11 -0.1543645082272951
0 12 0.003041569807501335
1 12 0.004167038907478893
2 12 -0.002381221353806116
3 12 -0.005952396538028265
4 12 0.002286662923947168
5 12 0.007876626494914116
6 12 -0.002318201497387931
7 12 -0.01025161128414116
8 12 0.002411651831687844
9 12 0.01339898151614011
10 12 -0.002547169975329983
11 12 -0.01782241014716007
12 12 0.002715766403148902
13 12 0.02444485929972088
14 12 -0.002910059689244029
15 12 -0.03517654003307621
16 12 0.00311795496691081
17 12 0.05459837971933538
18 12 -0.003312630343623059
19 12 -0.09633580772049302
20 12 0.003429655024337491
21 12 0.2191481591988564
22 12 -0.00330593404928327
23 12 -1.068951483551385
24 12 2.502492510009426
25 12 -3.187392522613314
26 12 2.549951307056705
27 12 -1.137423821288781
28 12 -0.01150642377874817
29 12 0.3259586500592908
0 13 -0.004202633476509935
1 13 -0.004214152608155229
2 13 0.003351415422728222
3 13 0.005943859527546973
4 13 -0.003284776073534658
5 13 -0.007746032858950946
6 13 0.003407559555652728
7 13 0.00989395196560392
8 13 -0.003639470890821178
9 13 -0.01262918903594872
10 13 0.003963848789246867
11 13 0.01629153350134686
12 13 -0.004383945697395874
13 13 -0.02144473021707226
14 13 0.004913623641131167
15 13 0.02912626839326281
16 13 -0.005574549770334663
17 13 -0.04146346378643193
18 13 0.006393159848824922
19 13 0.06348509246447967
20 13 -0.007389346949817766
21 13 -0.1098972066177446
22 13 0.008530047422842886
23 13 0.2430080973683786
24 13 -0.009530108485562291
25 13 -1.137423821288818
26 13 2.606923717241577
27 13 -3.256459542374821
28 13 2.649277110355537
29 13 -1.355746477841679
0 14 0.0079030268537435
1 14 0.005382535281519527
2 14 -0.006443420656811887
3 14 -0.007502059182341753
4 14 0.006470475265606989
5 14 0.009642780219118435
6 14 -0.006896151643541442
7 14 -0.01211810045411934
8 14 0.007594093680575432
9 14 0.01516904066179889
10 14 -0.00856742367407414
11 14 -0.01910313393537755
12 14 0.009876317462471288
13 14 0.02439065589588617
14 14 -0.01163683262529143
15 14 -0.03182307835092942
16 14 0.01404796583911038
17 14 0.0428492142475508
18 14 -0.01745588594978779
19 14 -0.06039625543475095
20 14 0.02249890790036843
21 14 0.0912205410788398
22 14 -0.03046538630952986
23 14 -0.1543645082279596
24 14 0.044320706073856
25 14 0.3259586500598967
26 14 -0.07241219570280767
27 14 -1.355746477842203
28 14 2.840805076152822
29 14 -2.46888973478348
