406
0 0 0.4989942527016478
1 0 -0.7979697427412399
2 0 0.7078127077187747
3 0 -0.3256290995806543
4 0 -0.0006030409192333881
5 0 0.07271759594243343
6 0 0.000538590731980908
7 0 -0.03358959449155764
8 0 -0.0004875549490117824
9 0 0.01973728311516339
10 0 0.0004409360969859253
11 0 -0.01313257872939352
12 0 -0.000393853426517455
13 0 0.009439002852750062
14 0 0.0003426239016037976
15 0 -0.007161928538605428
16 0 -0.0002835794934754442
17 0 0.00567247907316869
18 0 0.0002122165364957618
19 0 -0.004675664166801944
20 0 -0.0001220957919527781
21 0 0.004036798177764121
22 0 2.75847010374655e-06
23 0 -0.003739044661539455
24 0 0.0001652987513194547
25 0 0.003995116582636792
26 0 -0.0004261114324463832
27 0 -0.006952739481140651
28 0 0.007833193020903462
0 1 0.001336814395540365
1 1 -0.3256290995806544
2 1 0.8650828669034142
3 1 -1.196959317234734
4 1 1.000809203640809
5 1 -0.4458812396501959
6 1 -0.0007267887815086038
7 1 0.09619241520979945
8 1 0.0006621440286154489
9 1 -0.04363247922431858
10 1 -0.0006033161282721495
11 1 0.02535579660198206
12 1 0.0005437659629326274
13 1 -0.01675181669987532
14 1 -0.0004784880819031426
15 1 0.01199168195172674
16 1 0.0004024187334168207
17 1 -0.009092997788815577
18 1 -0.0003092640909742444
19 1 0.007236892364359385
20 1 0.0001899601719049202
21 1 -0.006060618544740277
22 1 -2.974549423714261e-05
23 1 0.005455363724857738
24 1 -0.0001988780798774365
25 1 -0.005666502739274446
26 1 0.0005577473169452022
27 1 0.009601555025682272
28 1 -0.01068839872425654
0 2 -0.001629858799418758
1 2 0.07271759594243249
2 2 0.001154689435161706
3 2 -0.4458812396501955
4 2 1.11703731978573
5 2 -1.496204118802436
6 2 1.225645448307098
7 2 -0.5384485416021447
8 2 -0.0008261491630938362
9 2 0.1140682663985629
10 2 0.0007588302692146093
11 2 -0.05116658158752817
12 2 -0.0006905903504198468
13 2 0.02951839038044352
14 2 0.0006151906037032975
15 2 -0.0194154598434467
16 2 -0.0005262118600914958
17 2 0.0138793220027056
18 2 0.0004155639482938663
19 2 -0.01056169502740659
20 2 -0.0002714899364993424
21 2 0.008521803948391455
22 2 7.47584192236958e-05
23 2 -0.007415567222615117
24 2 0.000210464084877064
25 2 0.007452000877340429
26 2 -0.0006644800834978225
27 2 -0.0122342026269474
28 2 0.0134222757353662
0 3 0.001930543531399405
1 3 -0.03358959449155783
2 3 -0.001374746058438196
3 3 0.09619241520979936
4 3 0.001193436327679561
5 3 -0.5384485416021455
6 3 1.321790271781976
7 3 -1.745575022947081
8 3 1.415216664170475
9 3 -0.6168690291948442
10 3 -0.0009293914377332843
11 3 0.1292252529396901
12 3 0.000854688837557287
13 3 -0.05753669760155952
14 3 -0.0007714498709824377
15 3 0.03303504443536374
16 3 0.0006717700949704098
17 3 -0.02168380983361222
18 3 -0.000545528196263179
19 3 0.01553597353208867
20 3 0.0003778472473634171
21 3 -0.01195832775630458
22 3 -0.0001442283574422572
23 3 0.00998800588456588
24 3 -0.0002010770095472461
25 3 -0.009650495984431174
26 3 0.0007603551974419708
27 3 0.01525476901331896
28 3 -0.01643929575204235
0 4 -0.002260439634608177
1 4 0.01973728311516353
2 4 0.001618496129095905
3 4 -0.0436324792243192
4 4 -0.001413693777249153
5 4 0.1140682663985641
6 4 0.001294680477634847
7 4 -0.6168690291948458
8 4 1.498793861871866
9 4 -1.963770910305303
10 4 1.582266843701116
11 4 -0.6862296901756159
12 4 -0.001049080455256852
13 4 0.142677613691165
14 4 0.0009603504205428181
15 4 -0.06320600438869799
16 4 -0.0008522225491851609
17 4 0.03619341592112878
18 4 0.0007121779256170179
19 4 -0.0237814395508264
20 4 -0.0005215499977630193
21 4 0.01719462085303587
22 4 0.0002492948325809895
23 4 -0.01364345523243731
24 4 0.0001628528998214739
25 4 0.012569956983049
26 4 -0.000845133476264013
27 4 -0.0189746101632086
28 4 0.01999542480150371
0 5 0.002638186966621988
1 5 -0.01313257872939486
2 5 -0.001900013895741638
3 5 0.02535579660198494
4 5 0.001670531186495854
5 5 -0.0511665815875328
6 5 -0.001541377408382131
7 5 0.1292252529396953
8 5 0.001448385722733949
9 5 -0.6862296901756195
10 5 1.65694408115763
11 5 -2.160136334790216
12 5 1.733338899787003
13 5 -0.7491351112613267
14 5 -0.001197112996077597
15 5 0.1549386074275317
16 5 0.00108381485623579
17 5 -0.06841917030164527
18 5 -0.0009328042386986326
19 5 0.03917417442242996
20 5 0.0007207089105262598
21 5 -0.02591427447566894
22 5 -0.0004081076614817418
23 5 0.0192273688695609
24 5 -7.967455679459655e-05
25 5 -0.01669636312498786
26 5 0.0009100897731424798
27 5 0.02380296867411616
28 5 -0.02437730925909827
0 6 -0.003086077116230523
1 6 0.009439002852752352
2 6 0.002236427869184507
3 6 -0.01675181669987923
4 6 -0.001980182401843307
5 6 0.02951839038045052
6 6 0.001841814790134517
7 6 -0.05753669760156795
8 6 -0.001746828985221756
9 6 0.1426776136911732
10 6 0.001668335124586331
11 6 -0.7491351112613321
12 6 1.801184431481372
13 6 -2.340112720212031
14 6 1.872331728424107
15 6 -0.8071505169246656
16 6 -0.001390017267866807
17 6 0.166334929226193
18 6 0.001233323356292872
19 6 -0.07336812372972519
20 6 -0.001003697391369177
21 6 0.04219518820656248
22 6 0.00065080574398652
23 6 -0.02850482713681197
24 6 -7.783899666783136e-05
25 6 0.02292903410728054
26 6 -0.0009341760889102621
27 6 -0.03039747666058125
28 6 0.02998906807722082
0 7 0.003635755426803646
1 7 -0.007161928538609568
2 7 -0.00265222747696596
3 7 0.01199168195173413
4 7 0.002366040319198321
5 7 -0.01941545984345558
6 7 -0.002219746275435536
7 7 0.03303504443537843
8 7 0.002126405823925222
9 7 -0.06320600438871338
10 7 -0.002054876924729771
11 7 0.154938607427538
12 7 0.001987759009595585
13 7 -0.8071505169246679
14 7 1.934580956475309
15 7 -2.507177804323245
16 7 2.001807482385958
17 7 -0.8613324315316375
18 7 -0.001655230651545462
19 7 0.1771407038634609
20 7 0.001417425265789774
21 7 -0.07831326379912007
22 7 -0.001029432399593635
23 7 0.04576229691624291
24 7 0.0003639310655606338
25 7 -0.03314743337543621
26 7 0.0008720873062404552
27 7 0.03994491266392119
28 7 -0.03746837927291432
0 8 -0.004337455250844708
1 8 0.005672479073174089
2 8 0.003186355614332994
3 8 -0.009092997788824329
4 8 -0.002865386572238416
5 8 0.01387932200271647
6 8 0.002713139257532437
7 8 -0.02168380983362878
8 8 -0.002627135906927661
9 8 0.03619341592115575
10 8 0.00257118605290858
11 8 -0.06841917030165971
12 8 -0.002525456463190223
13 8 0.1663349292261941
14 8 0.00247374115226733
15 8 -0.8613324315316353
16 8 2.059155461771762
17 8 -2.663674813758103
18 8 2.123589510621953
19 8 -0.9125002266559556
20 8 -0.002044029148172042
21 8 0.1877203395726397
22 8 0.001638820795553219
23 8 -0.08389291511462893
24 8 -0.0008836701966240979
25 8 0.0518972162122388
26 8 -0.0006246369782129349
27 8 -0.05484074795875219
28 8 0.04791074923480047
0 9 0.00527957537052979
1 9 -0.004675664166807709
2 9 -0.00390729025738697
3 9 0.007236892364369803
4 9 0.003543741051025028
5 9 -0.01056169502742241
6 9 -0.003388711355605137
7 9 0.01553597353210759
8 9 0.003319392816960449
9 9 -0.02378143955084952
10 9 -0.003293465902433615
11 9 0.03917417442245942
12 9 0.003288703935067483
13 9 -0.07336812372973629
14 9 -0.003287588661474148
15 9 0.1771407038634546
16 9 0.003269822690043645
17 9 -0.9125002266559487
18 9 2.176244760045269
19 9 -2.811168226161052
20 9 2.239106171715079
21 9 -0.9614972723107683
22 9 -0.002664737559609696
23 9 0.1989517765060493
24 9 0.001855888690440656
25 9 -0.09278368202988753
26 9 -3.971917297647919e-05
27 9 0.08066209425510527
28 9 -0.0633788492717523
0 10 -0.006638489974544488
1 10 0.004036798177771236
2 10 0.004951394469734048
3 10 -0.006060618544751602
4 10 -0.004531315861424159
5 10 0.00852180394840772
6 10 0.00437880778287972
7 10 -0.0119583277563299
8 10 -0.004342574953374006
9 10 0.0171946208530565
10 10 0.004372586267453279
11 10 -0.02591427447569441
12 10 -0.004444799541239848
13 10 0.04219518820658652
14 10 0.004542236347387342
15 10 -0.07831326379911752
16 10 -0.004645940390805483
17 10 0.1877203395726225
18 10 0.004725585044293763
19 10 -0.9614972723107508
20 10 2.286565381897749
21 10 -2.950419262769989
22 10 2.349717881610077
23 10 -1.0098850682311
24 10 -0.003786333895449749
25 10 0.2146583581959148
26 10 0.001721646216127029
27 10 -0.1334401650385193
28 10 0.08825025817053475
0 11 0.008837083164634786
1 11 -0.003739044661547113
2 11 -0.006644829145472105
3 11 0.0054553637248661
4 11 0.006138714823250246
5 11 -0.007415567222624824
6 11 -0.005998198218806284
7 11 0.009988005884596952
8 11 0.006027250403736154
9 11 -0.01364345523248126
10 11 -0.006165378827507045
11 11 0.01922736886957477
12 11 0.006388755986752232
13 11 -0.02850482713684376
14 11 -0.006686343446161053
15 11 0.04576229691627565
16 11 0.007049699335471032
17 11 -0.08389291511460627
18 11 -0.007463164749224496
19 11 0.1989517765060147
20 11 0.007884743104642624
21 11 -1.009885068231088
22 11 2.389720016018558
23 11 -3.080252031847556
24 11 2.457534429368554
25 11 -1.064143164316456
26 11 -0.006262362340672788
27 11 0.2795591247960901
28 11 -0.1336244651661542
0 12 -0.0132775142372054
1 12 0.00399511658263349
2 12 0.01006638552736511
3 12 -0.005666502739280377
4 12 -0.009390262595975196
5 12 0.007452000877317289
6 12 0.00928138258523592
7 12 -0.009650495984418805
8 12 -0.009455582186120692
9 12 0.01256995698307659
10 12 0.009834966100247672
11 12 -0.01669636312501996
12 12 -0.01040252327859967
13 12 0.02292903410728166
14 12 0.01117044758360135
15 12 -0.0331474333754998
16 12 -0.01217199612583192
17 12 0.0518972162123657
18 12 0.01345996854642317
19 12 -0.09278368202992171
20 12 -0.01510349517470455
21 12 0.214658358195964
22 12 0.01716292774402317
23 12 -1.064143164316518
24 12 2.48044915506649
25 12 -3.187155369841727
26 12 2.570754137430724
27 12 -1.212335090917621
28 12 0.2379638926978568
0 13 0.03095448523580539
1 13 -0.006952739481085601
2 13 -0.02365665378673355
3 13 0.009601555025572403
4 13 0.02227863783937692
5 13 -0.01223420262683123
6 13 -0.02227322208161678
7 13 0.0152547690131184
8 13 0.02300793161926878
9 13 -0.01897461016296142
10 13 -0.02434233564914484
11 13 0.02380296867404003
12 13 0.02630087207093462
13 13 -0.03039747666071257
14 13 -0.02901815276643493
15 13 0.03994491266418992
16 13 0.03275768591402961
17 13 -0.0548407479591656
18 13 -0.03798955278600669
19 13 0.08066209425575255
20 13 0.04557511991499141
21 13 -0.1334401650391158
22 13 -0.05722042477074751
23 13 0.2795591247967124
24 13 0.07675267523133422
25 13 -1.212335090918194
26 13 2.483461614657911
27 13 -2.89284562054075
28 13 1.939393898546823
