903
0 0 0.4994603469301773
1 0 -0.7979253376014651
2 0 0.7074860469631588
3 0 -0.3256843313665773
4 0 -0.0003255164409321413
5 0 0.07277926190708663
6 0 0.0002934935989861002
7 0 -0.03365444627520037
8 0 -0.0002700453776996253
9 0 0.01980157508157785
10 0 0.0002507399795758803
11 0 -0.01319114261996179
12 0 -0.0002335171357983245
13 0 0.009484118500534546
14 0 0.000217198271123969
15 0 -0.007181485714432829
16 0 -0.0002009858303109603
17 0 0.005646574066982618
18 0 0.0001842512673899286
19 0 -0.004569587491310679
20 0 -0.000166425190032125
21 0 0.003784536710201584
22 0 0.0001469256527648177
23 0 -0.00319599615015102
24 0 -0.0001250964053424527
25 0 0.002746302905264481
26 0 0.0001001370623901631
27 0 -0.002399653862873592
28 0 -7.10060450859805e-05
29 0 0.002134106637426936
30 0 3.626566562375039e-05
31 0 -0.001937889383591429
32 0 6.19196508367688e-06
33 0 0.00180901401236387
34 0 -5.967943456685841e-05
35 0 -0.001759803571477479
36 0 0.000129880757413638
37 0 0.001835865516180188
38 0 -0.0002278080345848025
39 0 -0.002208937059762598
40 0 0.0003791382889889984
41 0 0.004285731735681747
42 0 -0.005114157849292316
0 1 0.0006973548830850148
1 1 -0.3256843313665764
2 1 0.8655343293188918
3 1 -1.196889988769535
4 1 1.000422379672083
5 1 -0.4459594268988956
6 1 -0.0003817034578912261
7 1 0.09627559378045346
8 1 0.0003520824289337972
9 1 -0.04371610763488464
10 1 -0.0003278005594722922
11 1 0.02543346617069113
12 1 0.0003061984801776533
13 1 -0.01681375772811356
14 1 -0.0002857516016140081
15 1 0.01202230179735195
16 1 0.0002654240471326691
17 1 -0.009066291291578278
18 1 -0.000244394665184797
19 1 0.007106943506514691
20 1 0.0002219144870639413
21 1 -0.005739183709538736
22 1 -0.0001972129668731971
23 1 0.004747478718887846
24 1 0.0001694164492987457
25 1 -0.004008895278224087
26 1 -0.0001374552691924041
27 1 0.003450063961555346
28 1 9.993417551704959e-05
29 1 -0.003026665762408972
30 1 -5.492541387277995e-05
31 1 0.002713711340866931
32 1 -3.970026295614901e-07
33 1 -0.002502509726981394
34 1 7.046933911074429e-05
35 1 0.002405244306900486
36 1 -0.0001628896857862107
37 1 -0.002479137423840913
38 1 0.0002923429890139599
39 1 0.002948105740282808
40 1 -0.0004929759608211237
41 1 -0.005661395910129432
42 1 0.006727172602567691
0 2 -0.0008242543312521883
1 2 0.07277926190708384
2 2 0.0005816446797425772
3 2 -0.4459594268988934
4 2 1.117532590711443
5 2 -1.496114981265508
6 2 1.225199075224451
7 2 -0.5385445169963243
8 2 -0.0004200513670920454
9 2 0.1141661328085012
10 2 0.0003921983049176322
11 2 -0.05125916010670258
12 2 -0.0003675055007345189
13 2 0.02959446597861665
14 2 0.0003441694515539217
15 2 -0.01945676348726941
16 2 -0.0003209597419740784
17 2 0.01385485657501808
18 2 0.0002968951023273142
19 2 -0.01041592443465526
20 2 -0.0002710741086615551
21 2 0.008146661263730343
22 2 0.0002425628603542437
23 2 -0.00656980227036243
24 2 -0.0002102962527015565
25 2 0.005432837773278847
26 2 0.0001729645516469045
27 2 -0.004592979571035769
28 2 -0.0001288545920792697
29 2 0.003966581927254696
30 2 7.559605848541107e-05
31 2 -0.003505790406171092
32 2 -9.713545953768439e-06
33 2 0.003189238797789356
34 2 -7.424397136798008e-05
35 2 -0.003024640724875492
36 2 0.0001855961909857497
37 2 0.003076309658683699
38 2 -0.000342310930701504
39 2 -0.00361084133090925
40 2 0.0005860448363031814
41 2 0.006854725272443212
42 2 -0.008105968428374081
0 3 0.0009432611416297433
1 3 -0.03365444627519376
2 3 -0.0006670703725224478
3 3 0.09627559378044631
4 3 0.0005763821443903135
5 3 -0.5385445169963191
6 3 1.322352207299562
7 3 -1.745470345329928
8 3 1.414698978889432
9 3 -0.6169773152581004
10 3 -0.0004545884032811946
11 3 0.1293294845911614
12 3 0.0004273772368902288
13 3 -0.05762454009036402
14 3 -0.00040171814180177
15 3 0.03308590967729793
16 3 0.0003761965945795457
17 3 -0.02166205077358331
18 3 -0.0003496775099559732
19 3 0.01537661088353575
20 3 0.000321110392683883
21 3 -0.01153303073289757
22 3 -0.0002893988153819188
23 3 0.009006662703825132
24 3 0.0002532843282156578
25 3 -0.007259314509132261
26 3 -0.0002112118806972466
27 3 0.006007914519299909
28 3 0.0001611406272503539
29 3 -0.00509436523346565
30 3 -0.0001002414745680284
31 3 0.00442927028835774
32 3 2.436375190956059e-05
33 3 -0.003968056485753042
34 3 7.299915951952187e-05
35 3 0.003707701423647879
36 3 -0.000202954079524249
37 3 -0.003715637885597289
38 3 0.0003868610896437296
39 3 0.004298236329747281
40 3 -0.0006740853062843767
41 3 -0.008054522830590983
42 3 0.009472357682471283
0 4 -0.0010625556114897
1 4 0.019801575081604
2 4 0.0007531412428357307
3 4 -0.04371610763492038
4 4 -0.0006523431155217043
5 4 0.1141661328085484
6 4 0.0005940003485374414
7 4 -0.6169773152581632
8 4 1.499447572446756
9 4 -1.963657201646238
10 4 1.581657803793625
11 4 -0.686340933739464
12 4 -0.0004896064096112461
13 4 0.1427732131531093
14 4 0.0004619996847632121
15 4 -0.06326331031318846
16 4 -0.0004345537307358972
17 4 0.03617226068391844
18 4 0.0004059767461193669
19 4 -0.02360709317319506
20 4 -0.0003750639872362324
21 4 0.01671685776993854
22 4 0.0003405481657620766
23 4 -0.01251743422690667
24 4 -0.00030096464122777
25 4 0.009767825725675767
26 4 0.0002544936022107978
27 4 -0.007876520583119363
28 4 -0.0001987371904185146
29 4 0.006534898873900932
30 4 0.0001303629432084714
31 4 -0.005574456006970062
32 4 -4.447587252988023e-05
33 4 0.004907572916328913
34 4 -6.659672032746903e-05
35 4 -0.004509545681549306
36 4 0.000215934945734108
37 4 0.004445028114466733
38 4 -0.0004286331296853437
39 4 -0.005058682860596237
40 4 0.0007624938826063996
41 4 0.009341200093186106
42 4 -0.0109159409667234
0 5 0.001186746077558118
1 5 -0.01319114261998779
2 5 -0.0008431623533091448
3 5 0.02543346617072751
4 5 0.000732184441446555
5 5 -0.05125916010675163
6 5 -0.0006685490770550048
7 5 0.1293294845912275
8 5 0.0006236360882379116
9 5 -0.6863409337394546
10 5 1.65772458571097
11 5 -2.160025919289545
12 5 1.732607383864721
13 5 -0.7492309631421437
14 5 -0.0005273406074305579
15 5 0.1549954419687077
16 5 0.0004983100466717334
17 5 -0.06839237238787478
18 5 -0.0004680283236002885
19 5 0.03897871248837625
20 5 0.0004351265630305014
21 5 -0.02537555687716851
22 5 -0.0003981529166916803
23 5 0.01793707907365075
24 5 0.0003554168084282442
25 5 -0.01341790043724
26 5 -0.0003048046235725694
27 5 0.01047197340928074
28 5 0.0002435180991853098
29 5 -0.008460971230836927
30 5 -0.000167655390527901
31 5 0.007056518406322825
32 5 7.147422070862865e-05
33 5 -0.006088285624762122
34 5 5.403073368621085e-05
35 5 0.005489266878825392
36 5 -0.0002241978038040031
37 5 -0.005310794229699292
38 5 0.0004683876849735632
39 5 0.005933510582984835
40 5 -0.0008539988089792752
41 5 -0.01077434740210362
42 5 0.01249824471910047
0 6 -0.001319347570905328
1 6 0.009484118500337382
2 6 0.0009396942746717062
3 6 -0.01681375772785453
4 6 -0.000818194292598584
5 6 0.02959446597831138
6 6 0.0007492533851063929
7 6 -0.05762454009001621
8 6 -0.0007011330538282849
9 6 0.1427732131526103
10 6 0.0006631529195622805
11 6 -0.7492309631415828
12 6 1.802145304807944
13 6 -2.340030596723211
14 6 1.871428485220237
15 6 -0.8071929409039417
16 6 -0.0005695334127719444
17 6 0.166288666175508
18 6 0.0005379259188037685
19 6 -0.0731371277223711
20 6 -0.0005034232702839799
21 6 0.0415772188000437
22 6 0.0004643714322019022
23 6 -0.02701602253947909
24 6 -0.0004188286232121463
25 6 0.0190742816591794
26 6 0.000364350044179298
27 6 -0.0142661463745032
28 6 -0.0002976805691889044
29 6 0.01115035278239575
30 6 0.000214261956138826
31 6 -0.009049177509757292
32 6 -0.000107367030966869
33 6 0.007624541723318246
34 6 -3.356790678772206e-05
35 6 -0.006725827624439688
36 6 0.0002265304472481578
37 6 0.006370687341233095
38 6 -0.0005058872538130344
39 6 -0.006969914980099862
40 6 0.00095025590140827
41 6 0.01241448445554913
42 6 -0.01427727680464021
0 7 0.001463683053386409
1 7 -0.007181485714281388
2 7 -0.001045190331947451
3 7 0.0120223017971558
4 7 0.0009125966319473984
5 7 -0.01945676348704101
6 7 -0.0008382439631934846
7 7 0.03308590967704642
8 7 0.0007870158382345635
9 7 -0.06326331031278969
10 7 -0.0007471036505158138
11 7 0.1549954419682641
12 7 0.0007130030938759289
13 7 -0.8071929409041806
14 7 1.935810145986058
15 7 -2.507177003584211
16 7 2.000650461184575
17 7 -0.8612382990047974
18 7 -0.0006179848690818519
19 7 0.1768436711197857
20 7 0.0005823595278458961
21 7 -0.07757916218326333
22 7 -0.0005417082344448306
23 7 0.04401518840631058
24 7 0.0004938078925514701
25 7 -0.02856192043336512
26 7 -0.0004358370997572997
27 7 0.02015645145625009
28 7 0.0003640138436779338
29 7 -0.01509039394426449
30 7 -0.0002730133809452503
31 7 0.01183784936113078
32 7 0.0001549462169742723
33 7 -0.009693913143235672
34 7 2.605799280980435e-06
35 7 0.008335662316713913
36 7 -0.0002208005130371449
37 7 -0.007705470852622925
38 7 0.0005400071953691207
39 7 0.008229823575060401
40 7 -0.001052270397343339
41 7 -0.01433426032489985
42 7 0.01631841705853071
0 8 -0.001623377645162644
1 8 0.005646574066856912
2 8 0.00116235169501416
3 8 -0.009066291291417819
4 8 -0.001017863979649735
5 8 0.01385485657483433
6 8 0.0009379139725907578
7 8 -0.02166205077339005
8 8 -0.0008836656783923527
9 8 0.03617226068358457
10 8 0.0008420725227828033
11 8 -0.06839237238751315
12 8 -0.0008070581833515789
13 8 0.1662886661759519
14 8 0.000775104289046803
15 8 -0.8612382990049898
16 8 2.060809051705081
17 8 -2.663874664375359
18 8 2.122031348398123
19 8 -0.9120733657001565
20 8 -0.0006748875690126899
21 8 0.1867944779575487
22 8 0.0006332866214932727
23 8 -0.08177671658888792
24 8 -0.0005836633858999517
25 8 0.0463281476384795
26 8 0.0005227666361511859
27 8 -0.03004112204071625
28 8 -0.0004462029610590481
29 8 0.02121152307681392
30 8 0.000347744601274217
31 8 -0.01592625191561645
32 8 -0.0002181143510599004
33 8 0.01259058686779169
34 8 4.265525810591462e-05
35 8 -0.0105015829515593
36 8 0.0002036496949090056
37 8 0.009435790252734408
38 8 -0.000568511175832283
39 8 -0.009800849901215023
40 8 0.001160392945254192
41 8 0.01662913361903599
42 8 -0.01870292623213434
0 9 0.001802770560735452
1 9 -0.004569587491481434
2 9 -0.001294429224620528
3 9 0.007106943506748792
4 9 0.001136989087309274
5 9 -0.0104159244349548
6 9 -0.001051177663429264
7 9 0.0153766108839113
8 9 0.000994000921814979
9 9 -0.02360709317349784
10 9 -0.0009510343607223734
11 9 0.03897871248878196
12 9 0.0009155699066415465
13 9 -0.07313712772383214
14 9 -0.0008837273549508151
15 9 0.1768436711210768
16 9 0.0008528030174651804
17 9 -0.9120733657013764
18 9 2.178628917111912
19 9 -2.811862659942833
20 9 2.236852785842684
21 9 -0.960215925834588
22 9 -0.0007431721506176317
23 9 0.196241219844544
24 9 0.0006927551022908553
25 9 -0.0857755278831622
26 9 -0.0006298160302953492
27 9 0.04854735523666975
28 9 0.0005492506099844758
29 9 -0.03148340249004564
30 9 -0.0004437614283957888
31 9 0.02227752282710683
32 9 0.0003023996824477825
33 9 -0.01683499412993999
34 9 -0.0001077720444850683
35 9 0.01352740976939581
36 9 -0.0001699109377635476
37 9 -0.01175162377111545
38 9 0.0005875100719968735
39 9 0.01181372043231333
40 9 -0.001274007910878354
41 9 -0.01943193857674955
42 9 0.02153790787671526
0 10 -0.002007394762235089
1 10 0.003784536710371298
2 10 0.001445579716852171
3 10 -0.005739183709771698
4 10 -0.001273810180902717
5 10 0.008146661264033496
6 10 0.001181784681391492
7 10 -0.0115330307332897
8 10 -0.001121789736784941
9 10 0.01671685777023086
10 10 0.001077845171495987
11 10 -0.02537555687757691
12 10 -0.001042537032931471
13 10 0.04157721880170342
14 10 0.001011587461422964
15 10 -0.07757916218468307
16 10 -0.0009820190757842992
17 10 0.1867944779588342
18 10 0.0009513573776102624
19 10 -0.9602159258343949
20 10 2.290370659506744
21 10 -2.952443386215686
22 10 2.346084708219407
23 10 -1.006060867662587
24 10 -0.0008269984999278083
25 10 0.2052637286641028
26 10 0.0007634030769161212
27 10 -0.08961641665492814
28 10 -0.0006801134577845806
29 10 0.05070709955291949
30 10 0.0005685630559032067
31 10 -0.03293098728220877
32 10 -0.0004157771286676796
33 10 0.02342273273454014
34 10 0.0002009824930457457
35 10 -0.01795095847898766
36 10 0.0001116002888167428
37 10 0.0149686186922286
38 10 -0.0005904553426359822
39 10 -0.014473205098093
40 10 0.001390792490971237
41 10 0.02293621056907208
42 10 -0.02497062376931584
0 11 0.002244658274489571
1 11 -0.003195996150387585
2 11 -0.001621375009252065
3 11 0.004747478719210302
4 11 0.001433478666534767
5 11 -0.006569802270777975
6 11 -0.001334774933677654
7 11 0.00900666270437038
8 11 0.001272105617564325
9 11 -0.0125174342273696
10 11 -0.00122770729279524
11 11 0.01793707907424169
12 11 0.001193367709089156
13 11 -0.02701602254158187
14 11 -0.001164369732979912
15 11 0.04401518840814764
16 11 0.001137442998981814
17 11 -0.08177671659050224
18 11 -0.00110987103301558
19 11 0.1962412198443785
20 11 0.001078990845048635
21 11 -1.006060867662657
22 11 2.396873946534634
23 11 -3.086619862878614
24 11 2.450484387651958
25 11 -1.049920697161399
26 11 -0.0009325680799167322
27 11 0.2139316212913172
28 11 0.0008487101052957333
29 11 -0.09334344423342626
30 11 -0.0007330038625257728
31 11 0.05285645590714535
32 11 0.0005700131752493549
33 11 -0.034461593369064
34 11 -0.0003347557000746914
35 11 0.02480087679515099
36 11 -1.617105779095871e-05
37 11 -0.01964483219755275
38 11 0.0005663043869604858
39 11 0.01811733407427331
40 11 -0.001505205065385907
41 11 -0.02743687845843158
42 11 0.02921121047635061
0 12 -0.002524925931328231
1 12 0.002746302905554034
2 12 0.001829611917276371
3 12 -0.004008895278633537
4 12 -0.001623204655743528
5 12 0.005432837773783537
6 12 0.0015172050257576
7 12 -0.007259314509787715
8 12 -0.001452056184525981
9 12 0.009767825726273844
10 12 0.001407914958038898
11 12 -0.01341790043805658
12 12 -0.001375653923157965
13 12 0.01907428166174532
14 12 0.001350068562758328
15 12 -0.02856192043560282
16 12 -0.001327579176203504
17 12 0.04632814764050052
18 12 0.001305226634079318
19 12 -0.08577552788288914
20 12 -0.001280104739090958
21 12 0.2052637286640614
22 12 0.001248924056720559
23 12 -1.049920697161229
24 12 2.49879244546935
25 12 -3.215179887002407
26 12 2.550660178284581
27 12 -1.092053720433923
28 12 -0.00106958862350226
29 12 0.2223151327179089
30 12 0.0009532367123826086
31 12 -0.09701786958776762
32 12 -0.0007829494236461393
33 12 0.05508641591220242
34 12 0.000528478343784965
35 12 -0.03625383330298693
36 12 -0.0001366004801340637
37 12 0.02684603251389269
38 12 -0.0004961022968980209
39 12 -0.02333978777804319
40 12 0.001605394767206864
41 12 0.03340639211230131
42 12 -0.03457113806424265
0 13 0.002863375706372629
1 13 -0.00239965386318606
2 13 -0.002081702535158736
3 13 0.003450063961967369
4 13 0.001853536950862363
5 13 -0.004592979571661991
6 13 -0.001739395578669945
7 13 0.006007914520006524
8 13 0.001672034517240166
9 13 -0.00787652058370379
10 13 -0.001629134223871415
11 13 0.01047197341033116
12 13 0.0016005007143534
13 13 -0.01426614637776278
14 13 -0.001580386470293891
15 13 0.02015645145887471
16 13 0.001564893428227878
17 13 -0.03004112204290321
18 13 -0.001550836873459513
19 13 0.04854735523615801
20 13 0.001535099334259581
21 13 -0.08961641665444701
22 13 -0.001514126507180932
23 13 0.2139316212905625
24 13 0.001483386925287147
25 13 -1.092053720433252
26 13 2.596639568666451
27 13 -3.338747423785175
28 13 2.647116132630093
29 13 -1.132688542671583
30 13 -0.001254117154676309
31 13 0.2305032805864543
32 13 0.001082556785677097
33 13 -0.1007513219560689
34 13 -0.0008133180353460723
35 13 0.05760915219582009
36 13 0.0003804148972771102
37 13 -0.03882401541286219
38 13 0.0003463348101615633
39 13 0.03126713998758064
40 13 -0.001666678599273671
41 13 -0.04164819062016962
42 13 0.04153226509575024
0 14 -0.003283425131696281
1 14 0.002134106637770086
2 14 0.002395239617068513
3 14 -0.003026665762882399
4 14 -0.002140723825022458
5 14 0.003966581927778339
6 14 0.00201723043187403
7 14 -0.005094365234634038
8 14 -0.00194802409475527
9 14 0.006534898874579313
10 14 0.001907758517485832
11 14 -0.008460971231872838
12 14 -0.001884969911525303
13 14 0.011150352786731
14 14 0.001873302925574309
15 14 -0.01509039394786778
16 14 -0.001868547253510773
17 14 0.02121152307934898
18 14 0.001867343181513578
19 14 -0.0314834024888511
20 14 -0.001866444520621631
21 14 0.05070709955194373
22 14 0.001862137914206479
23 14 -0.0933434442318153
24 14 -0.001849608055381633
25 14 0.2223151327162755
26 14 0.001822060591914281
27 14 -1.132688542670642
28 14 2.690813069092235
29 14 -3.457808801585905
30 14 2.740288303120246
31 14 -1.172055794224978
32 14 -0.001514544725520799
33 14 0.2386470596629603
34 14 0.001241524948923271
35 14 -0.1048051890393333
36 14 -0.0007738636900808125
37 14 0.06105279857353064
38 14 -5.525562541685619e-05
39 14 -0.04426537171235557
40 14 0.001637001173263997
41 14 0.05363545383204462
42 14 -0.0508792437390452
0 15 0.003823605188590522
1 15 -0.001937889383972397
2 15 -0.00279914042124071
3 15 0.002713711341284279
4 15 0.002511443594214978
5 15 -0.003505790406785785
6 15 -0.002376760243960573
7 15 0.004429270288770705
8 15 0.00230620956615365
9 15 -0.005574456009027133
10 15 -0.002270615401925152
11 15 0.007056518407748482
12 15 0.002256956770121214
13 15 -0.009049177514885555
14 15 -0.002258192974092064
15 15 0.01183784936607321
16 15 0.002269837068392163
17 15 -0.01592625191923398
18 15 -0.002288468020103798
19 15 0.02227752282532817
20 15 0.002310890276022799
21 15 -0.03293098728071864
22 15 -0.00233347268499138
23 15 0.05285645590475696
24 15 0.002351416027521737
25 15 -0.09701786958494517
26 15 -0.002357715536538153
27 15 0.2305032805843701
28 15 0.00234147213884116
29 15 -1.172055794223897
30 15 2.781597277062101
31 15 -3.572707851566839
32 15 2.830584820458937
33 15 -1.210453905062901
34 15 -0.00190551499735094
35 15 0.2470916635404468
36 15 0.001424528853218716
37 15 -0.109971620193753
38 15 -0.0004973385185307232
39 15 0.06805371028859586
40 15 -0.001402061006289712
41 15 -0.07235159679697896
42 15 0.06397456396326272
0 16 -0.00455288815487347
1 16 0.001809014012770806
2 16 0.00334511046789339
3 16 -0.002502509727578003
4 16 -0.003013340348637227
5 16 0.003189238797756142
6 16 0.002864447260447189
7 16 -0.003968056486431503
8 16 -0.002793227658388262
9 16 0.004907572915261305
10 16 0.002765418953690494
11 16 -0.006088285630928824
12 16 -0.002766004927233724
13 16 0.007624541730542861
14 16 0.002787160840337526
15 16 -0.009693913149518419
16 16 -0.002824215690043495
17 16 0.01259058687416745
18 16 0.002873922706411242
19 16 -0.01683499412806212
20 16 -0.002933506973136506
21 16 0.02342273273169869
22 16 0.002999935502906698
23 16 -0.03446159336541858
24 16 -0.003069110087794823
25 16 0.05508641590802517
26 16 0.003134695234191512
27 16 -0.1007513219524302
28 16 -0.003186137414786789
29 16 0.2386470596604775
30 16 0.003205014045546364
31 16 -1.210453905061603
32 16 2.869123486750156
33 16 -3.683570614063956
34 16 2.918456776473589
35 16 -1.248447294596581
36 16 -0.002544786923082748
37 16 0.2569022642545034
38 16 0.001563518609039209
39 16 -0.1197158868153747
40 16 0.0006930629919131883
41 16 0.1047363374355819
42 16 -0.08339216840402576
0 17 0.00561018166577142
1 17 -0.001759803571798932
2 17 -0.004137165976762989
3 17 0.002405244307446496
4 17 0.003742139618519047
5 17 -0.003024640725893622
6 17 -0.003573512501395383
7 17 0.003707701420405043
8 17 0.003502506562537317
9 17 -0.004509545680800974
10 17 -0.003487597903545355
11 17 0.005489266875066094
12 17 0.00351102924606472
13 17 -0.006725827647924946
14 17 -0.003564047224975866
15 17 0.008335662324691455
16 17 0.003642003460954472
17 17 -0.01050158295922795
18 17 -0.003742311447931127
19 17 0.01352740976922583
20 17 0.003863387191257758
21 17 -0.01795095847827508
22 17 -0.004003904058312025
23 17 0.02480087679011649
24 17 0.004162008544734383
25 17 -0.03625383329736991
26 17 -0.004334159002271108
27 17 0.05760915219114415
28 17 0.00451304724915351
29 17 -0.1048051890356316
30 17 -0.004683500075097016
31 17 0.2470916635381764
32 17 0.004813829637414063
33 17 -1.248447294595784
34 17 2.953203626719
35 17 -3.78997808983579
36 17 3.004598654014603
37 17 -1.287691124374769
38 17 -0.003730071123445089
39 17 0.2729840997538842
40 17 0.001192601670409821
41 17 -0.1706901627000301
42 17 0.1145987866619661
0 18 -0.00733054898214819
1 18 0.001835865516305791
2 18 0.005425941653913426
3 18 -0.002479137423840106
4 18 -0.004928219941264067
5 18 0.003076309659963045
6 18 0.004727998137694126
7 18 -0.003715637888666328
8 18 -0.004658236482573518
9 18 0.004445028095692191
10 18 0.004665741972279595
11 18 -0.005310794228662035
12 18 -0.004728508483693858
13 18 0.006370687341551187
14 18 0.004836576697901412
15 18 -0.007705470899208577
16 18 -0.004985778856963461
17 18 0.009435790259684329
18 18 0.005175255843794166
19 18 -0.01175162376821321
20 18 -0.005406335861640625
21 18 0.01496861869560811
22 18 0.005681946328149385
23 18 -0.01964483219590201
24 18 -0.006006168291213299
25 18 0.0268460325080609
26 18 0.006383604274450231
27 18 -0.0388240154084475
28 18 -0.006818031530890572
29 18 0.06105279857095575
30 18 0.007309165370261226
31 18 -0.1099716201921492
32 18 -0.007844547651839583
33 18 0.2569022642547181
34 18 0.008378248740090874
35 18 -1.287691124376055
36 18 3.032610604670196
37 18 -3.889328332850579
38 18 3.09080456468718
39 18 -1.336270132502448
40 18 -0.006423997644303964
41 18 0.3523803157413875
42 18 -0.1714555755780043
0 19 0.01082984493490619
1 19 -0.00220893705928744
2 19 -0.008045335103349325
3 19 0.002948105739505292
4 19 0.007337246588928558
5 19 -0.003610841328850659
6 19 -0.007071567365333402
7 19 0.004298236335550366
8 19 0.007003479111977886
9 19 -0.005058682868682916
10 19 -0.007056205819709232
11 19 0.005933510516693477
12 19 0.007199361857567516
13 19 -0.006969914999944329
14 19 -0.007420953381012405
15 19 0.008229823546149822
16 19 0.00771844689464039
17 19 -0.009800849998065884
18 19 -0.00809553124857919
19 19 0.01181372041515659
20 19 0.008561106758173493
21 19 -0.01447320510354886
22 19 -0.009129425855271194
23 19 0.01811733408531734
24 19 0.009821064916603861
25 19 -0.02333978778244677
26 19 -0.01066470868775405
27 19 0.03126713999088704
28 19 0.01169985325622034
29 19 -0.04426537171682193
30 19 -0.01298043743503123
31 19 0.06805371029535034
32 19 0.0145785682331891
33 19 -0.1197158868235017
34 19 -0.01658359388825046
35 19 0.2729840997638451
36 19 0.01907417633032509
37 19 -1.336270132511834
38 19 3.100545779052296
39 19 -3.963493134570494
40 19 3.186271352936518
41 19 -1.50538958509486
42 19 0.3020013108967667
0 20 -0.02488694142769365
1 20 0.0042857317328137
2 20 0.01855081833477411
3 20 -0.005661395906333383
4 20 -0.01698280028196242
5 20 0.006854725267376186
6 20 0.01643873480761993
7 20 -0.00805452281721333
8 20 -0.01636067169677752
9 20 0.009341200106655626
10 20 0.01657674338198448
11 20 -0.01077434746802928
12 20 -0.01702271696362705
13 20 0.01241448433085416
14 20 0.01767843859993981
15 20 -0.0143342602321565
16 20 -0.01854828800023902
17 20 0.01662913344739723
18 20 0.01965519244521645
19 20 -0.01943193864046462
20 20 -0.02104061406786297
21 20 0.0229362106012506
22 20 0.02276869965666778
23 20 -0.02743687851233365
24 20 -0.02493510815557354
25 20 0.03340639218993217
26 20 0.02768297918381066
27 20 -0.04164819069520267
28 20 -0.03123160549512191
29 20 0.05363545390203774
30 20 0.03592991280035321
31 20 -0.07235159686367137
32 20 -0.04236259641391555
33 20 0.1047363375036828
34 20 0.0515791618989114
35 20 -0.1706901627703891
36 20 -0.0656464583173806
37 20 0.3523803158147835
38 20 0.08920311254890526
39 20 -1.505389585163571
40 20 3.066608987166371
41 20 -3.538376917266551
42 20 2.352739000348344
