136
0 0 0.4976128706552111
1 0 -0.7981035745521757
2 0 0.7087826061924413
3 0 -0.325469772898291
4 0 -0.00141444911862257
5 0 0.07256312665205492
6 0 0.001221373664932334
7 0 -0.03348760829031946
8 0 -0.001025069427890995
9 0 0.01978494348884581
10 0 0.0007820417480456242
11 0 -0.01356153208274387
12 0 -0.0004374527787574413
13 0 0.01096331493322652
14 0 -0.0001158085443450384
15 0 -0.01449729724454104
16 0 0.01399034128158906
0 1 0.003392762395032795
1 1 -0.3254697728982913
2 1 0.8636099659647667
3 1 -1.197153481871754
4 1 1.0020734734048
5 1 -0.4456883219081227
6 1 -0.001828771553896076
7 1 0.0960615629073017
8 1 0.001579197408719362
9 1 -0.04369450994751643
10 1 -0.00125985355191127
11 1 0.02593535234862361
12 1 0.0007849596993394072
13 1 -0.01888188628201138
14 1 1.733075315633975e-05
15 1 0.02265941486178275
16 1 -0.02077959526178954
0 2 -0.004480498033906632
1 2 0.07256312665205532
2 2 0.003240280733830907
3 2 -0.4456883219081225
4 2 1.115198762811227
5 2 -1.496398277045677
6 2 1.227306547909465
7 2 -0.5383229639021713
8 2 -0.002284931319607896
9 2 0.1141718951502688
10 2 0.001915531042112842
11 2 -0.05191841783925107
12 2 -0.001328352445325203
13 2 0.0323073252621179
14 2 0.0002627085782454552
15 2 -0.03394923732184549
16 2 0.0289658639198265
0 3 0.005856823982125234
1 3 -0.03348760829031966
2 3 -0.004310563802258559
3 3 0.0960615629073017
4 3 0.003854103851817374
5 3 -0.5383229639021722
6 3 1.319296352257949
7 3 -1.745618881052344
8 3 1.417526285823994
9 3 -0.6170979996306598
10 3 -0.002934872808338059
11 3 0.1302562884901844
12 3 0.002266895001188161
13 3 -0.06121743217646916
14 3 -0.000912677789039668
15 3 0.05287754065809561
16 3 -0.04050217841854143
0 4 -0.007792819642887337
1 4 0.01978494348884595
2 4 0.005848655087557937
3 4 -0.04369450994751696
4 4 -0.005358477790900023
5 4 0.1141718951502693
6 4 0.005134917550084674
7 4 -0.6170979996306603
8 4 1.495042517035257
9 4 -1.963188026630062
10 4 1.585811911065226
11 4 -0.6878402838931422
12 4 -0.004033168058868094
13 4 0.1478178078220365
14 4 0.00243042090044475
15 4 -0.09134336515183049
16 4 0.05871355736604778
0 5 0.01088352106315524
1 5 -0.01356153208274397
2 5 -0.008347195136708511
3 5 0.02593535234862435
4 5 0.007860526548042269
5 5 -0.0519184178392522
6 5 -0.007806828812506003
7 5 0.1302562884901854
8 5 0.007911802839426003
9 5 -0.687840283893142
10 5 1.650309243598923
11 5 -2.157033200913643
12 5 1.739824512737356
13 5 -0.7573176103052133
14 5 -0.006325558519644115
15 5 0.1984338179816692
16 5 -0.09174859316358092
0 6 -0.01705268586308497
1 6 0.01096331493322629
2 6 0.01339234284327893
3 6 -0.01888188628201078
4 6 -0.01300372829888308
5 6 0.03230732526211861
6 6 0.01345058389499386
7 6 -0.06121743217647039
8 6 -0.01441664179179697
9 6 0.1478178078220378
10 6 0.01582564963230016
11 6 -0.7573176103052165
12 6 1.785230500897825
13 6 -2.322739902048464
14 6 1.889560703982809
15 6 -0.8894430537031049
16 6 0.1676653586486642
0 7 0.04121028128767711
1 7 -0.01449729724453994
2 7 -0.03318445584180009
3 7 0.0226594148617804
4 7 0.03330980678235615
5 7 -0.03394923732184255
6 7 -0.03605408257098845
7 7 0.05287754065809763
8 7 0.04121693281744537
9 7 -0.09134336515183709
10 7 -0.04984749340929966
11 7 0.1984338179816766
12 7 0.06478302848898586
13 7 -0.8894430537031122
14 7 1.842541530867604
15 7 -2.188617404808443
16 7 1.49164278874797
