242
0 0 0.500448304239315
1 0 -0.797445901596994
2 0 0.7068226268117778
3 0 -0.3263224042383829
4 0 0.0002045023683597731
5 0 0.0735576569624945
6 0 -0.000132588127739918
7 0 -0.03457640327012393
8 0 5.277912249515915e-05
9 0 0.02088064324478875
10 0 4.491859361035831e-05
11 0 -0.01445039682600923
12 0 -0.0001718537036118806
13 0 0.01095970937464225
14 0 0.0003450803683792009
15 0 -0.008932779499012986
16 0 -0.0005951944082777124
17 0 0.007785509648330979
18 0 0.0009888456961233516
19 0 -0.007378352388646586
20 0 -0.001726936673200948
21 0 0.008885093857154979
0 1 -0.0006405744449337074
1 1 -0.3263224042383829
2 1 0.8664437324101528
3 1 -1.196035658917842
4 1 0.9996847457590254
5 1 -0.4470084611551548
6 1 0.0002234600343041099
7 1 0.09752691888672686
8 1 -0.0001209015697627784
9 1 -0.04519191055233385
10 1 -6.77211066158224e-06
11 1 0.02716995095999587
12 1 0.0001761879743302154
13 1 -0.0188665868768454
14 1 -0.0004126748365641733
15 1 0.01448145774120352
16 1 0.0007619977825615091
17 1 -0.01209849386343852
18 1 -0.001323983907691731
19 1 0.01112470799348506
20 1 0.002398321419317924
21 1 -0.01308099972543078
0 2 0.0008382967955407961
1 2 0.07355765696249446
2 2 -0.000563307425368028
3 2 -0.4470084611551552
4 2 1.11847650275624
5 2 -1.494817637399311
6 2 1.224407843724381
7 2 -0.5401041815617362
8 2 0.0002183891668995628
9 2 0.1160213992404488
10 2 -6.76995933815773e-05
11 2 -0.0534626445982142
12 2 -0.0001374673432872982
13 2 0.03222599092983285
14 2 0.0004319004797750096
15 2 -0.0226438124995074
16 2 -0.0008791887909057179
17 2 0.01782984034512652
18 2 0.001618738418247796
19 2 -0.01574218560936906
20 2 -0.003068201629260471
21 2 0.01795981199176487
0 3 -0.001065069382172601
1 3 -0.03457640327012404
2 3 0.0007358243542580633
3 3 0.09752691888672774
4 3 -0.0006006658216908283
5 3 -0.5401041815617361
6 3 1.323361747711756
7 3 -1.743579003771304
8 3 1.413857048448615
9 3 -0.6192488505341918
10 3 0.0001878108369814594
11 3 0.1320562928840568
12 3 4.944967567479227e-05
13 3 -0.06091971253461344
14 3 -0.0004020229270769638
15 3 0.03712877597365929
16 3 0.0009568921187369026
17 3 -0.02677525435646654
18 3 -0.001906802297693163
19 3 0.02232551411068692
20 3 0.003830282550332192
21 3 -0.02447706719766773
0 4 0.001338203307201661
1 4 0.02088064324478937
2 4 -0.000950179600964774
3 4 -0.0451919105523348
4 4 0.0008043392875688113
5 4 0.1160213992404501
6 4 -0.0006865640978175088
7 4 -0.6192488505341924
8 4 1.500553067502931
9 4 -1.960899349182955
10 4 1.580765211394103
11 4 -0.6896922393987424
12 4 0.0001101291357725217
13 4 0.1468793370930394
14 4 0.0002998059817155603
15 4 -0.06837998638380159
16 4 -0.0009753434701006134
17 4 0.04275596203209029
18 4 0.002185661514771107
19 4 -0.03271846754761124
20 4 -0.004745969404838013
21 4 0.03394612233235105
0 5 -0.001679398412394219
1 5 -0.01445039682600988
2 5 0.00122557786781751
3 5 0.02716995095999798
4 5 -0.001074532804864976
5 5 -0.05346264459821654
6 5 0.0009628180875663604
7 5 0.1320562928840596
8 5 -0.0008371636167935955
9 5 -0.6896922393987438
10 5 1.658972738178189
11 5 -2.155895737082163
12 5 1.731667065912012
13 5 -0.7543743895320664
14 5 -7.557086215106756e-05
15 5 0.1615264985332158
16 5 0.0008820444534736196
17 5 -0.07697961301288582
18 5 -0.002419374064777519
19 5 0.05115042225601272
20 5 0.00587476965339215
21 5 -0.0488867972348552
0 6 0.002122496380055582
1 6 0.01095970937464309
2 6 -0.001592696371928393
3 6 -0.01886658687684668
4 6 0.001445621713062208
5 6 0.03222599092983657
6 6 -0.001355835791407386
7 6 -0.06091971253461748
8 6 0.00125928600730308
9 6 0.1468793370930421
10 6 -0.001111407962429539
11 6 -0.7543743895320687
12 6 1.803627356460561
13 6 -2.333500346262042
14 6 1.870457354232986
15 6 -0.8156788973140684
16 6 -0.0005579253039451383
17 6 0.1777594575638962
18 6 0.002497275530681687
19 6 -0.08993151354479968
20 6 -0.007260240402664615
21 6 0.07505547744219374
0 7 -0.002728845846275658
1 7 -0.008932779499014573
2 7 0.002107463835924968
3 7 0.01448145774120513
4 7 -0.001980807310637534
5 7 -0.02264381249950949
6 7 0.001941929622635584
7 7 0.03712877597366517
8 7 -0.001915246195657274
9 7 -0.0683799863838063
10 7 0.001850607404249414
11 7 0.1615264985332144
12 7 -0.001677441777794811
13 7 -0.8156788973140686
14 7 1.937750313750292
15 7 -2.495827491079003
16 7 1.999718625359678
17 7 -0.8771471330614694
18 7 -0.002093504567033337
19 7 0.2012229199693406
20 7 0.008814138385406092
21 7 -0.1286479975472138
0 8 0.003632014190718942
1 8 0.007785509648332269
2 8 -0.002891251146689267
3 8 -0.01209849386344015
4 8 0.002817182257649034
5 8 0.01782984034512712
6 8 -0.00288729405141382
7 8 -0.02677525435647088
8 8 0.003015946531865554
9 8 0.04275596203210221
10 8 -0.003156121998187678
11 8 -0.07697961301289001
12 8 0.003241316274438986
13 8 0.1777594575638918
14 8 -0.003123801074889706
15 8 -0.8771471330614683
16 8 2.063963059700924
17 8 -2.640456184534429
18 8 2.121455391155565
19 8 -0.9504683687782114
20 8 -0.00963809693880254
21 8 0.2744199117620197
0 9 -0.005230663550064487
1 9 -0.007378352388646274
2 9 0.004303140247639302
3 9 0.01112470799348544
4 9 -0.004357367624551655
5 9 -0.01574218560936965
6 9 0.00467783087767879
7 9 0.02232551411068639
8 9 -0.005178433161396022
9 9 -0.03271846754761373
10 9 0.00584972904616271
11 9 0.05115042225602884
12 9 -0.006695283560055039
13 9 -0.08993151354480591
14 9 0.007678684981963844
15 9 0.2012229199693406
16 9 -0.008545598033787637
17 9 -0.9504683687782138
18 9 2.187399987779223
19 9 -2.741815335819831
20 9 2.23881087803584
21 9 -1.15029837306698
0 10 0.01030696886803726
1 10 0.008885093857148807
2 10 -0.008818277652351663
3 10 -0.0130809997254203
4 10 0.009340506500509535
5 10 0.01795981199174847
6 10 -0.01057544438081631
7 10 -0.02447706719765224
8 10 0.0124941330523553
9 10 0.03394612233233462
10 10 -0.01533355564050318
11 10 -0.04888679723485816
12 10 0.01961884784805012
13 10 0.0750554774422284
14 10 -0.02644817379493343
15 10 -0.1286479975472587
16 10 0.03836781983488502
17 10 0.2744199117620627
18 10 -0.06254604613115451
19 10 -1.150298373067017
20 10 2.418944442578169
21 10 -2.105503444917557
