200
0 0 0.500520871557114
1 0 -0.7973488987883582
2 0 0.7067807040000778
3 0 -0.3264593462389858
4 0 0.0002268796713368971
5 0 0.07373549536580111
6 0 -0.0001323924205468714
7 0 -0.03480176675577198
8 0 2.19921529444411e-05
9 0 0.02116499405407248
10 0 0.0001201680766890421
11 0 -0.01481253560981144
12 0 -0.0003152476077768301
13 0 0.01143311004208109
14 0 0.0006000182800721759
15 0 -0.009588715939554147
16 0 -0.001053750126294687
17 0 0.008837897718104131
18 0 0.001913766197608372
19 0 -0.0104033234852827
0 1 -0.0007563549667440812
1 1 -0.326459346238986
2 1 0.8665166069456003
3 1 -1.195840305132659
4 1 0.9996371044316162
5 1 -0.4472650003845249
6 1 0.0002419741163880458
7 1 0.09785587006250766
8 1 -9.882905522467488e-05
9 1 -0.045612069198599
10 1 -8.987000643029277e-05
11 1 0.02771163587836734
12 1 0.0003559720717753679
13 1 -0.01958273990598649
14 1 -0.0007555498750230082
15 1 0.01548198544534633
16 1 0.001410067644384142
17 1 -0.01370433271492381
18 1 -0.002682165576169512
19 1 0.01565334086234462
0 2 0.001006901140032513
1 2 0.07373549536580121
2 2 -0.0006771649799120591
3 2 -0.4472650003845254
4 2 1.118561485546881
5 2 -1.494476632888049
6 2 1.224355998408351
7 2 -0.540547215948204
8 2 0.0002223439769881203
9 2 0.1165952433575005
10 2 3.661358239797053e-06
11 2 -0.05421328193578647
12 2 -0.0003334612034770763
13 2 0.03323258543331192
14 2 0.0008466052213747684
15 2 -0.02406682231677464
16 2 -0.001717260149574334
17 2 0.02012309298800642
18 2 0.003465977331495363
19 2 -0.02209141326750982
0 3 -0.0013035486770257
1 3 -0.03480176675577192
2 3 0.0009068967868513309
3 3 0.09785587006250797
4 3 -0.0007414297855990113
5 3 -0.540547215948205
6 3 1.323468406466208
7 3 -1.74299498634861
8 3 1.413802330312787
9 3 -0.6200174564179672
10 3 0.0001554161088574158
11 3 0.1330790878489235
12 3 0.0002349425017804271
13 3 -0.06231575788761225
14 3 -0.000871040830165209
15 3 0.03913481115130525
16 3 0.002001114556202244
17 3 -0.03003806506126927
18 3 -0.004373191794930727
19 3 0.03121184258094642
0 4 0.001673427870993262
1 4 0.02116499405407299
2 4 -0.001203912924708544
3 4 -0.04561206919859955
4 4 0.001029969126345113
5 4 0.1165952433575016
6 4 -0.0008825000825815493
7 4 -0.6200174564179679
8 4 1.500699409671237
9 4 -1.959869392028372
10 4 1.580711525519795
11 4 -0.6910907665749295
12 4 -1.478611835901487e-05
13 4 0.1488306039258353
14 4 0.0007823630401994415
15 4 -0.07124655505079326
16 4 -0.002234112938492406
17 4 0.04749603906076195
18 4 0.005473614029725598
19 4 -0.04547315923855572
0 5 -0.00215536616862615
1 5 -0.01481253560981227
2 5 0.001603872440263169
3 5 0.02771163587836838
4 5 -0.001433640623569217
5 5 -0.05421328193578838
6 5 0.001307108192827162
7 5 0.1330790878489247
8 5 -0.001147907079100289
9 5 -0.6910907665749295
10 5 1.659201396750378
11 5 -2.153951411324133
12 5 1.73162755719777
13 5 -0.7571617501848777
14 5 -0.0004671454229514798
15 5 0.1657448668561163
16 5 0.002312090740134584
17 5 -0.08414611430309392
18 5 -0.006813710211571638
19 5 0.07037128042336535
0 6 0.002818194698560825
1 6 0.01143311004208142
2 6 -0.002171036198791738
3 6 -0.01958273990598689
4 6 0.002026884721339578
5 6 0.0332325854333151
6 6 -0.001958760337073972
7 6 -0.06231575788761443
8 6 0.001875341703711611
9 6 0.1488306039258364
10 6 -0.001697034137001357
11 6 -0.7571617501848793
12 6 1.804063653975038
13 6 -2.329369334774735
14 6 1.87048101305903
15 6 -0.822184307972345
16 6 -0.001922408082166395
17 6 0.1892939053653069
18 6 0.008310733781168292
19 6 -0.1213161564143137
0 7 -0.003810564048208428
1 7 -0.00958871593955465
2 7 0.003044188940066053
3 7 0.0154819854453472
4 7 -0.002971143494811616
5 7 -0.02406682231677647
6 7 0.003039543330315753
7 7 0.03913481115131009
8 7 -0.003147197519588898
9 7 -0.07124655505079741
10 7 0.003214507982619242
11 7 0.1657448668561149
12 7 -0.003093534773079402
13 7 -0.8221843079723443
14 7 1.938896049154432
15 7 -2.4850272117701
16 7 2.000035356073083
17 7 -0.8976251356344962
18 7 -0.009104390644303059
19 7 0.2598959213066123
0 8 0.005573886100703446
1 8 0.008837897718104143
2 8 -0.004631832228463029
3 8 -0.01370433271492395
4 8 0.004738755949417835
5 8 0.02012309298800535
6 8 -0.005140222386093518
7 8 -0.03003806506127135
8 8 0.005745998759358273
9 8 0.04749603906077154
10 8 -0.006537321595418644
11 8 -0.08414611430309771
12 8 0.007470560226976564
13 8 0.1892939053653059
14 8 -0.008297043379209224
15 8 -0.8976251356344984
16 8 2.069276565561068
17 8 -2.597307262150615
18 8 2.123827571618482
19 8 -1.09287382499807
0 9 -0.01117406003190918
1 9 -0.01040332348527967
2 9 0.009730569005424072
3 9 0.01565334086233866
4 9 -0.0105157904866951
5 9 -0.02209141326750225
6 9 0.01219033894892069
7 9 0.0312118425809369
8 9 -0.01482288360502143
9 9 -0.04547315923854772
10 9 0.0188726882555123
11 9 0.07037128042338031
12 9 -0.02537336128682527
13 9 -0.1213161564143361
14 9 0.03675038538166425
15 9 0.2598959213066329
16 9 -0.05984350112174175
17 9 -1.09287382499809
18 9 2.301441067318254
19 9 -2.004442358117821
