990
0 0 0.4994974641884686
1 0 -0.7979219680214527
2 0 0.7074600193850128
3 0 -0.3256885328302999
4 0 -0.0003033024614008058
5 0 0.07278400791791323
6 0 0.0002736650186602079
7 0 -0.03365957387795984
8 0 -0.0002520903468397213
9 0 0.01980694153584836
10 0 0.0002344671829499339
11 0 -0.01319659091792727
12 0 -0.0002188973267657043
13 0 0.009489454725880635
14 0 0.0002043095517641953
15 0 -0.007186455804573322
16 0 -0.0001899953052747709
17 0 0.005650833892873778
18 0 0.0001754141576907157
19 0 -0.004572660060842697
20 0 -0.000160095831191148
21 0 0.003785747247228145
22 0 0.000143580101591827
23 0 -0.003194369037405952
24 0 -0.0001253699368501278
25 0 0.002740390524199748
26 0 0.0001048841227764643
27 0 -0.002387237340970439
28 0 -8.139758668138675e-05
29 0 0.002111639033628399
30 0 5.395369586613722e-05
31 0 -0.001899374883119379
32 0 -2.122077007588432e-05
33 0 0.001743506179645999
34 0 -1.876448202701579e-05
35 0 -0.001644961946769626
36 0 6.909967844863563e-05
37 0 0.001617392130885585
38 0 -0.0001351169478435424
39 0 -0.001705542558870376
40 0 0.0002271758394416294
41 0 0.002073766526007372
42 0 -0.000369495859685149
43 0 -0.00406055982825363
44 0 0.004868816495409974
0 1 0.0006477578817099423
1 1 -0.3256885328302986
2 1 0.8655692611409247
3 1 -1.196884722248127
4 1 1.000392418929648
5 1 -0.4459654098904831
6 1 -0.0003548097044449643
7 1 0.09628209806305783
8 1 0.0003275709432625769
9 1 -0.04372296241458482
10 1 -0.0003054129459685724
11 1 0.02544048199333555
12 1 0.000285892068993922
13 1 -0.0168206977767041
14 1 -0.0002676269861674036
15 1 0.01202885201612003
16 1 0.0002497010947446802
17 1 -0.009072021576570567
18 1 -0.0002314118661376541
19 1 0.007111251900779196
20 1 0.0002121442711083564
21 1 -0.005741211463486712
22 1 -0.000191292684330876
23 1 0.004745975142069029
24 1 0.0001681994704955083
25 1 -0.004001992909530947
26 1 -0.0001420923918760726
27 1 0.003434885020581335
28 1 0.0001120053742468219
29 1 -0.00299858930086417
30 1 -7.66618709711502e-05
31 1 0.002664897397342128
32 1 3.428409192823272e-05
33 1 -0.002418604370969397
34 1 1.774769474528799e-05
35 1 0.002256893139189867
36 1 -8.356171419440313e-05
37 1 -0.002194905469551196
38 1 0.000170251090034234
39 1 0.002289357800491251
40 1 -0.0002915653734330056
41 1 -0.002754289931035102
42 1 0.0004795683988416738
43 1 0.005343719201504098
44 1 -0.006383341742004457
0 2 -0.0007635629474931819
1 2 0.07278400791791151
2 2 0.0005387082232331715
3 2 -0.4459654098904826
4 2 1.117569600824705
5 2 -1.496108143211382
6 2 1.225165665542161
7 2 -0.5385519994204274
8 2 -0.0003894019147330116
9 2 0.1141740753971077
10 2 0.0003639879651332896
11 2 -0.05126735639059311
12 2 -0.0003416759372641525
13 2 0.02960265412114405
14 2 0.000320837247445846
15 2 -0.01946459126469946
16 2 -0.0003003877068925895
17 2 0.01386183542152308
18 2 0.0002794921700423728
19 2 -0.01042136295736718
20 2 -0.0002574149142765205
21 2 0.008149563641048869
22 2 0.0002334267256012102
23 2 -0.006568706133562
24 2 -0.0002067311429374205
25 2 0.005425543947011084
26 2 0.0001763886183829831
27 2 -0.004576078280650382
28 2 -0.0001412200050714811
29 2 0.003934569577028023
30 2 9.966423368096738e-05
31 2 -0.003449289679379391
32 2 -4.954561024198978e-05
33 2 0.003091023411049042
34 2 -1.234121965476618e-05
35 2 -0.002849395686941522
36 2 9.104184194712591e-05
37 2 0.002737959744571396
38 2 -0.0001952099756042501
39 2 -0.002821633145383292
40 2 0.0003415806578902125
41 2 0.003355122664051241
42 2 -0.0005690735609740291
43 2 -0.006443049888007626
44 2 0.007663866678435897
0 3 0.000871256839837309
1 3 -0.03365957387795175
2 3 -0.0006159005523596404
3 3 0.09628209806304948
4 3 0.000532052630705451
5 3 -0.5385519994204178
6 3 1.322392452650978
7 3 -1.745462100805329
8 3 1.414661816314975
9 3 -0.6169861331052744
10 3 -0.0004201197014623715
11 3 0.1293386613378361
12 3 0.0003955235660994438
13 3 -0.05763379895059274
14 3 -0.000372607440200107
15 3 0.03309487192111658
16 3 0.0003501303356341861
17 3 -0.02167018317665913
18 3 -0.0003271314401548898
19 3 0.01538314915836705
20 3 0.000302758826140755
21 3 -0.01153686195943761
22 3 -0.0002761623056183289
23 3 0.00900613708342504
24 3 0.0002464074928543425
25 3 -0.007251930729238449
26 3 -0.0002123865816196821
27 3 0.005989767079754416
28 3 0.0001727041492926908
29 3 -0.005059112703636627
30 3 -0.000125508432537115
31 3 0.004366054091957058
32 3 6.82155487071791e-05
33 3 -0.003856850062371255
34 3 2.981625871833324e-06
35 3 0.003507327461209917
36 3 -9.407082648326369e-05
37 3 -0.00332553657150948
38 3 0.0002153040868770937
39 3 0.003381902553988073
40 3 -0.0003864594873880548
41 3 -0.00396933327885251
42 3 0.0006533994646568697
43 3 0.007535521704485544
44 3 -0.008920065042762194
0 4 -0.0009783341947322351
1 4 0.01980694153582781
2 4 0.0006930164000024108
3 4 -0.04372296241455912
4 4 -0.0005999906786080508
5 4 0.1141740753970788
6 4 0.0005461983859773461
7 4 -0.6169861331052536
8 4 1.499492002965266
9 4 -1.963647694314439
10 4 1.58161627777924
11 4 -0.68635091578541
12 4 -0.000450878228336355
13 4 0.1427833863969089
14 4 0.0004262032189653558
15 4 -0.06327327868473266
16 4 -0.0004020254515006928
17 4 0.03618145660648846
18 4 0.000377257599214913
19 4 -0.02361469095204
20 4 -0.0003509291272406202
21 4 0.01672163984993044
22 4 0.0003220645283088228
23 4 -0.01251757615043161
24 4 -0.0002895845377544398
25 4 0.009760535541228067
26 4 0.0002522024868701888
27 4 -0.007857403853608693
28 4 -0.000208290815938632
29 4 0.00649677102397926
30 4 0.000155683421078395
31 4 -0.005504943427375161
32 4 -9.135270720393639e-05
33 4 0.004783747747289051
34 4 1.083533037040184e-05
35 4 -0.00428409682002007
36 4 9.288476335607053e-05
37 4 0.00400213609346732
38 4 -0.0002318019608476983
39 4 -0.004010278802445076
40 4 0.0004289995478340743
41 4 0.004638986539932063
42 4 -0.0007378382818579631
43 4 -0.008693598690891948
44 4 0.01023412230967122
0 5 0.00108889571004003
1 5 -0.01319659091804225
2 5 -0.0007729869011123685
3 5 0.02544048199348955
4 5 0.0006707676558332129
5 5 -0.05126735639078107
6 5 -0.0006121471729300619
7 5 0.1293386613380692
8 5 0.0005708671516011268
9 5 -0.6863509157857038
10 5 1.657774281815414
11 5 -2.160015339538898
12 5 1.732560615630036
13 5 -0.7492418583721274
14 5 -0.0004836325679532356
15 5 0.1550062480682949
16 5 0.0004580287262094939
17 5 -0.06840249707811613
18 5 -0.0004317778034716486
19 5 0.03898727897429069
20 5 0.0004037845937496901
21 5 -0.02538125329408743
22 5 -0.000372940046195895
23 5 0.0179379151794561
24 5 0.0003380084085095228
25 5 -0.0134107979786494
26 5 -0.0002975074503155955
27 5 0.0104520424633763
28 5 0.0002495531464718377
29 5 -0.008420153380756747
30 5 -0.0001916291329995988
31 5 0.006980841217631594
32 5 0.0001202101018865827
33 5 -0.005951714878519764
34 5 -3.009324819395984e-05
35 5 0.00523785018019947
36 5 -8.689923920796547e-05
37 5 -0.004812056470750717
38 5 0.0002447302296144043
39 5 0.004742826504460068
40 5 -0.000470208892251426
41 5 -0.005397666869936015
42 5 0.0008251063408914561
43 5 0.009968104397893324
44 5 -0.01165996698628782
0 6 -0.001205946647448559
1 6 0.009489454725989117
2 6 0.0008579908050547892
3 6 -0.01682069777684816
4 6 -0.0007463204115482977
5 6 0.02960265412132089
6 6 0.0006828664287246602
7 6 -0.05763379895081443
8 6 -0.0006386134991058399
9 6 0.1427833863971925
10 6 0.0006038264524937727
11 6 -0.7492418583720668
12 6 1.802201636154345
13 6 -2.340019251920525
14 6 1.87137526884399
15 6 -0.8072043314755486
16 6 -0.0005198207973084877
17 6 0.1662994957707425
18 6 0.0004923799493832155
19 6 -0.07314647929335004
20 6 -0.0004630245554075775
21 6 0.04158369676166696
22 6 0.0004305010868296025
23 6 -0.02701747920754993
24 6 -0.0003934021845505665
25 6 0.01906735438631576
26 6 0.0003500283940746313
27 6 -0.01424543655607668
28 6 -0.0002982075257856989
29 6 0.01110688162027156
30 6 0.0002350257497961523
31 6 -0.00896725375177943
32 6 -0.0001563883260523331
33 6 0.007474736239712898
34 6 5.624104362983388e-05
35 6 -0.006446835378732922
36 6 7.493699730110327e-05
37 6 0.005811417268047172
38 6 -0.0002533887148334005
39 6 -0.005622146126104457
40 6 0.0005102333945055135
41 6 0.006281671138974111
42 6 -0.0009169343297456421
43 6 -0.01140805782193337
44 6 0.0132461680458671
0 7 0.00133221007252164
1 7 -0.007186455804046856
2 7 -0.0009500281983868534
3 7 0.01202885201543103
4 7 0.000828451984228403
5 7 -0.01946459126387141
6 7 -0.0007600732581953317
7 7 0.03309487192017213
8 7 0.0007129155187840109
9 7 -0.06327327868367782
10 7 -0.0006762566673177914
11 7 0.1550062480666426
12 7 0.0006451378454801366
13 7 -0.8072043314737527
14 7 1.935874938204067
15 7 -2.507165421192027
16 7 2.000589140525426
17 7 -0.8612494635034769
18 7 -0.0005608487455165902
19 7 0.1768534728097684
20 7 0.0005304878315094093
21 7 -0.07758613406788224
22 7 -0.0004966467756366662
23 7 0.04401703525006136
24 7 0.0004577285563518488
25 7 -0.02855499756809113
26 7 -0.0004117902947898177
27 7 0.02013483563871816
28 7 0.0003563326838897654
29 7 -0.01504412852064069
30 7 -0.0002879854467208495
31 7 0.01174937349402659
32 7 0.0002019933329819845
33 7 -0.009530034441665627
34 7 -9.130640098961381e-05
35 7 0.008026801768926858
36 7 -5.517678188929645e-05
37 7 -0.007079349987751509
38 7 0.0002563914168987834
39 7 0.006705297989564389
40 7 -0.0005485499914927477
41 7 -0.007336610239296873
42 7 0.001014531433768863
43 7 0.01306988593952495
44 7 -0.01504541606910496
0 8 -0.001470543036195726
1 8 0.005650833892525907
2 8 0.001051217815830433
3 8 -0.009072021576118704
4 8 -0.0009190917958809814
5 8 0.01386183542098329
6 8 0.0008456248104478162
7 8 -0.02167018317605902
8 8 -0.0007956100992518768
9 8 0.03618145660584964
10 8 0.0007572518822393822
11 8 -0.06840249707688024
12 8 -0.0007250982385457994
13 8 0.1662994957694368
14 8 0.0006960440539172852
15 8 -0.8612494635043478
16 8 2.060884823919146
17 8 -2.663863764584637
18 8 2.121959611205932
19 8 -0.9120830425206565
20 8 -0.0006083538427849396
21 8 0.1868014084362581
22 8 0.0005736645103790177
23 8 -0.08177847094808305
24 8 -0.0005333924943052663
25 8 0.04632080430120167
26 8 0.0004853210670403989
27 8 -0.03001821741550931
28 8 -0.0004265774450370898
29 8 0.02116205762513289
30 8 0.0003532630519749452
31 8 -0.01583061584060779
32 8 -0.0002598487559581866
33 8 0.01241137203004105
34 8 0.0001381056701282058
35 8 -0.01015977677935597
36 8 2.495473090153255e-05
37 8 0.008734627800554793
38 8 -0.0002515011581884062
39 8 -0.008074123118348412
40 8 0.00058387695066606
41 8 0.008624589778335507
42 8 -0.001118684162387062
43 8 -0.01502512943044083
44 8 0.0171211581181754
0 9 0.001624248478849204
1 9 -0.00457266006058445
2 9 -0.001164023906233705
3 9 0.007111251900448783
4 9 0.001020498194474599
5 9 -0.01042136295698152
6 9 -0.0009417093789084759
7 9 0.01538314915795191
8 9 0.0008888768920584791
9 9 -0.02361469095162216
10 9 -0.000849021046957521
11 9 0.03898727897326433
12 9 0.0008161493657318043
13 9 -0.07314647929231217
14 9 -0.0007868512363237243
15 9 0.1768534728112977
16 9 0.0007588180237060746
17 9 -0.9120830425212503
18 9 2.178719257880853
19 9 -2.81185406281592
20 9 2.236767323283448
21 9 -0.9602218818338567
22 9 -0.0006644436377912479
23 9 0.1962419876774704
24 9 0.0006234680893780788
25 9 -0.08576691885046588
26 9 -0.0005738945206523272
27 9 0.04852235267472411
28 9 0.0005124229531785705
29 9 -0.03142989437013501
30 9 -0.0004345405984491271
31 9 0.02217364322254682
32 9 0.0003338050581727596
33 9 -0.01663857302886986
34 9 -0.0002005775966605227
35 9 0.0131485561446937
36 9 1.958767216836746e-05
37 9 -0.0109648726838178
38 9 0.0002352767687769162
39 9 0.009852006634951973
40 9 -0.0006138738294252383
41 9 -0.01023474915757758
42 9 0.001229628026764152
43 9 0.0173700147432508
44 9 -0.01955466327053039
0 10 -0.001797403453112071
1 10 0.003785747247591327
2 10 0.001291498541818619
3 10 -0.005741211463975938
4 10 -0.001135478239119454
5 10 0.008149563641654724
6 10 0.001051057299858648
7 10 -0.01153686196019602
8 10 -0.0009954465308808851
9 10 0.01672163985086943
10 10 0.0009543436422827042
11 10 -0.02538125329453187
12 10 -0.0009211568254005395
13 10 0.04158369676236772
14 10 0.0008921407571360391
15 10 -0.07758613407181711
16 10 -0.0008647619472678815
17 10 0.1868014084393842
18 10 0.0008370021791201753
19 10 -0.9602218818366302
20 10 2.290480856758474
21 10 -2.952439982935845
22 10 2.345980635900216
23 10 -1.006059075809117
24 10 -0.0007320042452519533
25 10 0.2052523015976146
26 10 0.0006818667283049947
27 10 -0.08958777724164031
28 10 -0.0006185560311082824
29 10 0.05064795186647789
30 10 0.0005368445613006649
31 10 -0.0328169743554539
32 10 -0.000429207349410152
33 10 0.02320626885537767
34 10 0.000284306322562449
35 10 -0.01752947591124653
36 10 -8.407993954955657e-05
37 10 0.01408254822590309
38 10 -0.0002024641554874942
39 10 -0.01223389940644885
40 10 0.0006345595371857905
41 10 0.01230085340702622
42 10 -0.0013466828121013
43 10 -0.02023979804433585
44 10 0.02245452454078746
0 11 0.001995290848527002
1 11 -0.003194369037739739
2 11 -0.001437602855803439
3 11 0.004745975142518642
4 11 0.001267681459929263
5 11 -0.006568706134125454
6 11 -0.0011772252161747
7 11 0.009006137084156944
8 11 0.001118883728442285
9 11 -0.01251757615137225
10 11 -0.001076857012669279
11 11 0.01793791517976409
12 11 0.001043881134946611
13 11 -0.02701747920816046
14 11 -0.001015841546612662
15 11 0.04401703525444184
16 11 0.0009899621603146362
17 11 -0.08177847095138158
18 11 -0.0009640320039679436
19 11 0.1962419876802312
20 11 0.0009359941517649142
21 11 -1.00605907580853
22 11 2.397012097396665
23 11 -3.086626927403736
24 11 2.450354217574538
25 11 -1.049903689557017
26 11 -0.0008151774093831142
27 11 0.2138965316489225
28 11 0.0007514332216890327
29 11 -0.09327572105490355
30 11 -0.0006671857386639971
31 11 0.05272898701711503
32 11 0.0005536253736682902
33 11 -0.03422059574483075
34 11 -0.0003973544639802689
35 11 0.02432885815284758
36 11 0.0001768641174373137
37 11 -0.01864111909215832
38 11 0.0001449639209227597
39 11 0.01554409578674372
40 11 -0.0006392760704243668
41 11 -0.01503289823701204
42 11 0.001467472778335809
43 11 0.02383240849885432
44 11 -0.0259710013416113
0 12 -0.002225043995293149
1 12 0.002740390524634037
2 12 0.001607688160601823
3 12 -0.004001992910131715
4 12 -0.001422041187153897
5 12 0.005425543947739509
6 12 0.001325024465992189
7 12 -0.007251930730174531
8 12 -0.001264015231019147
9 12 0.009760535542460298
10 12 0.001221492072498512
11 12 -0.01341079797919931
12 12 -0.001189427873763041
13 12 0.0190673543871926
14 12 0.00116329809736757
15 12 -0.02855499757346674
16 12 -0.001140066099761915
17 12 0.04632080430534943
18 12 0.001117321188855328
19 12 -0.08576691885380584
20 12 -0.001092817595809982
21 12 0.2052523015969299
22 12 0.001064154427387292
23 12 -1.049903689557014
24 12 2.498971520984384
25 12 -3.215207355456585
26 12 2.550491891814518
27 12 -1.092007090414882
28 12 -0.000920170689277079
29 12 0.2222334585023571
30 12 0.0008355785296401059
31 12 -0.09687098315736793
32 12 -0.0007180307106970383
33 12 0.05481339579496057
34 12 0.0005516281917267089
35 12 -0.0357194252101996
36 12 -0.0003105705916847097
37 12 0.02569925838804225
38 12 -5.005356312194785e-05
39 12 -0.02035612715161311
40 12 0.0006168154427324886
41 12 0.01877781717801483
42 12 -0.001586380112176749
43 12 -0.02845003268862706
44 12 0.03031913989159339
0 13 0.002496689038547773
1 13 -0.002387237341472077
2 13 -0.001809274602441401
3 13 0.003434885021243505
4 13 0.001605489356437198
5 13 -0.004576078281568549
6 13 -0.001501215405165818
7 13 0.005989767080824207
8 13 0.001437623856212711
9 13 -0.007857403854987418
10 13 -0.001395180286191384
11 13 0.01045204246413139
12 13 0.001364978425224217
13 13 -0.01424543655733163
14 13 -0.001342035300935554
15 13 0.02013483564520672
16 13 0.001323037034827039
17 13 -0.03001821742033744
18 13 -0.001305373322190556
19 13 0.04852235267864598
20 13 0.001286618392060281
21 13 -0.08958777724042898
22 13 -0.001264166162989681
23 13 0.2138965316484261
24 13 0.001234885475572572
25 13 -1.09200709041428
26 13 2.596881508576828
27 13 -3.338814875218492
28 13 2.646889320130252
29 13 -1.132582956057911
30 13 -0.001056730714187392
31 13 0.2303259712069412
32 13 0.0009387682353656712
33 13 -0.1004330677954559
34 13 -0.0007651960118075122
35 13 0.05699328939904705
36 13 0.0005048481453843159
37 13 -0.03749691936209176
38 13 -0.0001027799859834501
39 13 0.02776529482675562
40 13 -0.0005479398532618198
41 13 -0.02414504142636034
42 13 0.001691392871390829
43 13 0.03457710223384365
44 13 -0.03581812122322884
0 14 -0.002824945583697886
1 14 0.002111639034157039
2 14 0.002053396145995551
3 14 -0.002998589301584231
4 14 -0.001828190995513847
5 14 0.0039345695778387
6 14 0.001715706186879033
7 14 -0.005059112705167429
8 14 -0.001649646309232419
9 14 0.006496771025540525
10 14 0.001608073195723571
11 14 -0.008420153381303204
12 14 -0.001581049706113968
13 14 0.01110688162199585
14 14 0.001563076013710847
15 14 -0.01504412852891209
16 14 -0.001550548204704055
17 14 0.02116205763078893
18 14 0.00154066986966026
19 14 -0.031429894374237
20 14 -0.001530865472869283
21 14 0.05064795186433498
22 14 0.001518364102017227
23 14 -0.09327572105331045
24 14 -0.001499799209218928
25 14 0.2222334585004396
26 14 0.001470714011402284
27 14 -1.13258295605652
28 14 2.691157558656954
29 14 -3.45795724147447
30 14 2.739965767340766
31 14 -1.171826978419334
32 14 -0.001241012092276835
33 14 0.2382588144280806
34 14 0.00106640749093111
35 14 -0.1040745843567234
36 14 -0.0007913075494276686
37 14 0.05948650901377487
38 14 0.0003477391403245241
39 14 -0.04008544719434549
40 14 0.0003986168899447514
41 14 0.03229095079441262
42 14 -0.001757462279710824
43 14 -0.04303760128824801
44 14 0.04296202787716511
0 15 0.003232558412289632
1 15 -0.001899374883686076
2 15 -0.002357088183798755
3 15 0.002664897398006875
4 15 0.002105826307509509
5 15 -0.003449289680275708
6 15 -0.001983767453532088
7 15 0.004366054092737651
8 15 0.001915384422039915
9 15 -0.005504943430445206
10 15 -0.001875791716466534
11 15 0.006980841218286857
12 15 0.001853815180912641
13 15 -0.008967253753426259
14 15 -0.001843365756002318
15 15 0.01174937350482274
16 15 0.001840545103291951
17 15 -0.01583061584806183
18 15 -0.001842408825433025
19 15 0.02217364322732158
20 15 0.001846301119709401
21 15 -0.03281697435216963
22 15 -0.001849381167899651
23 15 0.05272898701439512
24 15 0.001848161786967123
25 15 -0.09687098315375528
26 15 -0.001837927626780055
27 15 0.2303259712037702
28 15 0.001811873263356601
29 15 -1.171826978417619
30 15 2.782122481245812
31 15 -3.573030583881835
32 15 2.830092301559267
33 15 -1.209946050846959
34 15 -0.001501627081816172
35 15 0.2461825476680627
36 15 0.001222980496074763
37 15 -0.10806351081233
38 15 -0.0007443282916494462
39 15 0.0629403572671675
40 15 -0.0001061014049538712
41 15 -0.04564368918320144
42 15 0.001731692028246639
43 15 0.05534231138688767
44 15 -0.0525556014679948
0 16 -0.00375698777813623
1 16 0.001743506180253664
2 16 0.002748380331792964
3 16 -0.002418604371833501
4 16 -0.002464168221149089
5 16 0.003091023411318955
6 16 0.002330471522186723
7 16 -0.00385685006345285
8 16 -0.002259933630044036
9 16 0.004783747747469018
10 16 0.002223926280218895
11 16 -0.005951714883511599
12 16 -0.002209743005648595
13 16 0.007474736242162119
14 16 0.002210611454260602
15 16 -0.009530034455717625
16 16 -0.00222235092368403
17 16 0.01241137204144982
18 16 0.002241952367514085
19 16 -0.01663857303556671
20 16 -0.002266821992351245
21 16 0.023206268849837
22 16 0.002294247606173973
23 16 -0.0342205957403923
24 16 -0.002320877123488248
25 16 0.05481339578930255
26 16 0.002342048856440431
27 16 -0.1004330677898551
28 16 -0.002350773150189339
29 16 0.2382588144241312
30 16 0.002336027255299889
31 16 -1.20994605084488
32 16 2.870001617588229
33 16 -3.684305891659978
34 16 2.917626773204377
35 16 -1.247223805450133
36 16 -0.001893734022921537
37 16 0.2544494999469554
38 16 0.001401883390430594
39 16 -0.113215589421475
40 16 -0.0004518442589852839
41 16 0.0700714719895138
42 16 -0.001497801533444497
43 16 -0.07455027609233099
44 16 0.06599628963526051
0 17 0.004465334327001867
1 17 -0.001644961947326936
2 17 -0.003277428976771931
3 17 0.002256893140054713
4 17 0.002949283014493008
5 17 -0.002849395688312989
6 17 -0.00280057769865274
7 17 0.00350732745845652
8 17 0.00272803615786507
9 17 -0.004284096820945085
10 17 -0.002698039485148583
11 17 0.005237850174582166
12 17 0.002695893246313578
13 17 -0.006446835395271742
14 17 -0.002714009107408834
15 17 0.008026801788050889
16 17 0.002747967259379556
17 17 -0.01015977679420041
18 17 -0.002794862801618608
19 17 0.01314855615661905
20 17 0.00285244588559941
21 17 -0.01752947590630278
22 17 -0.002918534921635435
23 17 0.02432885814626127
24 17 0.002990454151321209
25 17 -0.03571942520194471
26 17 -0.003064303439415124
27 17 0.05699328939094649
28 17 0.003133812193251004
29 17 -0.1040745843501855
30 17 -0.003188343411713366
31 17 0.2461825476637558
32 17 0.003209174225000377
33 17 -1.247223805448121
34 17 2.954877758798155
35 17 -3.791845521939998
36 17 3.002981993215599
37 17 -1.28422337579798
38 17 -0.002536397640186067
39 17 0.26415504147148
40 17 0.001531742513098228
41 17 -0.1230991544357468
42 17 0.0007820823859988332
43 17 0.1077754624222875
44 17 -0.08592400707597685
0 18 -0.005492804406474576
1 18 0.001617392131332481
2 18 0.004045195465985258
3 18 -0.002194905469982567
4 18 -0.003653793466107856
5 18 0.002737959746328143
6 18 0.003483967096426664
7 18 -0.003325536575262927
8 18 -0.003409413550566381
9 18 0.004002136077234963
10 18 0.003389359110976349
11 18 -0.004812056466452176
12 18 -0.003406338262914244
13 18 0.005811417257090449
14 18 0.003451732208362793
15 18 -0.007079350052442566
16 18 -0.003520985261452567
17 18 0.008734627819146613
18 18 0.003611637392736082
19 18 -0.0109648727001694
20 18 -0.003722351508662779
21 18 0.01408254822194174
22 18 0.003852305704775618
23 18 -0.01864111908740729
24 18 -0.004000657400931146
25 18 0.02569925837721389
26 18 0.004165858783901124
27 18 -0.03749691935127997
28 18 -0.00434453510311366
29 18 0.05948650900559429
30 18 0.004529398901721107
31 18 -0.108063510806167
32 18 -0.004705083632807331
33 18 0.2544494999435262
34 18 0.004839310764670216
35 18 -1.284223375796857
36 18 3.036518398600233
37 18 -3.895161875126668
38 18 3.086827120158252
39 18 -1.322635511540423
40 18 -0.003731160240671611
41 18 0.280346779424531
42 18 0.001131486725607292
43 18 -0.1754125256119413
44 18 0.117945310088319
0 19 0.007165663922539037
1 19 -0.001705542558956744
2 19 -0.005295077880987738
3 19 0.002289357800470683
4 19 0.004800753488450812
5 19 -0.002821633144144994
6 19 -0.004596825201833617
7 19 0.003381902561028875
8 19 0.004519567349820246
9 19 -0.0040102788154441
10 19 -0.004516661282558608
11 19 0.00474282643096937
12 19 0.004566280683430306
13 19 -0.005622146122926336
14 19 -0.00465834546178416
15 19 0.006705297998065784
16 19 0.004788390306627813
17 19 -0.008074123239371312
18 19 -0.004955132134903568
19 19 0.009852006656670883
20 19 0.005159385347086559
21 19 -0.01223389939595717
22 19 -0.005403534003873991
23 19 0.01554409579034167
24 19 0.005691224135346415
25 19 -0.02035612714439492
26 19 -0.006027060096474474
27 19 0.02776529481534845
28 19 0.006416043196278706
29 19 -0.04008544718543853
30 19 -0.00686224660141599
31 19 0.06294035726225393
32 19 0.007365541898422498
33 19 -0.1132155894190653
34 19 -0.007913334618370682
35 19 0.264155041472123
36 19 0.008458811692098722
37 19 -1.322635511542708
38 19 3.113639626766596
39 19 -3.991528941481784
40 19 3.170958829814876
41 19 -1.370766733229803
42 19 -0.006454914556202798
43 19 0.36164480898566
44 19 -0.176275273085835
0 20 -0.01057082490129781
1 20 0.002073766525179119
2 20 0.007837245069140786
3 20 -0.002754289929996257
4 20 -0.007131896677669456
5 20 0.003355122661923629
6 20 0.006857242806089492
7 20 -0.003969333270189705
8 20 -0.006773393107510864
9 20 0.004638986573233629
10 20 0.006804623133010577
11 20 -0.005397666903236171
12 20 -0.006920402283016701
13 20 0.006281670916708436
14 20 0.007107952796622066
15 20 -0.007336610306300556
16 20 -0.007363425966553087
17 20 0.008624589710707613
18 20 0.007688608822860741
19 20 -0.01023474938447589
20 20 -0.00808975426885177
21 20 0.01230085336863703
22 20 0.008577457250960555
23 20 -0.01503289825587999
24 20 -0.009167228743875735
25 20 0.01877781720192572
26 20 0.009880709830362983
27 20 -0.02414504143380241
28 20 -0.01074761649169333
29 20 0.03229095080158406
30 20 0.01180857296677853
31 20 -0.04564368919287048
32 20 -0.01311886940659818
33 20 0.07007147200294908
34 20 0.01475230859981463
35 20 -0.1230991544521379
36 20 -0.01680030995030351
37 20 0.2803467794439409
38 20 0.01934345824020344
39 20 -1.370766733248422
40 20 3.179279197023046
41 20 -4.062270637077545
42 20 3.264734987302087
43 20 -1.542794784066865
44 20 0.3101790298728297
0 21 0.02426168124268173
1 21 -0.004060559824212677
2 21 -0.01804285042883843
3 21 0.005343719196027804
4 21 0.01647550337915512
5 21 -0.006443049882393627
6 21 -0.0159024272356965
7 21 0.007535521695276676
8 21 0.01577685390438428
9 21 -0.008693598643700182
10 21 -0.01592858680502037
11 21 0.009968104472179292
12 21 0.01629185068203847
13 21 -0.01140805806559303
14 21 -0.01684288691561593
15 21 0.01306988557717448
16 21 0.01758037246129538
17 21 -0.01502512920111653
18 21 -0.01851881842662756
19 21 0.01737001435461952
20 21 0.0196873552467688
21 21 -0.02023979820642732
22 21 -0.02113180273957731
23 21 0.02383240857481506
24 21 0.02291989574033053
25 21 -0.02845003280632009
26 21 -0.02515080933206941
27 21 0.03457710238461904
28 21 0.02797175126117791
29 21 -0.04303760142848615
30 21 -0.03160741845495689
31 21 0.05534231151403315
32 21 0.03641474295681887
33 21 -0.07455027621409568
34 21 -0.04299142650490121
35 21 0.1077754625433078
36 21 0.05241011074251707
37 21 -0.175412525736416
38 21 -0.06678335885893874
39 21 0.3616448091150751
40 21 0.09085357158066178
41 21 -1.542794784181783
42 21 3.141104895142855
43 21 -3.621049920341981
44 21 2.405805733634402
