648
0 0 0.5002085479249134
1 0 -0.7977263457024149
2 0 0.706968423948242
3 0 -0.325939287494932
4 0 0.0001098551024510268
5 0 0.07307766809222294
6 0 -8.89285532928917e-05
7 0 -0.03399211765688574
8 0 7.003806937466977e-05
9 0 0.02017709925161528
10 0 -5.108995495668807e-05
11 0 -0.01360446899649757
12 0 3.08725391181273e-05
13 0 0.009936051774636469
14 0 -8.428621900117046e-06
15 0 -0.00767348707075297
16 0 -1.718763131369077e-05
17 0 0.00618070858634451
18 0 4.705903577520142e-05
19 0 -0.005148575510640223
20 0 -8.254986925757031e-05
21 0 0.004411923573584354
22 0 0.0001255032826438527
23 0 -0.003876515900807895
24 0 -0.0001785683389578215
25 0 0.003486635343296367
26 0 0.0002458150652598982
27 0 -0.003210107754145549
28 0 -0.0003340392537270554
29 0 0.003032849146522615
30 0 0.0004559783099337964
31 0 -0.002963842640059992
32 0 -0.0006401733283331406
33 0 0.003077166086704934
34 0 0.0009749816422942897
35 0 -0.004037265611395773
0 1 -0.0002802600105019218
1 1 -0.3259392874949318
2 1 0.8662132957433355
3 1 -1.196562539679837
4 1 0.9998488162345714
5 1 -0.4463436532409426
6 1 0.0001245996991337955
7 1 0.09671153818236812
8 1 -0.0001007593801993611
9 1 -0.04420228311346729
10 1 7.687284080828775e-05
11 1 0.02597016666055054
12 1 -5.131974291078598e-05
13 1 -0.01740242164063949
14 1 2.281172565559496e-05
15 1 0.01266527031391448
16 1 9.93355980770392e-06
17 1 -0.009766756400890053
18 1 -4.83934283426793e-05
19 1 0.007869033837240731
20 1 9.443798341928809e-05
21 1 -0.006568210057932611
22 1 -0.0001506017714268748
23 1 0.00565044265119236
24 1 0.000220534112206506
25 1 -0.004995530834036594
26 1 -0.0003098449398197224
27 1 0.004535131600254227
28 1 0.0004278957117117858
29 1 -0.004235682432447276
30 1 -0.0005922040771492504
31 1 0.004100363262127565
32 1 0.0008419244905704456
33 1 -0.004223214499448565
34 1 -0.001297899555740236
35 1 0.005495650013667643
0 2 0.0003441206288523608
1 2 0.07307766809222184
2 2 -0.0002330725283986497
3 2 -0.4463436532409421
4 2 1.118223928092377
5 2 -1.495662928088261
6 2 1.224585691805682
7 2 -0.539058862632535
8 2 0.0001318085166001946
9 2 0.1147414482374868
10 2 -0.0001044290849384953
11 2 -0.05189625903462463
12 2 7.506098107503603e-05
13 2 0.03029557105677982
14 2 -4.211853699300656e-05
15 2 -0.02022524203411374
16 2 4.010730408044145e-06
17 2 0.01469518225584917
18 2 4.110854437136784e-05
19 2 -0.01133380708603075
20 2 -9.558940266766971e-05
21 2 0.009149375255134195
22 2 0.000162629895892898
23 2 -0.007666843525832237
24 2 -0.000246846746147426
25 2 0.006637245431065072
26 2 0.0003553459883427511
27 2 -0.005924213771449739
28 2 -0.0004999850242441011
29 2 0.005457660652755204
30 2 0.0007029227708926145
31 2 -0.005224885071100448
32 2 -0.001013566147992206
33 2 0.005331961847935448
34 2 0.001583898154650387
35 2 -0.006874979712398218
0 3 -0.0004086934344058401
1 3 -0.03399211765688016
2 3 0.0002795895981905789
3 3 0.09671153818236097
4 3 -0.0002306581946764605
5 3 -0.5390588626325269
6 3 1.323072024605859
7 3 -1.744883381426535
8 3 1.414047419390525
9 3 -0.6176359250259343
10 3 0.0001359797935539295
11 3 0.130061257376154
12 3 -0.0001035387493550364
13 3 -0.0584326831856354
14 3 6.693154690800943e-05
15 3 0.03397504754298672
16 3 -2.424673916050355e-05
17 3 -0.02263821370330322
18 3 -2.675164534514634e-05
19 3 0.01644742399516276
20 3 8.892898981359404e-05
21 3 -0.01270814423750295
22 3 -0.000166204429496779
23 3 0.01029858314286307
24 3 0.0002642561294399189
25 3 -0.008685044006213095
26 3 -0.0003918428045603137
27 3 0.0075924732861345
28 3 0.0005635895061092556
29 3 -0.006879450676820277
30 3 -0.0008068044558925595
31 3 0.006499318578863552
32 3 0.001182236246324384
33 3 -0.006561325758967241
34 3 -0.001876105468494663
35 3 0.00837253538713016
0 4 0.000477372337136572
1 4 0.02017709925160754
2 4 -0.000329805799503284
3 4 -0.04420228311345777
4 4 0.0002753405077641726
5 4 0.1147414482374766
6 4 -0.0002379365392179457
7 4 -0.617635925025933
8 4 1.500205344480145
9 4 -1.962915730368551
10 4 1.58096589636245
11 4 -0.6871677004278646
12 4 0.0001379846255274079
13 4 0.1436897188404808
14 4 -9.828619430925488e-05
15 4 -0.06427574093139966
16 4 5.157887932877602e-05
17 4 0.0372885771486736
18 4 4.804712940348785e-06
19 4 -0.02483730149607193
20 4 -7.430956928205648e-05
21 4 0.01807357128239488
22 4 0.0001616773742139165
23 4 -0.0140169225407035
24 4 -0.0002738112410779889
25 4 0.01143203931860762
26 4 0.0004213946055154151
27 4 -0.009737375239506756
28 4 -0.0006222960410516087
29 4 0.008644695047268612
30 4 0.0009098762591459128
31 4 -0.00803702487139117
32 4 -0.001358202916581596
33 4 0.008010575330741104
34 4 0.002193506430749548
35 4 -0.01010076150717331
0 5 -0.0005524342995403322
1 5 -0.01360446899648867
2 5 0.0003854050836370443
3 5 0.02597016666054016
4 5 -0.0003255151043685855
5 5 -0.05189625903461433
6 5 0.0002853480001454727
7 5 0.1300612573761552
8 5 -0.0002508554988681516
9 5 -0.6871677004278676
10 5 1.658529125850116
11 5 -2.159100551308196
12 5 1.731870961029472
13 5 -0.7502609269334786
14 5 0.0001376409901601338
15 5 0.156138139226233
16 5 -8.746878499190652e-05
17 5 -0.06965818369479551
18 5 2.617520783035661e-05
19 5 0.04038064409246477
20 5 5.035135559773882e-05
21 5 -0.02692997932107349
22 5 -0.0001478140397425133
23 5 0.0196650595764768
24 5 0.0002745680616238518
25 5 -0.01534771651825264
26 5 -0.0004436055584165747
27 5 0.01264433998332523
28 5 0.00067672108957978
29 5 -0.01094158719177826
30 5 -0.001014642682283777
31 5 0.009973245436145001
32 5 0.001547672425144732
33 5 -0.009788344155009536
34 5 -0.002550634855310822
35 5 0.01217287648058158
0 6 0.000635972682860224
1 6 0.009936051774645677
2 6 -0.0004480136740601804
3 6 -0.01740242164065282
4 6 0.0003827359899245849
5 6 0.03029557105680152
6 6 -0.0003401749647808231
7 6 -0.05843268318568003
8 6 0.0003043098674418928
9 6 0.143689718840536
10 6 -0.0002690973764806144
11 6 -0.7502609269335405
12 6 1.80300660566525
13 6 -2.338879234422326
14 6 1.870641718859833
15 6 -0.8084762901400834
16 6 0.0001340415486540558
17 6 0.1677174383118168
18 6 -6.845912101607619e-05
19 6 -0.07472814711553089
20 6 -1.465942725858346e-05
21 6 0.04335167855777762
22 6 0.0001221564000109684
23 6 -0.02900119799037946
24 6 -0.0002641371932363446
25 6 0.0213066879941704
26 6 0.0004564185460819177
27 6 -0.01679797777544167
28 6 -0.0007256579244073649
29 6 0.01406469698963756
30 6 0.001121789840874023
31 6 -0.0125045995248553
32 6 -0.001755487760006651
33 6 0.01204240649166329
34 6 0.002962443938450343
35 6 -0.0147337505668813
0 7 -0.0007302933952834646
1 7 -0.007673487070766805
2 7 0.0005194789006843824
3 7 0.01266527031393559
4 7 -0.0004488225549613394
5 7 -0.02022524203414411
6 7 0.0004043126227850962
7 7 0.03397504754304985
8 7 -0.000367736221995787
9 7 -0.0642757409314777
10 7 0.0003322406876625444
11 7 0.1561381392263164
12 7 -0.000293774125249587
13 7 -0.8084762901400949
14 7 1.936740641279382
15 7 -2.505739322248912
16 7 1.999805732066286
17 7 -0.8628476332264249
18 7 0.0001253309799822149
19 7 0.1786463850322356
20 7 -3.636648881722407e-05
21 7 -0.07960270747961139
22 7 -8.082701378113704e-05
23 7 0.04629498256056718
24 7 0.000238487171840759
25 7 -0.03114538187719486
26 7 -0.0004559376193433158
27 7 0.02311105560601952
28 7 0.0007659729912908662
29 7 -0.01852235796065107
30 7 -0.001230296825361795
31 7 0.01594611039456524
32 7 0.001985827115109318
33 7 -0.01499497261452567
34 7 -0.003446728569813881
35 7 0.01798986391755615
0 8 0.0008382125348912308
1 8 0.006180708586372915
2 8 -0.0006020956459907069
3 8 -0.009766756400930993
4 8 0.0005260726444220285
5 8 0.01469518225590428
6 8 -0.0004801936027538902
7 8 -0.0226382137034026
8 8 0.0004437806402417085
9 8 0.03728857714880556
10 8 -0.000409086185419663
11 8 -0.06965818369493754
12 8 0.000371534422324442
13 8 0.1677174383118665
14 8 -0.0003273005382291801
15 8 -0.8628476332264695
16 8 2.061825114719773
17 8 -2.66206247159467
18 8 2.121118862158959
19 8 -0.9141164967003034
20 8 0.00010799740735568
21 8 0.1891042128147103
22 8 1.797504386117105e-05
23 8 -0.08439929812873882
24 8 -0.0001912872273977781
25 8 0.04932566753572507
26 8 0.0004356654525647411
27 8 -0.03350181689033713
28 8 -0.0007917762804212856
29 8 0.0252731514162746
30 8 0.001336692461633669
31 8 -0.0208424274265173
32 8 -0.002242039274494528
33 8 0.01900381383650783
34 8 0.004026216424931033
35 8 -0.02225539122135898
0 9 -0.000963406273147234
1 9 -0.005148575510683163
2 9 0.0006988861779051631
3 9 0.007869033837302572
4 9 -0.0006175392092310168
5 9 -0.01133380708611816
6 9 0.0005710792218650622
7 9 0.0164474239953019
8 9 -0.00053602432003033
9 9 -0.02483730149624795
10 9 0.0005036337580198208
11 9 0.04038064409268009
12 9 -0.0004687687641373238
13 9 -0.07472814711563237
14 9 0.0004271213682276893
15 9 0.1786463850323202
16 9 -0.0003740424298176336
17 9 -0.9141164967003348
18 9 2.179753155331325
19 9 -2.809542715702887
20 9 2.235859979274054
21 9 -0.9628592620148212
22 9 7.523418524460284e-05
23 9 0.1992687974397125
24 9 0.0001126658182148715
25 9 -0.08926954150533691
26 9 -0.0003849965396430224
27 9 0.05262487084387255
28 9 0.0007926649413610774
29 9 -0.03632635964043208
30 9 -0.001433236909738352
31 9 0.0282160083690881
32 9 0.002525511775079947
33 9 -0.02468442742938998
34 9 -0.00473097486250655
35 9 0.02803595549114578
0 10 0.001110936874614878
1 10 0.00441192357363807
2 10 -0.0008140289866987099
3 10 -0.006568210058009465
4 10 0.000727461735462436
5 10 0.009149375255243196
6 10 -0.0006815209068543541
7 10 -0.01270814423768427
8 10 0.0006494940703917494
9 10 0.01807357128261407
10 10 -0.000621536377912215
11 10 -0.02692997932133608
12 10 0.00059191745176978
13 10 0.04335167855791531
14 10 -0.0005558409133058553
15 10 -0.07960270747971375
16 10 0.0005080797658320678
17 10 0.1891042128147274
18 10 -0.0004419459289102947
19 10 -0.9628592620147827
20 10 2.291635899384
21 10 -2.949405167549613
22 10 2.344995481069312
23 10 -1.009574857131969
24 10 1.30269999459507e-05
25 10 0.2093637818762902
26 10 0.0002864148761148361
27 10 -0.09446062057239188
28 10 -0.0007503043372356919
29 10 0.05654116314238788
30 10 0.001504092435257088
31 10 -0.04019593881184858
32 10 -0.002832611615696179
33 10 0.033181362559237
34 10 0.005601305833725803
35 10 -0.03619599112151761
0 11 -0.001288155629811512
1 11 -0.003876515900872915
2 11 0.0009535984518109446
3 11 0.005650442651282773
4 11 -0.0008620133437228124
5 11 -0.007666843525961036
6 11 0.0008181618295815124
7 11 0.0102985831430962
8 11 -0.0007915516024842427
9 11 -0.01401692254100395
10 11 0.0007711108053419884
11 11 0.01966505957679402
12 11 -0.0007505136564775099
13 11 -0.02900119799053877
14 11 0.0007245161982523485
15 11 0.04629498256070306
16 11 -0.0006873649054782282
17 11 -0.08439929812870677
18 11 0.0006315590144327342
19 11 0.1992687974395785
20 11 -0.0005463127532464479
21 11 -1.009574857131865
22 11 2.398330878103633
23 11 -3.082510546089839
24 11 2.449278371431242
25 11 -1.054775824868784
26 11 -0.0001101417588450761
27 11 0.2197506748760731
28 11 0.0006316156603321051
29 11 -0.1004674125769579
30 11 -0.001517153073755856
31 11 0.06189434143652989
32 11 0.003146985585313754
33 11 -0.04684835792518396
34 11 -0.00669043106399898
35 11 0.04832563858422917
0 12 0.001506417432513501
1 12 0.00348663534337086
2 12 -0.001126968961211835
3 12 -0.004995530834155269
4 12 0.001030717957614037
5 12 0.00663724543121224
6 12 -0.0009912558353275362
7 12 -0.008685044006487383
8 12 0.0009735762841923106
9 12 0.01143203931899608
10 12 -0.0009652474811194979
11 12 -0.0153477165187035
12 12 0.0009593967218681496
13 12 0.02130668799431923
14 12 -0.0009504670905379032
15 12 -0.03114538187733192
16 12 0.000932363370653353
17 12 0.04932566753573758
18 12 -0.0008969752426809646
19 12 -0.08926954150509846
20 12 0.0008322794507600707
21 12 0.20936378187604
22 12 -0.0007192320599170388
23 12 -1.054775824868629
24 12 2.500526043696464
25 12 -3.209360114594785
26 12 2.549313066147585
27 12 -1.099147057304715
28 12 -0.0003744016278187747
29 12 0.2311713371046812
30 12 0.001405606243342721
31 12 -0.1085136695956859
32 12 -0.003419567869697967
33 12 0.07125300370959534
34 12 0.008062788874107638
35 12 -0.06764204295447197
0 13 -0.001784712950923357
1 13 -0.003210107754233905
2 13 0.001349783538210607
3 13 0.004535131600363593
4 13 -0.001249439604871161
5 13 -0.005924213771699563
6 13 0.001217862994166585
7 13 0.007592473286458766
8 13 -0.001214495196404209
9 13 -0.009737375239921501
10 13 0.001225405114216248
11 13 0.01264433998399563
12 13 -0.001243328080972359
13 13 -0.01679797777574994
14 13 0.001262719311113611
15 13 0.02311105560615169
16 13 -0.001277608769872373
17 13 -0.03350181689021919
18 13 0.001279876795508418
19 13 0.05262487084363661
20 13 -0.001256967524472967
21 13 -0.09446062057194414
22 13 0.001187996327782363
23 13 0.2197506748757048
24 13 -0.00103629121533231
25 13 -1.099147057304493
26 13 2.598810040188199
27 13 -3.329927829633542
28 13 2.645605710103909
29 13 -1.143966424498564
30 13 -0.001022677079348583
31 13 0.245570874664479
32 13 0.003512597727041177
33 13 -0.1226752669585782
34 13 -0.009768258277458891
35 13 0.1015722675627415
0 14 0.002158550725750289
1 14 0.003032849146622594
2 14 -0.001651195534814954
3 14 -0.004235682432589667
4 14 0.001547654351104699
5 14 0.005457660652869065
6 14 -0.001529599052727105
7 14 -0.006879450677606772
8 14 0.001549314136829216
9 14 0.008644695047823179
10 14 -0.001591227934255282
11 14 -0.01094158719237545
12 14 0.001648060497769115
13 14 0.01406469699017469
14 14 -0.001715006412875434
15 14 -0.01852235796116761
16 14 0.001787304973414642
17 14 0.02527315141606997
18 14 -0.001858343088233195
19 14 -0.036326359639865
20 14 0.001917087560244906
21 14 0.05654116314181325
22 14 -0.001943491022151769
23 14 -0.1004674125762991
24 14 0.001899169028777878
25 14 0.231171337104162
26 14 -0.001706751782943282
27 14 -1.143966424498277
28 14 2.693782035961521
29 14 -3.442953738602573
30 14 2.73862931658776
31 14 -1.19265740669084
32 14 -0.003023069582145156
33 14 0.2700643609627688
34 14 0.01169473352994803
35 14 -0.1710456941518139
0 15 -0.002706828530356214
1 15 -0.002963842640151261
2 15 0.002095721812347869
3 15 0.004100363262146665
4 15 -0.001990332404218156
5 15 -0.005224885071221274
6 15 0.00199587953909542
7 15 0.006499318578883709
8 15 -0.002054612778449816
9 15 -0.008037024873329825
10 15 0.002149168942264203
11 15 0.009973245436918752
12 15 -0.002273131663850523
13 15 -0.01250459952465042
14 15 0.002424097244936522
15 15 0.01594611039540397
16 15 -0.002601081438997443
17 15 -0.02084242742668302
18 15 0.002802790965813723
19 15 0.02821600836845407
20 15 -0.003025361948091034
21 15 -0.04019593881133111
22 15 0.003257983835853167
23 15 0.06189434143598689
24 15 -0.003473022784693871
25 15 -0.1085136695950129
26 15 0.003601639835103819
27 15 0.2455708746640434
28 15 -0.003467617321256307
29 15 -1.192657406690705
30 15 2.786465431074051
31 15 -3.542676320062624
32 15 2.829040150086461
33 15 -1.2594916763762
34 15 -0.01271466944722969
35 15 0.3597174731682287
0 16 0.003669313930715253
1 16 0.003077166086697414
2 16 -0.002878544598969256
3 16 -0.004223214499466083
4 16 0.002773099819613827
5 16 0.005331961847199915
6 16 -0.002824686026277129
7 16 -0.006561325759255329
8 16 0.00295867135291407
9 16 0.008010575329357637
10 16 -0.003155614392303857
11 16 -0.009788344159796986
12 16 0.003412247358711462
13 16 0.01204240649015858
14 16 -0.003732951981774266
15 16 -0.01499497261479481
16 16 0.004127523225000185
17 16 0.01900381383817003
18 16 -0.004610902023168661
19 16 -0.02468442742957811
20 16 0.005203644996640309
21 16 0.03318136255852864
22 16 -0.005932243673598647
23 16 -0.04684835792519937
24 16 0.006827171947724177
25 16 0.07125300370958924
26 16 -0.007911287126321333
27 16 -0.1226752669584704
28 16 0.009149925376311164
29 16 0.270064360962965
30 16 -0.01023498517537284
31 16 -1.25949167637652
32 16 2.881772355752647
33 16 -3.594473350003737
34 16 2.919481704084997
35 16 -1.491291886550532
0 17 -0.006749490496869067
1 17 -0.004037265610772185
2 17 0.005379734584693261
3 17 0.005495650012847105
4 17 -0.005272003739342182
5 17 -0.006874979711888683
6 17 0.005470735943628085
7 17 0.008372535384061228
8 17 -0.00584835453998621
9 17 -0.01010076150346705
10 17 0.00638077859863195
11 17 0.01217287647119388
12 17 -0.007078313297504707
13 17 -0.01473375056753903
14 17 0.007973157195854501
15 17 0.0179898639159622
16 17 -0.009120477062074788
17 17 -0.02225539122158211
18 17 0.01060715839342636
19 17 0.02803595549578919
20 17 -0.01257014403704083
21 17 -0.03619599112775307
22 17 0.01523217855186193
23 17 0.04832563858996888
24 17 -0.01897436107977489
25 17 -0.06764204296032444
26 17 0.02449559622126133
27 17 0.1015722675683474
28 17 -0.03320430665844658
29 17 -0.1710456941570183
30 17 0.04834200951064792
31 17 0.3597174731732248
32 17 -0.07903973692893242
33 17 -1.491291886555153
34 17 3.120015533522699
35 17 -2.709736427039807
