1176
0 0 0.4995601345163755
1 0 -0.7979163706867046
2 0 0.7074160634025231
3 0 -0.3256955112281706
4 0 -0.0002657506351707687
5 0 0.07279189979605476
6 0 0.0002400784511773798
7 0 -0.03366812576783743
8 0 -0.0002215713767100685
9 0 0.01981594360105721
10 0 0.0002066509295579982
11 0 -0.01320582392809614
12 0 -0.0001936812170393618
13 0 0.009498658975530296
14 0 0.0001817570721946102
15 0 -0.007195302551398325
16 0 -0.0001702996861759381
17 0 0.00565889136727089
18 0 0.0001588892562992067
19 0 -0.004579347571510119
20 0 -0.000147183510867776
21 0 0.003790268982230671
22 0 0.0001348714611170778
23 0 -0.003195614231473181
24 0 -0.0001216420780483651
25 0 0.002736776846459914
26 0 0.0001071580971159632
27 0 -0.00237645473685598
28 0 -9.102877536160292e-05
29 0 0.002090209993675674
30 0 7.277592011710942e-05
31 0 -0.001861853864674046
32 0 -5.178566369265592e-05
33 0 0.00168090982172743
34 0 2.723338648246428e-05
35 0 -0.001541376311819019
36 0 2.042337690524983e-06
37 0 0.001441583595224263
38 0 -3.77678157763886e-05
39 0 -0.001385579006855759
40 0 8.268382256432233e-05
41 0 0.001388061767910498
42 0 -0.000141533135436106
43 0 -0.001491441003652514
44 0 0.0002235743864336313
45 0 0.001846640739715692
46 0 -0.0003505512184831248
47 0 -0.003673042589654985
48 0 0.004440568830619801
0 1 0.0005644944178539562
1 1 -0.3256955112281698
2 1 0.8656278867378991
3 1 -1.196875981772147
4 1 1.000342119097506
5 1 -0.4459753433404272
6 1 -0.0003096027272725432
7 1 0.09629291991812117
8 1 0.0002862640227254011
9 1 -0.04373442145227072
10 1 -0.0002675181401661025
11 1 0.02545231432271
12 1 0.0002512685937077286
13 1 -0.0168325876774237
14 1 -0.0002363542345283902
15 1 0.01204039547384012
16 1 0.0002220310528182238
17 1 -0.009082682479337106
18 1 -0.0002077576280000152
19 1 0.007120302551502367
20 1 0.0001930905338442298
21 1 -0.005747646456811712
22 1 -0.0001776247806714813
23 1 0.004748381155990885
24 1 0.0001609532521531134
25 1 -0.003998344068475213
26 1 -0.0001426325358136724
27 1 0.003422207737848892
28 1 0.0001221471552073734
29 1 -0.002972386372789258
30 1 -9.886479358984173e-05
31 1 0.002618098793151752
32 1 7.197263766595202e-05
33 1 -0.00233950903278671
34 1 -4.037829204322135e-05
35 1 0.0021247195575394
36 1 2.543560087646374e-06
37 1 -0.001968788818947589
38 1 4.381593188371925e-05
39 1 0.001875064289766676
40 1 -0.0001023220657812634
41 1 -0.001861323229347979
42 1 0.0001792314374955966
43 1 0.001981819328988653
44 1 -0.0002867334749636207
45 1 -0.0024324860803662
46 1 0.0004533940879433389
47 1 0.004802340652461819
48 1 -0.005788412437264356
0 2 -0.0006622985520587146
1 2 0.07279189979605159
2 2 0.0004671288503389932
3 2 -0.4459753433404247
4 2 1.117631282197141
5 2 -1.496096794913128
6 2 1.225109957896821
7 2 -0.5385644320830572
8 2 -0.0003382154380643292
9 2 0.114187320951963
10 2 0.000316723482618649
11 2 -0.0512811277761297
12 2 -0.000298154642350085
13 2 0.02961660380543831
14 2 0.0002811473646424573
15 2 -0.01947826881720102
16 2 -0.0002648274469607973
17 2 0.01387463600114982
18 2 0.0002485565634095758
19 2 -0.01043245689297922
20 2 -0.0002318094830127196
21 2 0.008157794043412532
22 2 0.0002141039117256333
23 2 -0.00657243363013436
24 2 -0.0001949524145132749
25 2 0.005422402121775654
26 2 0.0001738215932792614
27 2 -0.004562572456229329
28 2 -0.0001500890548129891
29 2 0.003905386530651847
30 2 0.0001229893123738041
31 2 -0.003396038917450668
32 2 -9.153676325153456e-05
33 2 0.002999766471855437
34 2 5.440580789170135e-05
35 2 -0.002695303046815634
36 2 -9.729961688992496e-06
37 2 0.002472095780015643
38 2 -4.526070188996757e-05
39 2 -0.002330976817530966
40 2 0.000114952229480738
41 2 0.002290943591626119
42 2 -0.0002069078888837285
43 2 -0.002415122742904169
44 2 0.0003358318064547732
45 2 0.002936068564550488
46 2 -0.0005361040580254313
47 2 -0.005748930092453489
48 2 0.006906053803400203
0 3 0.0007519114063123898
1 3 -0.03366812576783387
2 3 -0.0005312060951035136
3 3 0.09629291991811864
4 3 0.0004587487236530538
5 3 -0.5385644320830579
6 3 1.322458983937148
7 3 -1.745448398950776
8 3 1.414600341297539
9 3 -0.6170008248551739
10 3 -0.0003629855056260939
11 3 0.129354045151548
12 3 0.0003425076860653715
13 3 -0.05764950899993748
14 3 -0.0003238008830762695
15 3 0.03311042679680999
16 3 0.0003058713742580309
17 3 -0.02168492741222662
18 3 -0.0002879910712658418
19 3 0.01539617268377488
20 3 0.0002695580214495724
21 3 -0.01154688240364744
22 3 -0.0002500163878946119
23 3 0.009011320654724774
24 3 0.0002288012388027366
25 3 -0.00724960931740497
26 3 -0.0002052912614584935
27 3 0.005975973171272146
28 3 0.0001787585364110825
29 3 -0.005027777934010108
30 3 -0.0001483051121096372
31 3 0.004307546079201937
32 3 0.0001127725460039435
33 3 -0.003755098041328047
34 3 -7.06011534857218e-05
35 3 0.003333602964017485
36 3 1.959435788678037e-05
37 3 -0.003023066941305992
38 3 4.350587132130018e-05
39 3 0.002819317701752738
40 3 -0.0001238523440523263
41 3 -0.002740820700263243
42 3 0.0002303149474861873
43 3 0.00285808228456438
44 3 -0.0003801000318696389
45 3 -0.003438113874103575
46 3 0.0006133385897475146
47 3 0.006670616144266241
48 3 -0.007982927453382527
0 4 -0.000839742821508292
1 4 0.01981594360107574
2 4 0.0005942700933403587
3 4 -0.04373442145229681
4 4 -0.0005141454878099778
5 4 0.1141873209519977
6 4 0.0004678974124482485
7 4 -0.6170008248552141
8 4 1.499564760868827
9 4 -1.963631833121845
10 4 1.581548218050239
11 4 -0.6863676480069224
12 4 -0.0003872408735952978
13 4 0.1428006163701666
14 4 0.0003670746388712707
15 4 -0.06329050602711887
16 4 -0.0003477784463575081
17 4 0.03619798873165458
18 4 0.0003285356288376694
19 4 -0.02362955262068263
20 4 -0.0003086677216506257
21 4 0.01673344023298226
22 4 0.0002875446214151987
23 4 -0.01252430565773769
24 4 -0.000264522131880717
25 4 0.009759243883452283
26 4 0.0002388879657798836
27 4 -0.007843669403483657
28 4 -0.0002098039170255014
29 4 0.006463784547021241
30 4 0.0001762324779734501
31 4 -0.005441832707180705
32 4 -0.0001368319999868652
33 4 0.004672282674238646
34 4 8.979355293239194e-05
35 4 -0.004091554864360501
36 4 -3.256819403148058e-05
37 4 0.003663644087053528
38 4 -3.862379982860475e-05
39 4 -0.003375376180799091
40 4 0.0001297539928929822
41 4 0.003242219366611113
42 4 -0.0002510841686396814
43 4 -0.003340651564826888
44 4 0.0004224757969777328
45 4 0.003972005537811978
46 4 -0.0006901286293279149
47 4 -0.007628224962139735
48 4 0.009089888875635721
0 5 0.0009291449682318758
1 5 -0.01320582392801096
2 5 -0.0006587050170498649
3 5 0.02545231432260122
4 5 0.0005709724578207556
5 5 -0.0512811277760049
6 5 -0.0005206673866621331
7 5 0.1293540451514024
8 5 0.0004853832134030565
9 5 -0.6863676480067042
10 5 1.657854764257094
11 5 -2.159997548023899
12 5 1.732484791819427
13 5 -0.7492603388449015
14 5 -0.000412539159182605
15 5 0.1550249094660514
16 5 0.0003920660062320083
17 5 -0.06842062215774988
18 5 -0.0003716577312949453
19 5 0.03900384092013516
20 5 0.0003505570931950655
21 5 -0.02539476721045046
22 5 -0.0003280566643475828
23 5 0.01794620997825185
24 5 0.0003034287334744913
25 5 -0.01341065348558086
26 5 -0.0002758640711284802
27 5 0.01043858936170033
28 5 0.0002444057677435552
29 5 -0.008385834426316215
30 5 -0.0002078648290995137
31 5 0.006913508062484248
32 5 0.0001646993461834148
33 5 -0.00583087960969567
34 5 -0.0001128265158396425
35 5 0.005026560431933681
36 5 4.93086364694268e-05
37 5 -0.0044367734313946
38 5 3.021060641421544e-05
39 5 0.004032513062379423
40 5 -0.0001326086299024299
41 5 -0.003822260016271274
42 5 0.000269684233175762
43 5 0.003886458486348439
44 5 -0.0004642213481823352
45 5 -0.004561461452347738
46 5 0.0007690683524970467
47 5 0.008660665953093056
48 5 -0.01027004105819374
0 6 -0.001022418460067438
1 6 0.009498658975308823
2 6 0.000726165866754727
3 6 -0.01683258767713919
4 6 -0.0006306885605845016
5 6 0.02961660380510601
6 6 0.0005763379051208497
7 6 -0.05764950899955502
8 6 -0.0005385040467935866
9 6 0.1428006163696738
10 6 0.0005089647866247243
11 6 -0.749260338844626
12 6 1.802291678936967
13 6 -2.339999877480254
14 6 1.871290088077644
15 6 -0.8072240960061384
16 6 -0.0004399196096785371
17 6 0.1663189214379237
18 6 0.0004185323883567249
19 6 -0.0731645017042034
20 6 -0.000396393175827675
21 6 0.04159875148193465
22 6 0.0003727126412905809
23 6 -0.0270272474150892
24 6 -0.0003466736069066712
25 6 0.01906835630382228
26 6 0.0003173618164758964
27 6 -0.0142323565391194
28 6 -0.0002836904124753709
29 6 0.01107139604023271
30 6 0.0002443030335968116
31 6 -0.008895878054434024
32 6 -0.0001974347707131563
33 6 0.007344576289609241
34 6 0.0001406958304545124
35 6 -0.006216365582802127
36 6 -7.071069919223023e-05
37 6 0.005397621316152182
38 6 -1.752884458993228e-05
39 6 -0.004831284928637015
40 6 0.0001319252134836944
41 6 0.004511967598226081
42 6 -0.0002860178906722029
43 6 -0.004520662683844929
44 6 0.0005058896086309486
45 6 0.005229595490692869
46 6 -0.0008518595592087641
47 6 -0.009802108725296584
48 6 0.01155913030258832
0 7 0.001121498738182954
1 7 -0.00719530255270284
2 7 -0.0007980614940980476
3 7 0.01204039547554724
4 7 0.0006945516150703801
5 7 -0.01947826881925025
6 7 -0.0006360944520444696
7 7 0.03311042679918931
8 7 0.0005957482791377983
9 7 -0.06329050602977197
10 7 -0.0005645161072497428
11 7 0.1550249094693694
12 7 0.0005382831832379232
13 7 -0.8072240960102349
14 7 1.935976912219063
15 7 -2.50714504035244
16 7 2.000492466697801
17 7 -0.8612697342384883
18 7 -0.0004703002571494176
19 7 0.1768725470338278
20 7 0.0004473341411015131
21 7 -0.07760238409614614
22 7 -0.0004226914208532457
23 7 0.04402801001224744
24 7 0.0003954581818991529
25 7 -0.02855696906291731
26 7 -0.0003646052968558884
27 7 0.02012204241379109
28 7 0.000328902199174897
29 7 -0.01500745656938714
30 7 -0.0002868055497340411
31 7 0.01167392544121085
32 7 0.0002362990593196182
33 7 -0.009390320308525008
34 7 -0.0001746441952836268
35 7 0.007776280757022203
36 7 9.796479122400619e-05
37 7 -0.006624473859147974
38 7 -5.040059654583706e-07
39 7 0.005826840065181477
40 7 -0.0001268222158035127
41 7 -0.005351693056223354
42 7 0.0002995589695417391
43 7 0.005274358499648678
44 7 -0.0005475914102007224
45 7 -0.006003176679722711
46 7 0.0009398062303418983
47 7 0.01108890008946663
48 7 -0.01299323938849389
0 8 -0.00122827653079853
1 8 0.005658891368295551
2 8 0.0008757817878255159
3 8 -0.009082682480675248
4 8 -0.0007638154616014699
5 8 0.01387463600275133
6 8 0.0007011317864187961
7 8 -0.02168492741407863
8 8 -0.0006582849606838379
9 8 0.03619798873369467
10 8 0.0006254474940919895
11 8 -0.06842062216039567
12 8 -0.0005981267724155035
13 8 0.1663189214412683
14 8 0.0005738239525696518
15 8 -0.8612697342370204
16 8 2.061001894101517
17 8 -2.663843356636454
18 8 2.121848548824464
19 8 -0.9121024971125644
20 8 -0.000504662828012462
21 8 0.1868182378967348
22 8 0.0004793203435309996
23 8 -0.08179011081938134
24 8 -0.0004511588433925697
25 8 0.04632329319358843
26 8 0.0004190229588576397
27 8 -0.03000535096544981
28 8 -0.0003815222870269812
29 8 0.02112390595656426
30 8 0.0003369031522634015
31 8 -0.01575078028455581
32 8 -0.0002828635264996845
33 8 0.0122615397193105
34 8 0.0002162647956284258
35 8 -0.009887849266786746
36 8 -0.0001326519141782354
37 8 0.00823520534092002
38 8 2.539653444030405e-05
39 8 -0.00709894940157565
40 8 0.0001159660394334915
41 8 0.00639760154007192
42 8 -0.0003093328337494603
43 8 -0.006189084988163026
44 8 0.0005890375925591319
45 8 0.006916217024761063
46 8 -0.001033981125904316
47 8 -0.01256419723209256
48 8 0.0146133077724469
0 9 0.001344801657410096
1 9 -0.004579347568446277
2 9 -0.0009608440976191404
3 9 0.007120302547500786
4 9 0.0008398589242789823
5 9 -0.01043245688820033
6 9 -0.0007727738064272149
7 9 0.01539617267823084
8 9 0.0007274198624502763
9 9 -0.0236295526142662
10 9 -0.0006930683885240627
11 9 0.03900384091326709
12 9 0.0006648181234402044
13 9 -0.07316450169683759
14 9 -0.000639943940678131
15 9 0.1768725470195648
16 9 0.0006166779219409375
17 9 -0.9121024970983702
18 9 2.178855769986114
19 9 -2.811835302157605
20 9 2.23663787246665
21 9 -0.9602382554430715
22 9 -0.0005441852284242796
23 9 0.1962533198856107
24 9 0.0005154394880229222
25 9 -0.085769035172248
26 9 -0.0004823635108993113
27 9 0.04850861400845692
28 9 0.0004433887351254339
29 9 -0.03138953174638787
30 9 -0.000396523992327782
31 9 0.02208866033522605
32 9 0.0003391406976232048
33 9 -0.01647757141718126
34 9 -0.0002676379265824157
35 9 0.01285322862266804
36 9 0.0001768851647505519
37 9 -0.01041634074958756
38 9 -5.922887482452494e-05
39 9 0.008768522662443138
40 9 -9.743114131956703e-05
41 9 -0.007731588711955679
42 9 0.000313786063891476
43 9 0.007323154314500364
44 9 -0.0006294693271773666
45 9 -0.008014409329946025
46 9 0.001135257800067187
47 9 0.01428268689247525
48 9 -0.01646911592762157
0 10 -0.001473460524366932
1 10 0.003790268980626247
2 10 0.001055022688284719
3 10 -0.005747646454725587
4 10 -0.0009243017008843686
5 10 0.008157794040937175
6 10 0.0008525831837356077
7 10 -0.01154688240079505
8 10 -0.0008047020596605209
9 10 0.01673344022964001
10 10 0.0007689404935074596
11 10 -0.02539476720714576
12 10 -0.0007399506463882397
13 10 0.04159875147869021
14 10 0.0007147617223364687
15 10 -0.07760238408574407
16 10 -0.0006914468606950268
17 10 0.1868182378872619
18 10 0.0006685674709735679
19 10 -0.9602382554506956
20 10 2.290642950895378
21 10 -2.952425753265852
22 10 2.345827133484019
23 10 -1.006068446082609
24 10 -0.0005903818979798399
25 10 0.2052524521744264
26 10 0.0005568350311320439
27 10 -0.08957165036024498
28 10 -0.0005168460891786486
29 10 0.05060392224821447
30 10 0.0004681555668088825
31 10 -0.03272534789448234
32 10 -0.000407760619257381
33 10 0.0230322641871377
34 10 0.0003315234244675151
35 10 -0.01720780451062697
36 10 -0.0002335195622738055
37 10 0.01347885552814669
38 10 0.0001048778703277068
39 10 -0.01102732410580061
40 10 6.846069419676688e-05
41 10 0.009478105837951528
42 10 -0.000310556968523451
43 10 -0.008761734916571139
44 10 0.000667446959648573
45 10 0.009361736467515593
46 10 -0.001244264116339248
47 10 -0.01631675873510052
48 10 0.0186239523361485
0 11 0.001617175357797359
1 11 -0.003195614230483018
2 11 -0.001160495631202212
3 11 0.004748381154714525
4 11 0.00101913737058054
5 11 -0.006572433628639006
6 11 -0.0009424887074099526
7 11 0.009011320653038574
8 11 0.0008920492965968906
9 11 -0.01252430565575359
10 11 -0.000855003424993455
11 11 0.01794620997654199
12 11 0.0008255102474009695
13 11 -0.02702724741374584
14 11 -0.000800330134870901
15 11 0.04402801000307744
16 11 0.0007773643590802346
17 11 -0.08179011081169295
18 11 -0.0007550458136143862
19 11 0.1962533198979376
20 11 0.0007320346928510804
21 11 -1.006068446086642
22 11 2.397208726352608
23 11 -3.086622262142006
24 11 2.450168401540901
25 11 -1.04989913831652
26 11 -0.0006452928146772617
27 11 0.2138753132040435
28 11 0.0006049510468782099
29 11 -0.09322534589719973
30 11 -0.0005550716157582574
31 11 0.05262796328969121
32 11 0.0004922227625881432
33 11 -0.03403042790740778
34 11 -0.0004116414452538875
35 11 0.02397636471093224
36 11 0.0003064650125433865
37 11 -0.01797401576618297
38 11 -0.0001663642248943005
39 11 0.01419527939662338
40 11 -2.509223619733139e-05
41 11 -0.01183464290308449
42 11 0.0002960810838016537
43 11 0.01063415505535658
44 11 -0.0007005067518992314
45 11 -0.01105109487639351
46 11 0.001361142951560814
47 11 0.01876573681676233
48 11 -0.02116102861271424
0 12 -0.001779668156505927
1 12 0.002736776847695516
2 12 0.001280040508754626
3 12 -0.003998344070127476
4 12 -0.001126911625601471
5 12 0.005422402123772571
6 12 0.001044956937438366
7 12 -0.007249609319773758
8 12 -0.0009919179973396776
9 12 0.009759243886137917
10 12 0.0009537461673990412
11 12 -0.01341065348930134
12 12 -0.0009240506094779553
13 12 0.01906835630861454
14 12 0.0008992952166205144
15 12 -0.02855696905954315
16 12 -0.0008771948826912223
17 12 0.04632329319307012
18 12 0.0008560457916237581
19 12 -0.08576903519579705
20 12 -0.0008343898552860177
21 12 0.2052524521894933
22 12 0.0008108111623326855
23 12 -1.049899138328317
24 12 2.49921621866552
25 12 -3.215221231806743
26 12 2.550261267279814
27 12 -1.091976079606283
28 12 -0.0007117719091344837
29 12 0.2221719618504824
30 12 0.0006616657266683529
31 12 -0.09675561369657662
32 12 -0.0005972705017188952
33 12 0.05460157745388844
34 12 0.0005130952315442526
35 12 -0.03532900858415371
36 12 -0.0004011647624345974
37 12 0.02495700023420239
38 12 0.0002493919741297907
39 12 -0.01883955195892546
40 12 -3.844332687635018e-05
41 12 0.01513061897829312
42 12 -0.0002649543057570112
43 12 -0.01314531584459557
44 12 0.0007245291162778338
45 12 0.01322258008551863
46 12 -0.001485168097129754
47 12 -0.02177048149570409
48 12 0.0241929270537502
0 13 0.001965844989792746
1 13 -0.002376454737911671
2 13 -0.001417319999194138
3 13 0.003422207739239151
4 13 0.001250982953736341
5 13 -0.004562572458029602
6 13 -0.001163243838381989
7 13 0.005975973173321499
8 13 0.001107553056628893
9 13 -0.007843669405768239
10 13 -0.001068459556064715
11 13 0.01043858936528156
12 13 0.001038951890113958
13 13 -0.01423235654388146
14 13 -0.001015164302479873
15 13 0.02012204240875973
16 13 0.0009946092182377771
17 13 -0.03000535096366289
18 13 -0.0009754386171713548
19 13 0.0485086140346914
20 13 0.000956072879359281
21 13 -0.0895716503759113
22 13 -0.0009349739728642621
23 13 0.2138753132153524
24 13 0.0009104708040987599
25 13 -1.091976079603357
26 13 2.597195623345848
27 13 -3.338863812159197
28 13 2.646594152446831
29 13 -1.132501885707232
30 13 -0.0007939587249473586
31 13 0.2301873857356448
32 13 0.0007294648518059245
33 13 -0.1001899004213394
34 13 -0.0006430248955189258
35 13 0.05655314587771974
36 13 0.000525344114670381
37 13 -0.03666182110262664
38 13 -0.0003622059050419431
39 13 0.02604552963752092
40 13 0.0001306937736613116
41 13 -0.0199497573516489
42 13 0.0002088603715285449
43 13 0.01663637797001067
44 13 -0.0007326668059100582
45 13 -0.01609654332758639
46 13 0.00161390282293264
47 13 0.02553797708597601
48 13 -0.02787638359089989
0 14 -0.002182393789042171
1 14 0.002090209994869092
2 14 0.001577326410456247
3 14 -0.002972386374382644
4 14 -0.00139592865628109
5 14 0.003905386532520618
6 14 0.001301786917488048
7 14 -0.005027777936713634
8 14 -0.001243377293112042
9 14 0.006463784549673663
10 14 0.001203630090374744
11 14 -0.008385834430263377
12 14 -0.001174824372897804
13 14 0.01107139604605285
14 14 0.001152724472321027
15 14 -0.01500745656382959
16 14 -0.001134622717619738
17 14 0.02112390595462576
18 14 0.001118521204891642
19 14 -0.03138953177720603
20 14 -0.001102719726753578
21 14 0.05060392226632823
22 14 0.001085562312325562
23 14 -0.0932253459095503
24 14 -0.001065239562036571
25 14 0.2221719618457281
26 14 0.001039591567471861
27 14 -1.132501885705746
28 14 2.691576535053549
29 14 -3.458072967367611
30 14 2.739573187023399
31 14 -1.171649090275296
32 14 -0.0008980949760400588
33 14 0.23796671749669
34 14 0.0008116528843836507
35 14 -0.1035640837607385
36 14 -0.0006902203489097401
37 14 0.05853009801285573
38 14 0.0005169970187000933
39 14 -0.0381104517216059
40 14 -0.0002646105594941667
41 14 0.02740850924314704
42 14 -0.0001147350756635063
43 14 -0.02171078527418281
44 14 0.0007134008430863931
45 14 0.02003725819328784
46 14 -0.001741608527070083
47 14 -0.0303847857249551
48 14 0.03243637031055691
0 15 0.002438766085900882
1 15 -0.001861853865938674
2 15 -0.001767111699098164
3 15 0.002618098794732406
4 15 0.001568211541234813
5 15 -0.003396038919460392
6 15 -0.001466849002124031
7 15 0.004307546081202816
8 15 0.001405630638770057
9 15 -0.005441832711351371
10 15 -0.001365586037640304
11 15 0.006913508067042141
12 15 0.001338170407113039
13 15 -0.008895878060611965
14 15 -0.001318728386330376
15 15 0.01167392543469207
16 15 0.001304313154987339
17 15 -0.01575078028284004
18 15 -0.001292774897102048
19 15 0.02208866037217855
20 15 0.001282301259772354
21 15 -0.03272534791549408
22 15 -0.001271133375271708
23 15 0.05262796330309952
24 15 0.001257341986318854
25 15 -0.09675561368869787
26 15 -0.001238600616411471
27 15 0.2301873857313502
28 15 0.00121190525807535
29 15 -1.171649090272366
30 15 2.782709000863784
31 15 -3.573277664855032
32 15 2.829543805016404
33 15 -1.209572064814325
34 15 -0.001034019994490729
35 15 0.2455636373002232
36 15 0.0009125310991386148
37 15 -0.1069363426173405
38 15 -0.0007322910582941164
39 15 0.06062784204252669
40 15 0.000460363957215302
41 15 -0.0398684239363984
42 15 -3.850331484363605e-05
43 15 0.02952074833264696
44 15 -0.0006469455511151334
45 15 -0.02568462917950309
46 15 0.001855973906325605
47 15 0.03681871486600789
48 15 -0.03820726469295049
0 16 -0.002748883292532864
1 16 0.001680909822970647
2 16 0.001997055853741327
3 16 -0.002339509034487758
4 16 -0.001777337819511949
5 16 0.002999766473148046
6 16 0.001667635791072681
7 16 -0.003755098043505036
8 16 -0.001603479074030408
9 16 0.004672282675312495
10 16 0.001563617585460816
11 16 -0.005830879619055961
12 16 -0.001538531089596602
13 16 0.007344576296825273
14 16 0.001523081275206143
15 16 -0.009390320299997163
16 16 -0.001514061883786417
17 16 0.01226153971923272
18 16 0.001509175872533037
19 16 -0.01647757146332091
20 16 -0.001506520258732687
21 16 0.02303226421114817
22 16 0.001504267374858998
23 16 -0.03403042792147835
24 16 -0.00150041181534922
25 16 0.0546015774413084
26 16 0.001492510456472372
27 16 -0.1001899004123955
28 16 -0.001477355504467328
29 16 0.2379667174889077
30 16 0.001450506960757744
31 16 -1.209572064809465
32 16 2.870875754192468
33 16 -3.684826402875581
34 16 2.916808952606686
35 16 -1.246421894614023
36 16 -0.001218093430955936
37 16 0.2530581426070939
38 16 0.001037194569843634
39 16 -0.110422621064092
40 16 -0.0007504438643575371
41 16 0.06307594483645476
42 16 0.0002860457425297653
43 16 -0.04249956970207487
44 16 0.0004982555461860327
45 16 0.03425256288999438
46 16 -0.001931243875217296
47 16 -0.045703583364025
48 16 0.04570697945772317
0 17 0.00313430150174534
1 17 -0.001541376312977115
2 17 -0.002283218519143139
3 17 0.002124719559195706
4 17 0.002038002829698427
5 17 -0.002695303049160539
6 17 -0.001918365611394225
7 17 0.003333602962267834
8 17 0.001851067020664337
9 17 -0.004091554865999873
10 17 -0.001812048335712684
11 17 0.005026560431540834
12 17 0.001790604854424866
13 17 -0.006216365604438281
14 17 -0.001781031678856999
15 17 0.007776280745806594
16 17 0.001779841816700978
17 17 -0.009887849267417072
18 17 -0.001784607619635018
19 17 0.01285322868508719
20 17 0.001793379751003855
21 17 -0.0172078045434284
22 17 -0.001804329370694258
23 17 0.0239763647264231
24 17 0.001815464111972737
25 17 -0.03532900856532526
26 17 -0.001824333584448164
27 17 0.05655314586328004
28 17 0.001827652626149033
29 17 -0.1035640837468594
30 17 -0.001820751456620525
31 17 0.2455636372895026
32 17 0.001796706814224593
33 17 -1.246421894608532
34 17 2.956295001951665
35 17 -3.792987904212046
36 17 3.001648410821885
37 17 -1.28237333021712
38 17 -0.001479373866700395
39 17 0.260602479086269
40 17 0.001189427049322454
41 17 -0.114304651346895
42 17 -0.0006891929667558757
43 17 0.06655925217997227
44 17 -0.0002026293631440402
45 17 -0.048289085866646
46 17 0.001912884115918906
47 17 0.05862289653148623
48 17 -0.05577923364020293
0 18 -0.003630573489879291
1 18 0.001441583596306564
2 18 0.002652064317227847
3 18 -0.001968788820217921
4 18 -0.002374400476433857
5 18 0.002472095782809239
6 18 0.002242423844635365
7 18 -0.003023066946077091
8 18 -0.002171634076185426
9 18 0.003663644071452013
10 18 0.002134386999676545
11 18 -0.004436773433995114
12 18 -0.002118489562974266
13 18 0.005397621310678055
14 18 0.00211755322170897
15 18 -0.006624473880991069
16 18 -0.002127787974265564
17 18 0.008235205342412795
18 18 0.002146673355691062
19 18 -0.0104163408346643
20 18 -0.002172298283564018
21 18 0.01347885557587076
22 18 0.002202960617234434
23 18 -0.01797401578912267
24 18 -0.002236853683504758
25 18 0.02495700020737361
26 18 0.002271741496680466
27 18 -0.0366618210810794
28 18 -0.002304537001961673
29 18 0.05853009799221193
30 18 0.002330671548311188
31 18 -0.1069363425996491
32 18 -0.002343070980401605
33 18 0.2530581425955558
34 18 0.002330395697952135
35 18 -1.28237333021172
36 18 3.039107406083352
37 18 -3.897926823785643
38 18 3.084348153447581
39 18 -1.317691532466966
40 18 -0.00187404016653192
41 18 0.2685646101063717
42 18 0.001360725243146286
43 18 -0.1194444710061001
44 18 -0.0003661521966954397
45 18 0.07394969901174103
46 18 -0.001680754539431372
47 18 -0.07878183173633527
48 18 0.06988915780598609
0 19 0.004301449318387498
1 19 -0.001385579007701701
2 19 -0.0031510059736454
3 19 0.001875064290753143
4 19 0.002829833911178634
5 19 -0.002330976817546607
6 19 -0.002681622787756269
7 19 0.00281931770994286
8 19 0.002606684905458457
9 19 -0.003375376194466772
10 19 -0.002572568104323348
11 19 0.004032512999244528
12 19 0.00256511593775424
13 19 -0.004831284930684641
14 19 -0.002577078420111435
15 19 0.005826840007296598
16 19 0.00260433815429669
17 19 -0.007098949503852738
18 19 -0.002644358097171444
19 19 0.008768522786516648
20 19 0.002695424410294786
21 19 -0.01102732417368177
22 19 -0.002756202441720843
23 19 0.014195279436726
24 19 0.002825403453313834
25 19 -0.01883955192596655
26 19 -0.002901447668939278
27 19 0.02604552960722048
28 19 0.00298202327136963
29 19 -0.03811045169077303
30 19 -0.00306340709338744
31 19 0.06062784201681515
32 19 0.003139317988845815
33 19 -0.1104226210453229
34 19 -0.003198863526461574
35 19 0.260602479075175
36 19 0.003222672093485843
37 19 -1.317691532462016
38 19 3.119323800093779
39 19 -3.999608231221603
40 19 3.165266035949781
41 19 -1.352944738535456
42 19 -0.002523722103876423
43 19 0.278099600853303
44 19 0.001473310350662254
45 19 -0.1296099345756039
46 19 0.0009515725887878563
47 19 0.113630961257125
48 19 -0.09080428278704328
0 20 -0.005275488300725652
1 20 0.001388061768190417
2 20 0.003875576617755627
3 20 -0.001861323229782386
4 20 -0.003491474089188174
5 20 0.002290943591348234
6 20 0.003320044500154911
7 20 -0.002740820693087951
8 20 -0.003239586535688762
9 20 0.003242219401009111
10 20 0.003210715019441711
11 20 -0.003822260069158216
12 20 -0.003216486299362109
13 20 0.004511967376053169
14 20 0.00324848490774109
15 20 -0.005351692999122846
16 20 -0.003302233562599275
17 20 0.006397601464610654
18 20 0.00337532886309033
19 20 -0.007731589118150637
20 20 -0.003466560775480122
21 20 0.009478105943395852
22 20 0.003575431019380863
23 20 -0.01183464297145364
24 20 -0.003701829311304039
25 20 0.01513061895398859
26 20 0.003845736563372272
27 20 -0.01994975731987473
28 20 -0.004006844578674063
29 20 0.02740850920487579
30 20 0.004183943722322791
31 20 -0.03986842390260824
32 20 -0.004373815055456334
33 20 0.06307594481321105
34 20 0.004569095531106213
35 20 -0.1143046513329688
36 20 -0.004753959765421082
37 20 0.2685646101002321
38 20 0.004894919684588616
39 20 -1.35294473853528
40 20 3.19664220505434
41 20 -4.097431615467038
42 20 3.245036874937389
43 20 -1.389898205842152
44 20 -0.003737443855680829
45 20 0.2945310526103054
46 20 0.001016788809265764
47 20 -0.1845195645450449
48 20 0.1244015430049571
0 21 0.006863121615415429
1 21 -0.001491441002640474
2 21 -0.005056281763354383
3 21 0.001981819327556093
4 21 0.004569466609839479
5 21 -0.002415122742376071
6 21 -0.004360188149225521
7 21 0.002858082278228183
8 21 0.004270892400556886
9 21 -0.003340651523765677
10 21 -0.004250946654525909
11 21 0.003886458635834405
12 21 0.004278942796272727
13 21 -0.004520662853867962
14 21 -0.004344677746658167
15 21 0.005274357717384959
16 21 0.00444324649633759
17 21 -0.006189084966613562
18 21 -0.004572689485538385
19 21 0.007323154425462058
20 21 0.004732941953361714
21 21 -0.008761735553414687
22 21 -0.004925338573597311
23 21 0.01063415515178858
24 21 0.005152379351764086
25 21 -0.01314531581863405
26 21 -0.00541761606497702
27 21 0.01663637797826329
28 21 0.005725561927378591
29 21 -0.02171078524978498
30 21 -0.0060815052874586
31 21 0.02952074830576217
32 21 0.006491003422241506
33 21 -0.04249956968723992
34 21 -0.006958553888101696
35 21 0.06655925217819469
36 21 0.007484222762327671
37 21 -0.1194444710126075
38 21 -0.008055066083659445
39 21 0.2780996008678753
40 21 0.008622483604120336
41 21 -1.389898205858426
42 21 3.269681261121405
43 21 -4.188446502237098
44 21 3.325473834820778
45 21 -1.437291320702429
46 21 -0.006519827081170958
47 21 0.3795261568008763
48 21 -0.1855802570457178
0 22 -0.01009907531723085
1 22 0.001846640737465584
2 22 0.00746092288375789
3 22 -0.002432486077358307
4 22 -0.006763256712411904
5 22 0.002936068560881784
6 22 0.006475455364128854
7 22 -0.003438113878600076
8 22 -0.006366860902759734
9 22 0.00397200550879382
10 22 0.006363945160289777
11 22 -0.004561461302269571
12 22 -0.006436272150622665
13 22 0.005229596041031773
14 22 0.006570116968837791
15 22 -0.006003177001717254
16 22 -0.006759894692135168
17 22 0.00691621514694745
18 22 0.007004846759259778
19 22 -0.008014409865938125
20 22 -0.007307699115054279
21 22 0.009361736189023589
22 22 0.007674229019278742
23 22 -0.01105109591918366
24 22 -0.008113362360236806
25 22 0.01322257995297963
26 22 0.008637683950328701
27 22 -0.01609654340066833
28 22 -0.009264370666819108
29 22 0.02003725827757955
30 22 0.01001664266254608
31 22 -0.02568462921210141
32 22 -0.01092589833135479
33 22 0.03425256292757718
34 22 0.01203473363705316
35 22 -0.04828908591227326
36 22 -0.01340090489672942
37 22 0.07394969906756955
38 22 0.01510138423591918
39 22 -0.1296099346382431
40 22 -0.01723150172044995
41 22 0.2945310526763389
42 22 0.01987545321697888
43 22 -1.437291320751709
44 22 3.331171093076404
45 22 -4.252930226533523
46 22 3.416256045599575
47 22 -1.615049757007662
48 22 0.3259762813612611
0 23 0.02312964294295493
1 23 -0.003673042585695667
2 23 -0.01713096651791909
3 23 0.004802340647145795
4 23 0.01557294308088136
5 23 -0.005748930085281836
6 23 -0.01495726962067515
7 23 0.006670616133716519
8 23 0.0147583543138421
9 23 -0.00762822499593317
10 23 -0.01481013672979267
11 23 0.008660665913635554
12 23 0.01504555915683023
13 23 -0.009802108110195152
14 23 -0.01543648484572008
15 23 0.01108890111639153
16 23 0.0159744085037761
17 23 -0.01256419946901838
18 23 -0.01666331451023172
19 23 0.0142826844247807
20 23 0.0175172497768947
21 23 -0.01631675750859934
22 23 -0.01856030771283599
23 23 0.01876573512728777
24 23 0.01982837398079607
25 23 -0.0217704821645336
26 23 -0.02137274479312374
27 23 0.02553797743038767
28 23 0.02326633539697832
29 23 -0.03038478613124967
30 23 -0.02561402498121027
31 23 0.03681871531923273
32 23 0.02857018221208533
33 23 -0.04570358375199172
34 23 -0.03236948937625387
35 23 0.05862289686224775
36 23 0.03738405327604834
37 23 -0.07878183203957444
38 23 -0.04423653016956124
39 23 0.1136309615530225
40 23 0.05404419164929017
41 23 -0.1845195648327284
42 23 -0.06900797075642534
43 23 0.3795261570555583
44 23 0.09407098645840579
45 23 -1.615049757192021
46 23 3.285040387591742
47 23 -3.780889297622156
48 23 2.508470390923506
