741
0 0 0.4993708641013127
1 0 -0.7979335996918085
2 0 0.7075487804493521
3 0 -0.3256740307941176
4 0 -0.000378994146511389
5 0 0.07276764880974614
6 0 0.0003411055764362838
7 0 -0.0336419582236093
8 0 -0.0003129596869851304
9 0 0.01978862338317541
10 0 0.0002893334940374264
11 0 -0.01317820800810756
12 0 -0.0002677506455413653
13 0 0.009471824309539325
14 0 0.0002467388698164841
15 0 -0.007170683193782054
16 0 -0.0002252374205939659
17 0 0.005638462372637306
18 0 0.0002023362504516026
19 0 -0.00456589791108527
20 0 -0.0001771264202942574
21 0 0.003787832227758142
22 0 0.0001485814064973876
23 0 -0.003210185253735572
24 0 -0.000115425288240638
25 0 0.002777575581606675
26 0 7.594370957099625e-05
27 0 -0.002458318399258765
28 0 -2.766377252212184e-05
29 0 0.002238562098822173
30 0 -3.325920059807504e-05
31 0 -0.002124452409195099
32 0 0.0001133694219364465
33 0 0.002161654395121058
34 0 -0.000225259353817782
35 0 -0.002537827309338525
36 0 0.0003981063210360769
37 0 0.004817811733439996
38 0 -0.005683821219871658
0 1 0.0008177646478403899
1 1 -0.3256740307941172
2 1 0.8654494830672297
3 1 -1.196902910520428
4 1 1.000495125201565
5 1 -0.4459447608795924
6 1 -0.0004469003101552814
7 1 0.09625970584637995
8 1 0.0004113067880287889
9 1 -0.04369949028260922
10 1 -0.0003815693088318043
11 1 0.02541670207867699
12 1 0.0003544705665662126
13 1 -0.01679761335135346
14 1 -0.0003280906097815356
15 1 0.01200783805849611
16 1 0.0003010373647188299
17 1 -0.009055020534002331
18 1 -0.0002721067453366449
19 1 0.007101071623213218
20 1 0.0002400861244016968
21 1 -0.005742005089856781
22 1 -0.000203596526267208
23 1 0.004764055121998625
24 1 0.0001609156320703464
25 1 -0.004047294401039115
26 1 -0.0001097228236267902
27 1 0.00352379252132848
28 1 4.666728791629658e-05
29 1 -0.00315993494792896
30 1 3.345816680403688e-05
31 1 0.002954466534903557
32 1 -0.000139502166966282
33 1 -0.002961863125877829
34 1 0.000288446867175123
35 1 0.003426798531528164
36 1 -0.0005195123889742323
37 1 -0.006421194257734085
38 1 0.007534032201922211
0 2 -0.0009727199281789192
1 2 0.07276764880974605
2 2 0.000686802052063353
3 2 -0.4459447608795933
4 2 1.117441903975942
5 2 -1.496131746133135
6 2 1.225280896136107
7 2 -0.5385262138653341
8 2 -0.0004949601265118511
9 2 0.1141468222080775
10 2 0.0004608497181786144
11 2 -0.0512394796040992
12 2 -0.0004298695097080671
13 2 0.02957526887687085
14 2 0.000399728944393589
15 2 -0.01943924984413234
16 2 -0.000368756411707335
17 2 0.01384076074184334
18 2 0.0003354936673837635
19 2 -0.01040780601854762
20 2 -0.0002984591403085183
21 2 0.008148381542719622
22 2 0.0002559553219226485
23 2 -0.006587345348013859
24 2 -0.0002058503705018663
25 2 0.005475811716639667
26 2 0.0001452620024407052
27 2 -0.004677569442247257
28 2 -7.002178494121268e-05
29 2 0.004121946374171881
30 2 -2.634794811842806e-05
31 2 -0.003789898968839286
32 2 0.0001548392655081419
33 2 0.003736813159510452
34 2 -0.0003364937160474245
35 2 -0.00425302959612034
36 2 0.0006197387029742408
37 2 0.007852528031461496
38 2 -0.009155410048598382
0 3 0.001120862625438173
1 3 -0.03364195822360832
2 3 -0.0007935241353137748
3 3 0.09625970584637979
4 3 0.000686078783662679
5 3 -0.5385262138653321
6 3 1.322252566962301
7 3 -1.745490494364402
8 3 1.414790918751874
9 3 -0.6169558627443771
10 3 -0.0005396395610059332
11 3 0.129307392926907
12 3 0.0005055369441386261
13 3 -0.05760271755796361
14 3 -0.000472402615395462
15 3 0.03306565813735517
16 3 0.000438292894100456
17 3 -0.02164528220636995
18 3 -0.0004014971605265442
19 3 0.01536618562558972
20 3 0.0003602611572487675
21 3 -0.01153331388844104
22 3 -0.0003125584410529912
23 3 0.009024486495159571
24 3 0.0002558281107119693
25 3 -0.007305742088463589
26 3 -0.0001865931717331275
27 3 0.006101716295356114
28 3 9.981345078247708e-05
29 3 -0.005269558760921522
30 3 1.234798036440991e-05
31 3 0.004753803261943211
32 3 -0.0001631764930924926
33 3 -0.004600385775746719
34 3 0.0003780420269787825
35 3 0.00513980173309701
36 3 -0.0007151239815861728
37 3 -0.009331163793440279
38 3 0.0107998681044824
0 4 -0.001272187106704421
1 4 0.01978862338315297
2 4 0.0009031914795534325
3 4 -0.04369949028258088
4 4 -0.0007832850518542134
5 4 0.1141468222080427
6 4 0.0007137459757550979
7 4 -0.616955862744336
8 4 1.499336211585948
9 4 -1.963680265566011
10 4 1.581761781883207
11 4 -0.6863169253178572
12 4 -0.0005862495902941627
13 4 0.1427491970042842
14 4 0.0005506736683189784
15 4 -0.06324066050306412
16 4 -0.0005139998294035652
17 4 0.03615303401366379
18 4 0.0004742527736352055
19 4 -0.02359441565763443
20 4 -0.0004293867965681584
21 4 0.01671556403909428
22 4 0.000377017622921346
23 4 -0.0125351782054618
24 4 -0.0003141105710126402
25 4 0.009817123105543455
26 4 0.0002365240962175131
27 4 -0.00797878450049502
28 4 -0.0001382352748137095
29 4 0.006729208700361248
30 4 9.866043183699123e-06
31 4 -0.005939310797311738
32 4 0.0001644753242725785
33 4 0.005626812207661188
34 4 -0.0004150719955811914
35 4 -0.00615556695281616
36 4 0.0008111175117800047
37 4 0.01096073060994167
38 4 -0.01257747564070636
0 5 0.001432769138701147
1 5 -0.01317820800808323
2 5 -0.001020201168720463
3 5 0.02541670207864554
4 5 0.0008876049787277219
5 5 -0.05123947960406162
6 5 -0.00081164960803239
7 5 0.1293073929268638
8 5 0.000757763950944539
9 5 -0.6863169253178624
10 5 1.65759818941987
11 5 -2.160051199433751
12 5 1.732726180995403
13 5 -0.7492053501149354
14 5 -0.00063787757704548
15 5 0.1549709133042482
16 5 0.0005991963542854855
17 5 -0.0683710985272391
18 5 -0.0005570695468434493
19 5 0.03896405392756147
20 5 0.0005091320993061201
21 5 -0.02537279195492463
22 5 -0.0004526005798914413
23 5 0.01795467502774493
24 5 0.0003839032280893506
25 5 -0.01346986081111277
26 5 -0.0002981347655489665
27 5 0.01058249164589589
28 5 0.0001881302675730613
29 5 -0.008674566864485537
30 5 -4.27060546725482e-05
31 5 0.007463224619648818
32 5 -0.0001570983393168497
33 5 -0.006900052799094774
34 5 0.0004473573168041818
35 5 0.007368382635848737
36 5 -0.0009102048438346161
37 5 -0.01282869663459829
38 5 0.0145724499000103
0 6 -0.001607713498910634
1 6 0.009471824309511368
2 6 0.001148315505197016
3 6 -0.01679761335131856
4 6 -0.001002443642025167
5 6 0.02957526887683097
6 6 0.0009200569490974076
7 6 -0.05760271755791945
8 6 -0.0008624853021012268
9 6 0.1427491970042985
10 6 0.0008166031948307864
11 6 -0.749205350114946
12 6 1.801999489876241
13 6 -2.340056894293122
14 6 1.871566014286645
15 6 -0.8071673876812647
16 6 -0.0006972799083697132
17 6 0.1662661073825452
18 6 0.0006534542292174919
19 6 -0.0731211245473317
20 6 -0.0006031248612147873
21 6 0.04157346664157074
22 6 0.000543057625202237
23 6 -0.02703379822294567
24 6 -0.0004690632900657043
25 6 0.01912913077748288
26 6 0.0003753442799391668
27 6 -0.01438523396476686
28 6 -0.0002533829019831255
29 6 0.01138415650500423
30 6 8.983273649543818e-05
31 6 -0.009500612327419427
32 6 0.0001379714149397938
33 6 0.008537437079424981
34 6 -0.0004731224260693412
35 6 -0.008865550116892546
36 6 0.001013419603373264
37 6 0.01503444619497902
38 6 -0.01687256840661969
0 7 0.001802330330037258
1 7 -0.007170683193809903
2 7 -0.00129150065966847
3 7 0.01200783805853719
4 7 0.001131441909536622
5 7 -0.01943924984418238
6 7 -0.001042503936767176
7 7 0.03306565813742317
8 7 0.0009814845302319945
9 7 -0.06324066050322269
10 7 -0.0009337358698079222
11 7 0.1549709133044214
12 7 0.0008922725979773286
13 7 -0.8071673876814536
14 7 1.93563882069104
15 7 -2.507202176259157
16 7 2.000812285454637
17 7 -0.8612157974407614
18 7 -0.0007676618026387261
19 7 0.176827562369129
20 7 0.0007158692187256866
21 7 -0.07757552538593325
22 7 -0.0006531625176787915
23 7 0.04403410243354518
24 7 0.0005746379261199285
25 7 -0.0286205346162321
26 7 -0.0004734452601652642
27 7 0.02028513427291537
28 7 0.0003394433797924217
29 7 -0.01534622998760724
30 7 -0.0001566521382162031
31 7 0.01233836674930831
32 7 -0.0001021570138256025
33 7 -0.0107197651454481
34 7 0.0004887847892840189
35 7 0.01077290404471904
36 7 -0.001120499871435239
37 7 -0.01770854784043705
38 7 0.01958511743656914
0 8 -0.002022927161490192
1 8 0.005638462372670353
2 8 0.001454504875301418
3 8 -0.009055020534050688
4 8 -0.00127899490993144
5 8 0.01384076074190257
6 8 0.00118329672979605
7 8 -0.02164528220645229
8 8 -0.001119103407188988
9 8 0.0361530340138637
10 8 0.001070063009833219
11 8 -0.06837109852745515
12 8 -0.001028389903798139
13 8 0.1662661073827699
14 8 0.0009893566864090447
15 8 -0.8612157974407618
16 8 2.06060341563674
17 8 -2.663894822612282
18 8 2.122225576253066
19 8 -0.9120593844941166
20 8 -0.0008533167841284653
21 8 0.1867930927777515
22 8 0.0007893271144875177
23 8 -0.08179879059235104
24 8 -0.0007075330709314483
25 8 0.04639249429307608
26 8 0.0005998375665636481
27 8 -0.03018157725330719
28 8 -0.0004541344945242184
29 8 0.02149256152497574
30 8 0.0002511946316032087
31 8 -0.01648218731246084
32 8 4.193010028976382e-05
33 8 0.01374529004671604
34 8 -0.0004880811085050471
35 8 -0.01328511543424528
36 8 0.001229347654525965
37 8 0.02103692766528105
38 8 -0.02285293687282334
0 9 0.002277657518638583
1 9 -0.004565897911145369
2 9 -0.001643490180660645
3 9 0.007101071623300065
4 9 0.001450830488821371
5 9 -0.0104078060186577
6 9 -0.001348072863765908
7 9 0.01536618562573086
8 9 0.001281054469769131
9 9 -0.02359441565791642
10 9 -0.001231484013502306
11 9 0.03896405392789437
12 9 0.001190679019595454
13 9 -0.07312112454767825
14 9 -0.001153380458953335
15 9 0.1768275623691999
16 9 0.0011156179471473
17 9 -0.9120593844941954
18 9 2.178375753296658
19 9 -2.811870623712961
20 9 2.237091641790788
21 9 -0.9602206829149921
22 9 -0.0009604900201161909
23 9 0.1962703134291961
24 9 0.0008775158760127868
25 9 -0.08584948809145483
26 9 -0.0007651706652163855
27 9 0.04870377585249831
28 9 0.0006089606382323051
29 9 -0.03179507775288422
30 9 -0.0003856093187628812
31 9 0.02289825871381958
32 9 5.4888624020702e-05
33 9 -0.01814014919744981
34 9 0.000460338776152312
35 9 0.01672212986362931
36 9 -0.001334643614624919
37 9 -0.02530032527728827
38 9 0.02687703236061767
0 10 -0.002577730428067668
1 10 0.003787832227841618
2 10 0.001866940844578006
3 10 -0.005742005089974743
4 10 -0.001654848804422676
5 10 0.008148381542870339
6 10 0.001544623542202911
7 10 -0.01153331388863962
8 10 -0.00147525127303276
9 10 0.01671556403946116
10 10 0.001426194531955433
11 10 -0.02537279195535121
12 10 -0.001387754054822284
13 10 0.04157346664203251
14 10 0.00135408885629956
15 10 -0.07757552538605134
16 10 -0.001320802802822542
17 10 0.1867930927778668
18 10 0.001283815153214408
19 10 -0.9602206829149988
20 10 2.290049232686167
21 10 -2.952425560010314
22 10 2.346387420770023
23 10 -1.006104088421091
24 10 -0.001098846053936066
25 10 0.2053546351298891
26 10 0.0009852358315970344
27 10 -0.08979667805833406
28 10 -0.0008213225603640641
29 10 0.05105892972099423
30 10 0.0005787604990957986
31 10 -0.0336310659872805
32 10 -0.0002079324194017494
33 10 0.02490870006692636
34 10 -0.0003871967986193367
35 10 -0.02164510433459852
36 10 0.001424903962391379
37 10 0.03094684511395944
38 10 -0.03195352946983903
0 11 0.002939411771369976
1 11 -0.003210185253836426
2 11 -0.002137170723672657
3 11 0.00476405512213865
4 11 0.001902519196264148
5 11 -0.006587345348192935
6 11 -0.001784265345380677
7 11 0.009024486495410926
8 11 0.001713196974062287
9 11 -0.01253517820594416
10 11 -0.001666121900515653
11 11 0.0179546750282621
12 11 0.001632173322359143
13 11 -0.02703379822351003
14 11 -0.001604877084259033
15 11 0.04403410243369724
16 11 0.001579405787364162
17 11 -0.08179879059243993
18 11 -0.001551285420427151
19 11 0.1962703134291225
20 11 0.001515526050927737
21 11 -1.006104088420989
22 11 2.396450001334023
23 11 -3.086549510809701
24 11 2.450882835388073
25 11 -1.050042289351131
26 11 -0.001284268951349895
27 11 0.2141505657925145
28 11 0.001118442158235763
29 11 -0.09375270062359659
30 11 -0.0008609272809328427
31 11 0.05365985863513219
32 11 0.0004498835039377892
33 11 -0.03617338557750132
34 11 0.0002362060535593022
35 11 0.02911871922913734
36 11 -0.001476215938485587
37 11 -0.0387375903905237
38 11 0.03853934643000756
0 12 -0.00338767425111159
1 12 0.002777575581718574
2 12 0.002473073237432995
3 12 -0.004047294401210447
4 12 -0.002211429146485168
5 12 0.005475811716837419
6 12 0.002084343435430862
7 12 -0.007305742088741943
8 12 -0.002012518087158011
9 12 0.009817123106144717
10 12 0.001969543734253394
11 12 -0.01346986081179377
12 12 -0.001943191783055651
13 12 0.01912913077812901
14 12 0.001926308404396786
15 12 -0.02862053461635797
16 12 -0.001913663611549159
17 12 0.04639249429320739
18 12 0.001900462350238032
19 12 -0.08584948809125389
20 12 -0.001881330113304512
21 12 0.2053546351295968
22 12 0.001849282108187451
23 12 -1.050042289350917
24 12 2.498205692286933
25 12 -3.21500153109803
26 12 2.551210821396715
27 12 -1.092339908500988
28 12 -0.001544719503281014
29 12 0.2228145623850591
30 12 0.001282784342902035
31 12 -0.09796712394976795
32 12 -0.000837479777390493
33 12 0.05709585461833586
34 12 5.233723862224197e-05
35 12 -0.04137963574120803
36 12 0.001438259374364333
37 12 0.05006784683723551
38 12 -0.04737773440462181
0 13 0.003963489690066588
1 13 -0.002458318399387024
2 13 -0.002905613133000376
3 13 0.003523792521494954
4 13 0.002610371555334451
5 13 -0.004677569442548298
6 13 -0.002473223597886206
7 13 0.006101716295664164
8 13 0.002402012472942018
9 13 -0.007978784501170028
10 13 -0.002366298704949155
11 13 0.01058249164684316
12 13 0.002352230532302363
13 13 -0.01438523396571737
14 13 -0.002351943290297983
15 13 0.02028513427299692
16 13 0.002359902252560997
17 13 -0.03018157725331547
18 13 -0.002371180344608721
19 13 0.04870377585227437
20 13 0.002380280243897494
21 13 -0.08979667805778019
22 13 -0.002379914127826384
23 13 0.2141505657920033
24 13 0.002359278507837381
25 13 -1.092339908500685
26 13 2.595775054052585
27 13 -3.33833698018787
28 13 2.647927855644203
29 13 -1.133343645852934
30 13 -0.001933808517160635
31 13 0.2316802171046425
32 13 0.00147473314736416
33 13 -0.103184374777108
34 13 -0.0005944760137130324
35 13 0.06383699525552662
36 13 -0.00120080051761398
37 13 -0.06776405983013672
38 13 0.05975884300925587
0 14 -0.004740064484120861
1 14 0.002238562098968016
2 14 0.003490045273155804
3 14 -0.003159934948137666
4 14 -0.0031506543806238
5 14 0.004121946374340748
6 14 0.003001379057993379
7 14 -0.005269558761658214
8 14 -0.002932846718571934
9 14 0.006729208701262197
10 14 0.00290932802454751
11 14 -0.008674566865446588
12 14 -0.002914970264974056
13 14 0.01138415650644097
14 14 0.002941202401224043
15 14 -0.01534622998800942
16 14 -0.002982422790177672
17 14 0.02149256152491069
18 14 0.003034000855008431
19 14 -0.03179507775228753
20 14 -0.003090933900285607
21 14 0.05105892972020749
22 14 0.003146449979579767
23 14 -0.09375270062265656
24 14 -0.003189974126237011
25 14 0.2228145623843261
26 14 0.003203574757085332
27 14 -1.133343645852521
28 14 2.689427316399835
29 14 -3.456857721240512
30 14 2.74159646390966
31 14 -1.173633325600579
32 14 -0.002566637871121258
33 14 0.2417522847166359
34 14 0.001633163278263032
35 14 -0.112656455087657
36 14 0.0005051455204373712
37 14 0.09840407390847565
38 14 -0.07811986292193517
0 15 0.005864641553055456
1 15 -0.002124452409350419
2 15 -0.004337353899142478
3 15 0.002954466535017086
4 15 0.003935177051112662
5 15 -0.003789898969033425
6 15 -0.003769865763365945
7 15 0.004753803261857086
8 15 0.003707280545140457
9 15 -0.00593931079978367
10 15 -0.003704238904445139
11 15 0.007463224620971104
12 15 0.00374227342049064
13 15 -0.009500612328658809
14 15 -0.003812186360907317
15 15 0.01233836674992156
16 15 0.003908842978236213
17 15 -0.01648218731281345
18 15 -0.004028855542254379
19 15 0.02289825871310224
20 15 0.004169127593085169
21 15 -0.03363106598637587
22 15 -0.004325399055472566
23 15 0.0536598586340729
24 15 0.004490078264741403
25 15 -0.09796712394866672
26 15 -0.004648228282738667
27 15 0.2316802171038816
28 15 0.004769265464049673
29 15 -1.173633325600262
30 15 2.779093866692921
31 15 -3.570319419810511
32 15 2.832987488208623
33 15 -1.21479960400366
34 15 -0.0037330598125699
35 15 0.2576419441272937
36 15 0.00132370548877234
37 15 -0.1608620372110795
38 15 0.1076374837028107
0 16 -0.007692035708080558
1 16 0.002161654395234269
2 16 0.005714623860178037
3 16 -0.002961863126075471
4 16 -0.005211189943194178
5 16 0.003736813158916405
6 16 0.005021082550775264
7 16 -0.004600385775791973
8 16 -0.00497012013520763
9 16 0.005626812207355659
10 16 0.005003301620501301
11 16 -0.006900052804950625
12 16 -0.00509833688895483
13 16 0.008537437080893032
14 16 0.005245637801663812
15 16 -0.01071976514520678
16 16 -0.005441766412567484
17 16 0.01374529004872174
18 16 0.005686778402097147
19 16 -0.01814014919743496
20 16 -0.005982875187425254
21 16 0.02490870006538404
22 16 0.006333348244622937
23 16 -0.03617338557639286
24 16 -0.006741050108603857
25 16 0.05709585461736954
26 16 0.007205160110222935
27 16 -0.1031843747762085
28 16 -0.00771334649093887
29 16 0.2417522847162603
30 16 0.008221381255017625
31 16 -1.214799604003671
32 16 2.863685589895473
33 16 -3.676402060381812
34 16 2.923907950553449
35 16 -1.264473682512482
36 16 -0.00636629807222264
37 16 0.3331184900251287
38 16 -0.1614385342115242
0 17 0.01140293807034112
1 17 -0.002537827309194678
2 17 -0.008509540878437827
3 17 0.003426798531444529
4 17 0.007799295347903333
5 17 -0.004253029596218079
6 17 -0.007558200279300241
7 17 0.005139801728943062
8 17 0.007530948847191996
9 17 -0.006155566953691319
10 17 -0.007638914259164215
11 17 0.007368382630749818
12 17 0.007852657203018264
13 17 -0.008865550130260632
14 17 -0.008162776759239449
15 17 0.01077290404073318
16 17 0.008570851960297042
17 17 -0.01328511543564739
18 17 -0.009086486023287271
19 17 0.01672212986714306
20 17 0.009726877530701214
21 17 -0.02164510433698401
22 17 -0.0105178638614357
23 17 0.02911871922968286
24 17 0.01149615166814242
25 17 -0.04137963574247507
26 17 -0.01271257850499192
27 17 0.06383699525709509
28 17 0.01423552361554435
29 17 -0.1126564550894313
30 17 -0.01614987249441058
31 17 0.257641944129691
32 17 0.01853013024933724
33 17 -1.264473682515169
34 17 2.9367573345645
35 17 -3.758133688692361
36 17 3.023235698323301
37 17 -1.427695739851775
38 17 0.285016898671822
0 18 -0.02628046754045286
1 18 0.004817811732256812
2 18 0.01969443234664148
3 18 -0.00642119425592011
4 18 -0.01813718957031575
5 18 0.00785252802994706
6 18 0.01767317437081194
7 18 -0.009331163794806582
8 18 -0.01772114340018777
9 18 0.01096073059742353
10 18 0.01810756503649568
11 18 -0.01282869662154643
12 18 -0.01877456375937717
13 18 0.01503444616605336
14 18 0.01971434066980873
15 18 -0.01770854784700915
16 18 -0.02095057347251078
17 18 0.02103692766535618
18 18 0.02253528471320188
19 18 -0.02530032528530078
20 18 -0.02455415901020658
21 18 0.03094684512960524
22 18 0.02714028111661282
23 18 -0.03873759041001715
24 18 -0.03050072168940368
25 18 0.050067846856283
26 18 0.03496715069729146
27 18 -0.06776405984913286
28 18 -0.04109687030871998
29 18 0.09840407392810153
30 18 0.04989114574538991
31 18 -0.160862037231191
32 18 -0.06332188209934866
33 18 0.3331184900469619
34 18 0.08581243180938064
35 18 -1.427695739872371
36 18 2.911915282740624
37 18 -3.366834242331834
38 18 2.242710142133779
