128
0 0 0.5007425669972149
1 0 -0.7970258678967307
2 0 0.7066582091017345
3 0 -0.3269289302235056
4 0 0.0002769879327966965
5 0 0.07436622450350305
6 0 -8.784395048891048e-05
7 0 -0.03563434588437574
8 0 -0.0001664727747022522
9 0 0.02227342488847429
10 0 0.0005459448225582355
11 0 -0.01634375201047358
12 0 -0.001171696484882696
13 0 0.01377832652111907
14 0 0.002398711628272235
15 0 -0.01518263339698604
0 1 -0.00112804852329211
1 1 -0.3269289302235057
2 1 0.8667489864533737
3 1 -1.195147267731618
4 1 0.9994976822430059
5 1 -0.4482113163170748
6 1 0.0002571583730505114
7 1 0.09912722086610409
8 1 8.449601105574734e-05
9 1 -0.04733567984923132
10 1 -0.000617883892824799
11 1 0.03013381826195158
12 1 0.001539814992077226
13 1 -0.02333566779196283
14 1 -0.003430926928345425
15 1 0.02434991180642813
0 2 0.001577154674642458
1 2 0.07436622450350311
2 2 -0.001070232103001465
3 2 -0.4482113163170752
4 2 1.118851789730162
5 2 -1.493160409936248
6 2 1.224206583282583
7 2 -0.5423520881684799
8 2 0.0001298922797349758
9 2 0.1190970217465635
10 2 0.000547966527080007
11 2 -0.0578094007680605
12 2 -0.001796810879292022
13 2 0.03890908220469257
14 2 0.004523892878818931
15 2 -0.03743353011001854
0 3 -0.002159435600768113
1 3 -0.03563434588437561
2 3 0.001547477469438431
3 3 0.09912722086610445
4 3 -0.001285873014437537
5 3 -0.5423520881684808
6 3 1.323877303679542
7 3 -1.740460806225743
8 3 1.413656723430838
9 3 -0.6236262624624052
10 3 -0.0002515413211807778
11 3 0.1384228282644379
12 3 0.001884963735117933
13 3 -0.07099555717827472
14 3 -0.005792628939176012
15 3 0.05971387862036796
0 4 0.002969081286036927
1 4 0.02227342488847472
2 4 -0.002246834847542219
3 4 -0.04733567984923188
4 4 0.002017213390261669
5 4 0.1190970217465645
6 4 -0.001790019593540828
7 4 -0.6236262624624052
8 4 1.501385178149421
9 4 -1.954559275282385
10 4 1.58062198621809
11 4 -0.6992668070671652
12 4 -0.001527267539052035
13 4 0.1626987066161953
14 4 0.007181379462582392
15 4 -0.1049803467929066
0 5 -0.004199334878927811
1 5 -0.01634375201047312
2 5 0.003361634555841131
3 5 0.03013381826195214
4 5 -0.003253946566273228
5 5 -0.05780940076806147
6 5 0.003230803680566178
7 5 0.1384228282644382
8 5 -0.003078823757161505
9 5 -0.699266807067164
10 5 1.66074242044032
11 5 -2.14069865712746
12 5 1.731839076997285
13 5 -0.7811794258534973
14 5 -0.007916049109965075
15 5 0.2279693071671805
0 6 0.006413917915962427
1 6 0.0137783265211191
2 6 -0.005454268011801643
3 6 -0.02333566779196246
4 6 0.005704604926374459
5 6 0.03890908220469382
6 6 -0.006303107061428782
7 6 -0.07099555717827584
8 6 0.007094802655715996
9 6 0.1626987066161963
10 6 -0.007817845831284236
11 6 -0.7811794258535002
12 6 1.810057971448256
13 6 -2.281085507118463
14 6 1.87278608192598
15 6 -0.9677500947395499
0 7 -0.01347552293816459
1 7 -0.01518263339698519
2 7 0.01230605235963432
3 7 0.02434991180642635
4 7 -0.01405842353427085
5 7 -0.03743353011001613
6 7 0.0174445148087159
7 7 0.05971387862036865
8 7 -0.02316655286171188
9 7 -0.1049803467929103
10 7 0.03333994156308562
11 7 0.2279693071671848
12 7 -0.05407825175225883
13 7 -0.967750094739555
14 7 2.046318446682046
15 7 -1.785358588995877
