50
0 0 0.5016016432403383
1 0 -0.7955016528437395
2 0 0.7062504861172225
3 0 -0.329371787380707
4 0 0.0001888069670018019
5 0 0.07808723094846827
6 0 0.0009492713463835811
7 0 -0.0415995011327361
8 0 -0.00346182161912464
9 0 0.03563832886272084
0 1 -0.002810285558380755
1 1 -0.3293717873807069
2 1 0.8678181015740172
3 1 -1.191082305755512
4 1 0.9990607085730592
5 1 -0.4546819375364852
6 1 -0.0007012529697012552
7 1 0.1100153667249895
8 1 0.004906640684207396
9 1 -0.07253373541801625
0 2 0.004670811018180836
1 2 0.07808723094846828
2 2 -0.003489067976256507
3 2 -0.4546819375364857
4 2 1.120742247788334
5 2 -1.482256588844018
6 2 1.2239318946742
7 2 -0.5620803083003472
8 2 -0.005618361540207371
9 2 0.1681840560995119
0 3 -0.008183314107664218
1 3 -0.04159950113273639
2 3 0.007150586909951427
3 3 0.1100153667249896
4 3 -0.00736983550366013
5 3 -0.5620803083003466
6 3 1.329655939749875
7 3 -1.700542805149598
8 3 1.414981318752457
9 3 -0.7407533044095419
0 4 0.01977762134880204
1 4 0.03563832886272106
2 4 -0.02065341718823945
3 4 -0.07253373541801623
4 4 0.02800437307706244
5 4 0.168184056099512
6 4 -0.04435821964177659
7 4 -0.7407533044095425
8 4 1.588731519422702
9 4 -1.394311617730629
