392
0 0 0.5003076301872796
1 0 -0.7976189441845976
2 0 0.706906725849743
3 0 -0.3260835120830035
4 0 0.0001528395235340198
5 0 0.07325499069659126
6 0 -0.0001148316708253005
7 0 -0.03420347756856226
8 0 7.714120896913059e-05
9 0 0.02042553029769046
10 0 -3.573665673851466e-05
11 0 -0.01389470720416001
12 0 -1.249987943936458e-05
13 0 0.01027477122286564
14 0 7.093857074466369e-05
15 0 -0.008070026348275281
16 0 -0.0001439883101633012
17 0 0.006648560646124906
18 0 0.0002381550822712171
19 0 -0.005708495673180776
20 0 -0.0003640870676187388
21 0 0.005099198040749381
22 0 0.0005414789777695424
23 0 -0.004761639457058773
24 0 -0.0008139409513805996
25 0 0.004758759765276057
26 0 0.00131486065467003
27 0 -0.006008856726943201
0 1 -0.0004248526616311374
1 1 -0.3260835120830035
2 1 0.8663066546107948
3 1 -1.196367979643296
4 1 0.9997797873108867
5 1 -0.4465840100507256
6 1 0.0001718502859776128
7 1 0.09699946532000966
8 1 -0.0001240337071858723
9 1 -0.04454246904770562
10 1 7.123342123202284e-05
11 1 0.02636972988023181
12 1 -9.123389845494393e-06
13 1 -0.01787127689046266
14 1 -6.702890687846319e-05
15 1 0.01321717172690357
16 1 0.0001634706918489182
17 1 -0.0104213998392202
18 1 -0.0002894734374246061
19 1 0.008656401949846517
20 1 0.0004602538547349322
21 1 -0.007538674523257785
22 1 -0.0007039605734121108
23 1 0.00690341170941109
24 1 0.001082781107948642
25 1 -0.006794968881090103
26 1 -0.001786108022562937
27 1 0.008462570120387489
0 2 0.0005365334335532972
1 2 0.07325499069659082
2 2 -0.0003613480425092553
3 2 -0.4465840100507258
4 2 1.1183234872414
5 2 -1.495364491903633
6 2 1.224511213418301
7 2 -0.5394182678930579
8 2 0.0001786937502114804
9 2 0.1151684566295782
10 2 -0.0001176692778743551
11 2 -0.05240071895137045
12 2 4.508850037344732e-05
13 2 0.03089107726406853
14 2 4.514458880316229e-05
15 2 -0.02093053221293928
16 2 -0.0001611664444031147
17 2 0.01553689454419027
18 2 0.0003151460260206219
19 2 -0.01235211192239887
20 2 -0.0005271484519949645
21 2 0.01041096269557377
22 2 0.000834352088263196
23 2 -0.009301566460293257
24 2 -0.001318779734705762
25 2 0.008985593039848316
26 2 0.002229181843913608
27 2 -0.01101064747541301
0 3 -0.000656178065968554
1 3 -0.03420347756856228
2 3 0.0004494083680686887
3 3 0.09699946532001016
4 3 -0.0003679690712560505
5 3 -0.5394182678930589
6 3 1.323181845138846
7 3 -1.744448102706385
8 3 1.413967767032576
9 3 -0.6181561776657964
10 3 0.0001783653398808891
11 3 0.1306797594702457
12 3 -9.713658087216576e-05
13 3 -0.05916765056459376
14 3 -5.510421945950963e-06
15 3 0.03485148770333201
16 3 0.0001398822967950888
17 3 -0.02369149832420882
18 3 -0.0003215518414940593
19 3 0.0177304797604783
20 3 0.0005763786850766473
21 3 -0.01430785360887287
22 3 -0.0009524582088345063
23 3 0.01238170745149355
24 3 0.00155590882245915
25 3 -0.01168235480930706
26 3 -0.00270735240490513
27 3 0.01403874657915635
0 4 0.0007906154851678721
1 4 0.0204255302976908
2 4 -0.0005505062842496756
3 4 -0.04454246904770665
4 4 0.000460255457037564
5 4 0.1151684566295798
6 4 -0.0003939080426367223
7 4 -0.6181561776657974
8 4 1.500329743554248
9 4 -1.962289923956337
10 4 1.580881119845958
11 4 -0.6879167898974571
12 4 0.0001696225945244455
13 4 0.144586347688946
14 4 -5.60958292760009e-05
15 4 -0.06535317159222613
16 4 -9.576982773419549e-05
17 4 0.03859374683269286
18 4 0.0003057253702572949
19 4 -0.02644006178399564
20 4 -0.0006069052305751628
21 4 0.02008746481430734
22 4 0.001061350459014543
23 4 -0.01665672242220422
24 4 -0.001806284058679959
25 4 0.01524297378717667
26 4 0.003255218458178264
27 4 -0.01788326966101462
0 5 -0.0009460256505815744
1 5 -0.0138947072041623
2 5 0.0006696211162980386
3 5 0.02636972988023555
4 5 -0.000571305608063158
5 5 -0.05240071895137532
6 5 0.0005020266929058891
7 5 0.130679759470251
8 5 -0.0004361904518610658
9 5 -0.6879167898974605
10 5 1.658674321958564
11 5 -2.158197240203524
12 5 1.731781368405087
13 5 -0.7513508054727308
14 5 0.0001472768925697564
15 5 0.1574590304070139
16 5 2.060453452383297e-05
17 5 -0.0712728617942167
18 5 -0.0002591937130369391
19 5 0.04238231830504233
20 5 0.0006110163570071141
21 5 -0.02946904965647693
22 5 -0.001156564647129523
23 5 0.02302209752202607
24 5 0.002074950417934603
25 5 -0.02022118044230414
26 5 -0.003905690386065797
27 5 0.02301281581085474
0 6 0.001129788336727904
1 6 0.01027477122286809
2 6 -0.0008129550462885209
3 6 -0.01787127689046677
4 6 0.0007075392634367908
5 6 0.03089107726407683
6 6 -0.000637583983344082
7 6 -0.05916765056460288
8 6 0.000573072438608284
9 6 0.1445863476889562
10 6 -0.0005001073514935881
11 6 -0.7513508054727347
12 6 1.803182724430638
13 6 -2.337552714751114
14 6 1.87054853105762
15 6 -0.810099401788878
16 6 9.947919205301619e-05
17 6 0.1697222172349977
18 6 0.0001665705056437883
19 6 -0.0772411454524661
20 6 -0.0005728491045593695
21 6 0.04657637353949776
22 6 0.001224929685895102
23 6 -0.03331278351621265
24 6 -0.002360447666777177
25 6 0.02761979586772725
26 6 0.004697791871774968
27 6 -0.03019757035146041
0 7 -0.001352028982937932
1 7 -0.00807002634827951
2 7 0.0009891793799432179
3 7 0.01321717172691036
4 7 -0.0008780998084926013
5 7 -0.02093053221294908
6 7 0.0008107951638831773
7 7 0.03485148770334737
8 7 -0.0007521388814463499
9 7 -0.06535317159224215
10 7 0.0006860077370049775
11 7 0.1574590304070194
12 7 -0.0005988471821452436
13 7 -0.8100994017888802
14 7 1.936965789163962
15 7 -2.503732049271922
16 7 1.999712568562729
17 7 -0.8653564141518392
18 7 -1.134397538279014e-06
19 7 0.1818324379815196
20 7 0.0004627833208012126
21 7 -0.08374915647818626
22 7 -0.001237929927418124
23 7 0.05192011179183111
24 7 0.0026489210823009
25 7 -0.03948685440108559
26 7 -0.005680694235011618
27 7 0.04083831480121568
0 8 0.001627999419964089
1 8 0.006648560646130496
2 8 -0.001211450123561184
3 8 -0.01042139983922964
4 8 0.001096972262249337
5 8 0.01553689454420273
6 8 -0.001037434466792337
7 8 -0.02369149832422709
8 8 0.0009917452557255161
9 8 0.038593746832721
10 8 -0.0009414320526068411
11 8 -0.07127286179423181
12 8 0.0008710079561445211
13 8 0.1697222172349983
14 8 -0.0007611490899417071
15 8 -0.8653564141518384
16 8 2.062135198229304
17 8 -2.658884248491918
18 8 2.121035708603248
19 8 -0.9182152245461468
20 8 -0.0002248039309676652
21 8 0.1945315810426203
22 8 0.001135440305417132
23 8 -0.09190253819557399
24 8 -0.002896563375929432
25 8 0.06065915531355556
26 8 0.006912817150852077
27 8 -0.05776019717730406
0 9 -0.001982865572290892
1 9 -0.005708495673187881
2 9 0.001501499148482664
3 9 0.008656401949858243
4 9 -0.001387314218870584
5 9 -0.0123521119224168
6 9 0.001343734985950699
7 9 0.01773047976049892
8 9 -0.00132262730230701
9 9 -0.02644006178402067
10 9 0.00130326653486489
11 9 0.04238231830507306
12 9 -0.001268698667748625
13 9 -0.07724114545247618
14 9 0.001197363895160797
15 9 0.181832437981513
16 9 -0.001054924741689263
17 9 -0.9182152245461379
18 9 2.180229448287911
19 9 -2.804160133068909
20 9 2.235815302846317
21 9 -0.9701405452146488
22 9 -0.0007854210186208918
23 9 0.2095876051270763
24 9 0.002979648539847007
25 9 -0.1052797973731425
26 9 -0.008439087020657767
27 9 0.08748136362453467
0 10 0.002463242633828887
1 10 0.005099198040757289
2 10 -0.001899476497175223
3 10 -0.007538674523270807
4 10 0.001791850700241486
5 10 0.01041096269559304
6 10 -0.001778114293455035
7 10 -0.01430785360890185
8 10 0.001801675552595069
9 10 0.02008746481433156
10 10 -0.001840217063538036
11 10 -0.02946904965650377
12 10 0.001876908553386909
13 10 0.04657637353952108
14 10 -0.001890269632893759
15 10 -0.08374915647817925
16 10 0.001843914491688272
17 10 0.1945315810425996
18 10 -0.001667453205085866
19 10 -0.9701405452146269
20 10 2.292499610884924
21 10 -2.93929065772181
22 10 2.345080659334997
23 10 -1.024389191848816
24 10 -0.002537065669758449
25 10 0.2332804796595375
26 10 0.01015972650611587
27 10 -0.1483726672846314
0 11 -0.00317186997460886
1 11 -0.004761639457067876
2 11 0.00249342023357957
3 11 0.006903411709421594
4 11 -0.002403854027042953
5 11 -0.009301566460307146
6 11 0.002445933763824489
7 11 0.01238170745152993
8 11 -0.002552528384617019
9 11 -0.01665672242225319
10 11 0.002701840035793696
11 11 0.02302209752204095
12 11 -0.002881742249752168
13 11 -0.03331278351624082
14 11 0.003078207342524073
15 11 0.05192011179185551
16 11 -0.003263984831875697
17 11 -0.09190253819553947
18 11 0.003375815123646191
19 11 0.2095876051270296
20 11 -0.003255011417711489
21 11 -1.024389191848794
22 11 2.400381948239091
23 11 -3.059822726857484
24 11 2.449865041915578
25 11 -1.093699474739768
26 11 -0.01107173484164953
27 11 0.3138854987096087
0 12 0.004418526762107605
1 12 0.00475875976527515
2 12 -0.003546964223434784
3 12 -0.006794968881102176
4 12 0.003500719386233211
5 12 0.008985593039832096
6 12 -0.003658484342592815
7 12 -0.01168235480930403
8 12 0.003938360878980987
9 12 0.0152429737872137
10 12 -0.004325599807491504
11 12 -0.02022118044233495
12 12 0.00482688892056693
13 12 0.02761979586771501
14 12 -0.005460167770750202
15 12 -0.0394868544011221
16 12 0.00624947662849773
17 12 0.06065915531364485
18 12 -0.007213148210189368
19 12 -0.1052797973731295
20 12 0.008318380235507128
21 12 0.233280479659543
22 12 -0.009287911847103203
23 12 -1.093699474739786
24 12 2.508626711531601
25 12 -3.135713334627251
26 12 2.55285840271505
27 12 -1.307431249466574
0 13 -0.008386726589356241
1 13 -0.006008856726896439
2 13 0.006903702936737866
3 13 0.008462570120296109
4 13 -0.007005627241640389
5 13 -0.0110106474753196
6 13 0.007553807643661647
7 13 0.01403874657899229
8 13 -0.008428501635396102
9 13 -0.017883269660803
10 13 0.009654523582670826
11 13 0.0230128158107652
12 13 -0.0113315579587937
13 13 -0.03019757035152026
14 13 0.01364641515170595
15 13 0.04083831480135963
16 13 -0.01693108776315122
17 13 -0.05776019717754066
18 13 0.02180148504236762
19 13 0.0874813636249423
20 13 -0.02950289338520257
21 13 -0.1483726672849749
22 13 0.0429025041593642
23 13 0.3138854987099317
24 13 -0.07006942419046697
25 13 -1.307431249466848
26 13 2.741427583132055
27 13 -2.383222940615089
