72
0 0 0.501183547752167
1 0 -0.7962891648779792
2 0 0.7064367126062121
3 0 -0.3280665078249826
4 0 0.0002909210233006983
5 0 0.07601143181139199
6 0 0.000240651294707023
7 0 -0.03803674449659852
8 0 -0.001157105924862829
9 0 0.0260754994894295
10 0 0.003074848529998469
11 0 -0.02530182920111396
0 1 -0.001944275957343907
1 1 -0.3280665078249829
2 1 0.8672605564903314
3 1 -1.193342390811983
4 1 0.999250740510502
5 1 -0.4509024865962343
6 1 2.881100855057882e-05
7 1 0.103188657259839
8 1 0.001329807092699768
9 1 -0.05396439282036743
10 1 -0.004452774654598519
11 1 0.04584200605603873
0 2 0.002974401975389603
1 2 0.07601143181139199
2 2 -0.002099308834171405
3 2 -0.4509024865962346
4 2 1.11962169636904
5 2 -1.488998411401244
6 2 1.223978680949225
7 2 -0.5489085231549042
8 2 -0.001021820138323985
9 2 0.1303071757981066
10 2 0.005789373578322874
11 2 -0.08506928546378043
0 3 -0.004570837036076808
1 3 -0.03803674449659846
2 3 0.003574705589173926
3 3 0.1031886572598392
4 3 -0.003220566499870261
5 3 -0.5489085231549043
6 3 1.325433026597084
7 3 -1.729540709659621
8 3 1.413648284487377
9 3 -0.6436601294437673
10 3 -0.006484634899152884
11 3 0.1904089953795978
0 4 0.00752084808339229
1 4 0.0260754994894293
2 4 -0.006545479172955941
3 4 -0.05396439282036762
4 4 0.006920156850521997
5 4 0.1303071757981067
6 4 -0.007436286027352135
7 4 -0.6436601294437673
8 4 1.506902838100948
9 4 -1.913578147103077
10 4 1.582377220901238
11 4 -0.8235439826393294
0 5 -0.01707736690199027
1 5 -0.0253018292011134
2 5 0.01682690236071088
3 5 0.0458420060560385
4 5 -0.02111988893232014
5 5 -0.0850692854637809
6 5 0.02974273388092785
7 5 0.1904089953795994
8 5 -0.04774727991536326
9 5 -0.8235439826393305
10 5 1.754545451612668
11 5 -1.535628950388798
