465
0 0 0.4990955228631929
1 0 -0.7979598753865733
2 0 0.7077417432998103
3 0 -0.3256413337329905
4 0 -0.0005429444130175081
5 0 0.07273110048171447
6 0 0.0004859454782770336
7 0 -0.03360342372519259
8 0 -0.0004415973928472391
9 0 0.01975021024502655
10 0 0.000402008976185547
11 0 -0.01314276756116071
12 0 -0.0003630853705004019
13 0 0.009443526143599428
14 0 0.0003219555603687485
15 0 -0.007155900933977375
16 0 -0.0002760057613394495
17 0 0.005647318109278304
18 0 0.0002223034768351566
19 0 -0.004615202045606418
20 0 -0.0001570095718740394
21 0 0.003907250520641163
22 0 7.445936188715556e-05
23 0 -0.003456976146107153
24 0 3.469378590405321e-05
25 0 0.003279443657846426
26 0 -0.0001880402919366964
27 0 -0.003589404016677164
28 0 0.0004255728262008127
29 0 0.006390143832572932
30 0 -0.007287229134273055
0 1 0.001195361660504377
1 1 -0.3256413337329905
2 1 0.8651829388747656
3 1 -1.196943965194097
4 1 1.000723495400041
5 1 -0.4458984150758671
6 1 -0.0006506629435230931
7 1 0.09621028679212022
8 1 0.0005944963789395134
9 1 -0.043649545230128
10 1 -0.0005445801286895343
11 1 0.02536975060814872
12 1 0.0004954770401534718
13 1 -0.01675890244416329
14 1 -0.000443332411149301
15 1 0.01198552072327402
16 1 0.0003845883745950171
17 1 -0.009062224355342503
18 1 -0.0003152043508295251
19 1 0.00715985254941848
20 1 0.0002298464403681832
21 1 -0.005891664906710448
22 1 -0.0001206106656908896
23 1 0.00508105648069268
24 1 -2.555572552625873e-05
25 1 -0.004703247247788957
26 1 0.0002331711758710907
27 1 0.00502381219060182
28 1 -0.000557751347493036
29 1 -0.008742686745707801
30 1 0.009870334852624355
0 2 -0.001448106941177546
1 2 0.07273110048171362
2 2 0.001024853948211998
3 2 -0.4458984150758668
4 2 1.117149797948663
5 2 -1.496184623542145
6 2 1.225544150140095
7 2 -0.5384691610378275
8 2 -0.0007345366195626069
9 2 0.1140883592384689
10 2 0.0006773699420582894
11 2 -0.05118352931336036
12 2 -0.0006211653441879985
13 2 0.02952781699359211
14 2 0.0005611802353011838
15 2 -0.01940977906090579
16 2 -0.0004929728851654277
17 2 0.01384478800344221
18 2 0.0004114308755431534
19 2 -0.01047175810238248
20 2 -0.0003097394528036306
21 2 0.00831989054822554
22 2 0.0001777424837735596
23 2 -0.006959966548877235
24 2 1.367183252511544e-06
25 2 0.00626112960657179
26 2 -0.0002591258670239205
27 2 -0.006501977683029604
28 2 0.0006666635635037773
29 2 0.01101788728098391
30 2 -0.01229022081698792
0 3 0.001702869836745819
1 3 -0.03360342372519298
2 3 -0.00121049930125382
3 3 0.09621028679212071
4 3 0.001049494725845198
5 3 -0.5384691610378289
6 3 1.321921721631246
7 3 -1.745552836029139
8 3 1.415095698381858
9 3 -0.6168910692722646
10 3 -0.0008193305833907188
11 3 0.1292443115195225
12 3 0.000757718852524015
13 3 -0.05754788573534594
14 3 -0.0006916433664237488
15 3 0.03302967457643008
16 3 0.0006157236067940331
17 3 -0.02164582246224801
18 3 -0.0005236745691707385
19 3 0.01543383677472664
20 3 0.0004070220991478282
21 3 -0.01172395749673418
22 3 -0.0002530415221952849
23 3 0.009449139079614253
24 3 4.059512340078545e-05
25 3 -0.008217835385359489
26 3 0.000269987113712208
27 3 0.008256983645511319
28 3 -0.0007678893436513428
29 3 -0.01355805024198383
30 3 0.01490484839714399
0 4 -0.001977292259306706
1 4 0.01975021024502622
2 4 0.00141219630298243
3 4 -0.04364954523012846
4 4 -0.001230785650749091
5 4 0.1140883592384701
6 4 0.001125305494009358
7 4 -0.616891069272264
8 4 1.498952430496878
9 4 -1.963748618077368
10 4 1.582119323740868
11 4 -0.6862492722139897
12 4 -0.0009150154319820169
13 4 0.142689173083628
14 4 0.0008444870403438894
15 4 -0.06319981722933746
16 4 -0.0007624846578208895
17 4 0.03615107338238747
18 4 0.0006613817750265871
19 4 -0.02366607761429684
20 4 -0.000530755560224586
21 4 0.01692534188525016
22 4 0.0003547998453909132
23 4 -0.01301296127565532
24 4 -0.0001070973912412952
25 4 0.01086283761094169
26 4 -0.0002620368614659086
27 4 -0.01049497556465965
28 4 0.0008640714025454877
29 4 0.01659444350316501
30 4 -0.01791901682723228
0 5 0.002285253008634644
1 5 -0.01314276756116167
2 5 -0.001640308060721805
3 5 0.02536975060815129
4 5 0.001437582614199399
5 5 -0.05118352931336532
6 5 -0.00132265317102569
7 5 0.1292443115195263
8 5 0.001240110586113528
9 5 -0.6862492722139938
10 5 1.657142073981857
11 5 -2.160119225464602
12 5 1.733153644737346
13 5 -0.7491441064000498
14 5 -0.001029917370568685
15 5 0.1549287901523469
16 5 0.0009439597520590926
17 5 -0.06836970803056039
18 5 -0.0008357764425626058
19 5 0.03904235612446636
20 5 0.0006926075495430049
21 5 -0.02560449876970232
22 5 -0.00049485168042535
23 5 0.01849069996116616
24 5 0.0002094448584609594
25 5 -0.01466360133817865
26 5 0.0002261114598290529
27 5 0.01350966108589336
28 5 -0.000952034034586114
29 5 -0.02040170513890147
30 5 0.02154261194856487
0 6 -0.002642012454967178
1 6 0.009443526143603167
2 6 0.00190644775029631
3 6 -0.01675890244416852
4 6 -0.001680773358834405
5 6 0.02952781699360313
6 6 0.001556803483439372
7 6 -0.05754788573535745
8 6 -0.001470861070840991
9 6 0.1426891730836398
10 6 0.001400431537939472
11 6 -0.7491441064000591
12 6 1.801442110488382
13 6 -2.340112161093501
14 6 1.872089890731824
15 6 -0.807131034048222
16 6 -0.001174512320255023
17 6 0.166272052980804
18 6 0.001062466424628526
19 6 -0.0732126353829196
20 6 -0.0009094787250323688
21 6 0.04183425308413495
22 6 0.0006912087249989592
23 6 -0.02763865171976244
24 6 -0.0003660423531382986
25 6 0.02049448159318682
26 6 -0.000145403175860251
27 6 -0.01779721678604043
28 6 0.001021836291516958
29 6 0.02538672524668315
30 6 -0.02605217715089865
0 7 0.00306770523144479
1 7 -0.007155900933983516
2 7 -0.002226076508050656
3 7 0.01198552072328387
4 7 0.001974994846879454
5 7 -0.0194097790609206
6 7 -0.001842465824991406
7 7 0.03302967457645031
8 7 0.001755080262737471
9 7 -0.06319981722935976
10 7 -0.00168700046211226
11 7 0.1549287901523616
12 7 0.001624519938055243
13 7 -0.8071310340482293
14 7 1.934934303612239
15 7 -2.507219431054175
16 7 2.001475157866281
17 7 -0.8612426410927719
18 7 -0.001364800552216971
19 7 0.1769461630998816
20 7 0.001207338381693645
21 7 -0.07788053075958916
22 7 -0.0009724953655442307
23 7 0.0447278328412645
24 7 0.0006075053529106062
25 7 -0.03019531149919649
26 7 -1.018196520288004e-05
27 7 0.02428987520224088
28 7 -0.00105157018192771
29 7 -0.03222460089275213
30 7 0.03185780322957696
0 8 -0.003592002705735765
1 8 0.005647318109287149
2 8 0.002622051218248414
3 8 -0.009062224355355468
4 8 -0.002341964246668088
5 8 0.01384478800346023
6 8 0.002201558134159178
7 8 -0.02164582246227157
8 8 -0.002115622864333853
9 8 0.03615107338242307
10 8 0.00205440966610776
11 8 -0.06836970803058515
12 8 -0.002002303951743321
13 8 0.1662720529808084
14 8 0.001947659606024303
15 8 -0.8612426410927682
16 8 2.059674243527484
17 8 -2.663820594414821
18 8 2.123100031356199
19 8 -0.912233189557713
20 8 -0.001628135259161806
21 8 0.1871732333464847
22 8 0.001386295549111943
23 8 -0.08261983128709184
24 8 -0.0009867965233703003
25 8 0.04824012133321486
26 8 0.0002960371063528842
27 8 -0.03494247101149709
28 8 0.0009947691164608077
29 8 0.04214433566944834
30 8 -0.03961702464829094
0 9 0.004262687553162363
1 9 -0.004615202045616232
2 9 -0.003131189315315327
3 9 0.007159852549434837
4 9 0.002816680623066634
5 9 -0.01047175810240862
6 9 -0.00266943686133936
7 9 0.01543383677475424
8 9 0.002589418703050571
9 9 -0.02366607761433177
10 9 -0.002542166144102753
11 9 0.03904235612451148
12 9 0.002509987845218649
13 9 -0.07321263538293664
14 9 -0.0024799437594119
15 9 0.1769461630998737
16 9 0.002438784511040067
17 9 -0.9122331895577066
18 9 2.177080459663585
19 9 -2.811584423317655
20 9 2.238311546353059
21 9 -0.9607399095987412
22 9 -0.002016167040099323
23 9 0.1972958642173173
24 9 0.001600588957334788
25 9 -0.08808504612181024
26 9 -0.0008194944196314446
27 9 0.05448518568667898
28 9 -0.0007498941066685271
29 9 -0.05763216759930703
30 9 0.05046535458039431
0 10 -0.005164345689158203
1 10 0.003907250520653025
2 10 0.003818586751369501
3 10 -0.005891664906729651
4 10 -0.003460954060776632
5 10 0.008319890548257195
6 10 0.003308486685674643
7 10 -0.0117239574967704
8 10 -0.00324160171300079
9 10 0.01692534188528829
10 10 0.0032199803031754
11 10 -0.02560449876974997
12 10 -0.003223775200863924
13 10 0.0418342530841674
14 10 0.003239182568350049
15 10 -0.07788053075958275
16 10 -0.003252363560363192
17 10 0.1871732333464652
18 10 0.003244600771085185
19 10 -0.9607399095987182
20 10 2.288102381613497
21 10 -2.951629086489156
22 10 2.348227666460503
23 10 -1.007500282287294
24 10 -0.00263855861809487
25 10 0.2082098452844604
26 10 0.001804362748936403
27 10 -0.09707185905645345
28 10 7.971818088511572e-05
29 10 0.08447810166163831
30 10 -0.06654435733731817
0 11 0.006466209333344834
1 11 -0.003456976146122254
2 11 -0.004814233994480997
3 11 0.005081056480712757
4 11 0.004397963200737014
5 11 -0.006959966548908866
6 11 -0.004242778052792383
7 11 0.009449139079662626
8 11 0.004201469993738801
9 11 -0.01301296127572447
10 11 -0.004226046966357594
11 11 0.01849069996121072
12 11 0.004294674324532747
13 11 -0.02763865171980101
14 11 -0.004393955831576533
15 11 0.04472783284128126
16 11 0.004511673581794082
17 11 -0.08261983128704967
18 11 -0.004631081908834597
19 11 0.1972958642172597
20 11 0.004722537096963506
21 11 -1.007500282287259
22 11 2.3931893009681
23 11 -3.084388797533514
24 11 2.454002372631765
25 11 -1.054050161606477
26 11 -0.003768601892393557
27 11 0.2239007726427568
28 11 0.001631971553374553
29 11 -0.1393195832532135
30 11 0.09240121981964823
0 12 -0.008574658793845374
1 12 0.003279443657856041
2 12 0.006429606007198658
3 12 -0.004703247247816701
4 12 -0.005922138345395531
5 12 0.006261129606590797
6 12 0.005768071584151673
7 12 -0.00821783538537706
8 12 -0.005776364294110152
9 12 0.01086283761101679
10 12 0.00588792623894781
11 12 -0.01466360133826467
12 12 -0.006079743676950241
13 12 0.02049448159318934
14 12 0.006342290855226037
15 12 -0.03019531149921335
16 12 -0.006671145493272488
17 12 0.0482401213332815
18 12 0.007061281457906686
19 12 -0.08808504612176647
20 12 -0.007498725958612818
21 12 0.2082098452844179
22 12 0.00794160104475348
23 12 -1.054050161606471
24 12 2.491731528007653
25 12 -3.208369047964668
26 12 2.557626685295469
27 12 -1.107093422218488
28 12 -0.006276585414616851
29 12 0.2910141918037398
30 12 -0.1395667381830094
0 13 0.01283849567463104
1 13 -0.003589404016671491
2 13 -0.009696323240169677
3 13 0.005023812190574913
4 13 0.009006196312940199
5 13 -0.006501977683081896
6 13 -0.008858589056561653
7 13 0.008256983645428548
8 13 0.008975183486655916
9 13 -0.01049497556459999
10 13 -0.009276733439806065
11 13 0.01350966108602579
12 13 0.009741674922725025
13 13 -0.01779721678614725
14 13 -0.01037486527713376
15 13 0.02428987520226458
16 13 0.01119917562830764
17 13 -0.03494247101159031
18 13 -0.01225426767568013
19 13 0.05448518568690359
20 13 0.01359769186635777
21 13 -0.09707185905652992
22 13 -0.01530278487082921
23 13 0.2239007726428749
24 13 0.01743350063201611
25 13 -1.10709342221861
26 13 2.578174588642577
27 13 -3.309269711299664
28 13 2.667404752742892
29 13 -1.258295968168131
30 13 0.2480004053478428
0 14 -0.02984180590926824
1 14 0.006390143832468001
2 14 0.02269463963134006
3 14 -0.008742686745530652
4 14 -0.02125178223836449
5 14 0.01101788728060877
6 14 0.02110651893442329
7 14 -0.01355805024174027
8 14 -0.02163336030036967
9 14 0.01659444350275915
10 14 0.02267597063863519
11 14 -0.02040170513842392
12 14 -0.02422578328410425
13 14 0.02538672524673844
14 14 0.02635992359119344
15 14 -0.03222460089331592
16 14 -0.02924106463783397
17 14 0.04214433567017531
18 14 0.03315334838811744
19 14 -0.05763216760025974
20 14 -0.03858865368274896
21 14 0.08447810166284805
22 14 0.04643991949844195
23 14 -0.1393195832544161
24 14 -0.05847077679418173
25 14 0.2910141918049495
26 14 0.07863585748233703
27 14 -1.258295968169266
28 14 2.574850671057956
29 14 -2.99378488535555
30 14 2.003886740187489
