162
0 0 0.5006154188432097
1 0 -0.7972157282415592
2 0 0.7067274682901601
3 0 -0.3266505200774857
4 0 0.0002516403453072686
5 0 0.07398852317063384
6 0 -0.000121841053717582
7 0 -0.03512970744614707
8 0 -3.958506363343866e-05
9 0 0.02159071474614864
10 0 0.0002610466058797293
11 0 -0.01537685555957819
12 0 -0.0005881679528170242
13 0 0.01222167488886157
14 0 0.001117427187200584
15 0 -0.01085388370377459
16 0 -0.002135169717652749
17 0 0.01241584177770039
0 1 -0.0009116110874089328
1 1 -0.3266505200774855
2 1 0.8666138664959214
3 1 -1.195562293348038
4 1 0.9995764928151388
5 1 -0.4476381207523009
6 1 0.0002566375000523754
7 1 0.09834665770819292
8 1 -4.443651100508528e-05
9 1 -0.04625898572320743
10 1 -0.0002563045245959309
11 1 0.02858196655450263
12 1 0.0007166121654162332
13 1 -0.02081381491953937
14 1 -0.001488369817364576
15 1 0.01746489311480847
16 1 0.003022464375519234
17 1 -0.01920456960239145
0 2 0.001239844267753911
1 2 0.07398852317063388
2 2 -0.0008361120984432264
3 2 -0.4476381207523011
4 2 1.11867922731678
5 2 -1.493968115007155
6 2 1.224290407030953
7 2 -0.541227419943315
8 2 0.0002051693828639587
9 2 0.1175080969338092
10 2 0.0001632927048650051
11 2 -0.05546424956595675
12 2 -0.0007538650390520713
13 2 0.03503212726873602
14 2 0.001791193515482519
15 2 -0.02699240410197621
16 2 -0.00394709600722382
17 2 0.02809915612012294
0 3 -0.001644146525732163
1 3 -0.03512970744614733
2 3 0.001156759242777815
3 3 0.09834665770819319
4 3 -0.0009502945201358323
5 3 -0.5412274199433152
6 3 1.323625342458814
7 3 -1.742067740790377
8 3 1.413735246962392
9 3 -0.6212883675947218
10 3 5.337216125117703e-05
11 3 0.1348609300429562
12 3 0.000671977215018655
13 3 -0.06493815158899509
14 3 -0.002029207632965164
15 3 0.04347032994737747
16 3 0.005029785494187199
17 3 -0.04170823172278767
0 4 0.002171681452119952
1 4 0.02159071474614892
2 4 -0.001593552101686499
3 4 -0.04625898572320787
4 4 0.001387684244389503
5 4 0.1175080969338099
6 4 -0.001201532957571519
7 4 -0.6212883675947215
8 4 1.500937262173791
9 4 -1.95808414447738
10 4 1.580654622543245
11 4 -0.6936650329984098
12 4 -0.0003658999892464936
13 4 0.1527369711512049
14 4 0.002109686551996089
15 4 -0.07788542750946854
16 4 -0.00632876820220658
17 4 0.06530011763959503
0 5 -0.00290132236967508
1 5 -0.01537685555957859
2 5 0.002221927788664201
3 5 0.02858196655450431
4 5 -0.002047021375490583
5 5 -0.05546424956595841
6 5 0.001923751564194561
7 5 0.1348609300429574
8 5 -0.001731506451832744
9 5 -0.6936650329984103
10 5 1.659640978179435
11 5 -2.15010985802807
12 5 1.731625797530441
13 5 -0.7632340911753024
14 5 -0.001735116635499123
15 5 0.1765245588031711
16 5 0.007769815288527494
17 5 -0.1134715661848732
0 6 0.004000886849136535
1 6 0.01222167488886152
2 6 -0.003203670634711337
3 6 -0.02081381491953948
4 6 0.003123109442945023
5 6 0.03503212726873767
6 6 -0.003169342507170785
7 6 -0.06493815158899739
8 6 0.00320633838619257
9 6 0.1527369711512058
10 6 -0.003076030479343322
11 6 -0.7632340911753031
12 6 1.805184973321568
13 6 -2.319237912606429
14 6 1.870749971995001
15 6 -0.8414401502335719
16 6 -0.008533335405570656
17 6 0.2444773925484859
0 7 -0.005965245170480432
1 7 -0.01085388370377475
2 7 0.005012298702058006
3 7 0.0174648931148082
4 7 -0.00518472673634292
5 7 -0.02699240410197589
6 7 0.005681980547895431
7 7 0.04347032994738022
8 7 -0.006399745830264849
9 7 -0.07788542750947029
10 7 0.007272426292846104
11 7 0.1765245588031707
12 7 -0.00805245496118215
13 7 -0.8414401502335722
14 7 1.943991323891013
15 7 -2.444297193185033
16 7 2.002247674236813
17 7 -1.032229690248408
0 8 0.0122112921808088
1 8 0.01241584177769884
2 8 -0.01086291113253537
3 8 -0.01920456960238838
4 8 0.01203200867159963
5 8 0.02809915612011776
6 8 -0.01436744266456727
7 8 -0.04170823172278442
8 8 0.01813602603586347
9 8 0.06530011763959981
10 8 -0.02427522306422323
11 8 -0.1134715661848836
12 8 0.03507455149674527
13 8 0.244477392548494
14 8 -0.05702525857275358
15 8 -1.032229690248417
16 8 2.177614252498939
17 8 -1.898041915136088
