288
0 0 0.5003911677764397
1 0 -0.7975187446915504
2 0 0.706856318647364
3 0 -0.3262209508229834
4 0 0.0001848359653759749
5 0 0.07342787924574642
6 0 -0.0001281741262029972
7 0 -0.03441477915066663
8 0 6.796080896655868e-05
9 0 0.0206809550149228
10 0 2.723258506070538e-06
11 0 -0.0142029284654913
12 0 -9.067558771356757e-05
13 0 0.01064876819855401
14 0 0.0002049414727773698
15 0 -0.008530239438634844
16 0 -0.0003597978416790321
17 0 0.007230628238864566
18 0 0.0005812595110801238
19 0 -0.006486193175723274
20 0 -0.0009263906594641051
21 0 0.006281359228302108
22 0 0.001568173450883895
23 0 -0.007706119367074228
0 1 -0.0005515391329863936
1 1 -0.3262209508229836
2 1 0.8663874017915852
3 1 -1.196178180973887
4 1 0.9997229250808611
5 1 -0.4468244758059797
6 1 0.0002048607569615553
7 1 0.09729557008075421
8 1 -0.0001279439754148911
9 1 -0.04490320605163192
10 1 3.657781747942783e-05
11 1 0.02680852240500957
12 1 7.898095136533278e-05
13 1 -0.01840797668351037
14 1 -0.000231874508559411
15 1 0.01388264020725042
16 1 0.0004430185214462067
17 1 -0.01126859771954634
18 1 -0.0007506625606559308
19 1 0.00979301619801967
20 1 0.001238654544950568
21 1 -0.009264474759059125
22 1 -0.002160027030865222
23 1 0.01114719497708332
0 2 0.000711735324291267
1 2 0.07342787924574644
2 2 -0.0004783776467552203
3 2 -0.4468244758059796
4 2 1.118412585278826
5 2 -1.495057499777274
6 2 1.224449425317467
7 2 -0.5397993712606706
8 2 0.0002067632612226961
9 2 0.1156367394591033
10 2 -9.997368389283833e-05
11 2 -0.05297544425791821
12 2 -3.774603675119181e-05
13 2 0.03160050467251142
14 2 0.0002239866523970836
15 2 -0.02181815132870001
16 2 -0.0004870721449096899
17 2 0.01667625745809426
18 2 0.0008791492739888217
19 2 -0.01388996651856707
20 2 -0.001514725555824552
21 2 0.01274767317615478
22 2 0.002738145256896321
23 2 -0.01497613372360108
0 3 -0.000890680870634563
1 3 -0.03441477915066721
2 3 0.0006126584171867418
3 3 0.09729557008075415
4 3 -0.0005002433927281878
5 3 -0.5397993712606713
6 3 1.323284818360362
7 3 -1.743970838407798
8 3 1.413901467886477
9 3 -0.6187481521823168
10 3 0.0001933276354841617
11 3 0.131413588773461
12 3 -3.647801269239734e-05
13 3 -0.06008301192296572
14 3 -0.0001813989522868051
15 3 0.03600906285837896
16 3 0.0004978427284023057
17 3 -0.02519270067230064
18 3 -0.0009827316143715883
19 3 0.01977386856544458
20 3 0.00179033370636307
21 3 -0.01742257590322106
22 3 -0.003383902969611782
23 3 0.0198576920756054
0 4 0.001100345911811406
1 4 0.02068095501492318
2 4 -0.0007743243904381268
3 4 -0.04490320605163275
4 4 0.000651301154997224
5 4 0.115636739459105
6 4 -0.0005556632037740362
7 4 -0.6187481521823183
8 4 1.500454254734116
9 4 -1.961548096845572
10 4 1.580811044685705
11 4 -0.6888466834740122
12 4 0.0001556413517908583
13 4 0.1457602424635953
14 4 9.178016799786512e-05
15 4 -0.06685651044507288
16 4 -0.000463965829633982
17 4 0.04056824554647712
18 4 0.001054605405265103
19 4 -0.02915853189592021
20 4 -0.002072808015187089
21 4 0.02425816165462756
22 4 0.004148105886568419
23 4 -0.02656714755305951
0 5 -0.001354054638571757
1 5 -0.01420292846549194
2 5 0.0009747730795016416
3 5 0.02680852240501191
4 5 -0.000843806280633741
5 5 -0.05297544425792137
6 5 0.0007484326977565226
7 5 0.1314135887734641
8 5 -0.0006487859899689613
9 5 -0.6888466834740138
10 5 1.658833899399605
11 5 -2.157017089151342
12 5 1.731709830665649
13 5 -0.7528610945671022
14 5 6.928420548677343e-05
15 5 0.1594220851936635
16 5 0.0003588177382052586
17 5 -0.07389180202806832
18 5 -0.001069995913804055
19 5 0.04604333878065289
20 5 0.002352488413342564
21 5 -0.03514803115243156
22 5 -0.005082434008573303
23 5 0.03642167129804849
0 6 0.001670580274327898
1 6 0.01064876819855527
2 6 -0.001230567023678905
3 6 -0.01840797668351227
4 6 0.001095784245539801
5 6 0.03160050467251634
6 6 -0.001008290140432299
7 6 -0.06008301192297093
8 6 0.0009204646697150718
9 6 0.1457602424635983
10 6 -0.0008044818136190623
11 6 -0.7528610945671049
12 6 1.803404710789778
13 6 -2.335589746767057
14 6 1.870482515976494
15 6 -0.8126957658603459
16 6 -0.0001301716441821663
17 6 0.1732534510312261
18 6 0.0009731371667094967
19 6 -0.08227794720077446
20 6 -0.002589648594260969
21 6 0.05452633646522909
22 6 0.0062441498148848
23 6 -0.0520381656107461
0 7 -0.002080175935233784
1 7 -0.008530239438636796
2 7 0.001568677265301003
3 7 0.0138826402072539
4 7 -0.001436940518073647
5 7 -0.02181815132870457
6 7 0.001370044359717045
7 7 0.03600906285838779
8 7 -0.001311482296566577
9 7 -0.06685651044508074
10 7 0.001229033364239098
11 7 0.1594220851936645
12 7 -0.001085795871266718
13 7 -0.8126957658603458
14 7 1.937314016393541
15 7 -2.500226929564793
16 7 1.999673486576151
17 7 -0.8702381324581626
18 7 -0.0006402657403762499
19 7 0.1889837510626124
20 7 0.002668713239172739
21 7 -0.09534013619699516
22 7 -0.007676511015843053
23 7 0.07943403325865082
0 8 0.002638286002050646
1 8 0.007230628238866795
2 8 -0.002038576587138264
3 8 -0.01126859771954955
4 8 0.001921933474426636
5 8 0.01667625745809793
6 8 -0.001898156557913855
7 8 -0.02519270067230796
8 8 0.001900845277069148
9 8 0.04056824554649317
10 8 -0.001894867705657976
11 8 -0.07389180202807405
12 8 0.001840088770255043
13 8 0.1732534510312218
14 8 -0.001667781143887169
15 8 -0.8702381324581585
16 8 2.062790211306121
17 8 -2.651883850045432
18 8 2.1210967081548
19 8 -0.9288404189158095
20 8 -0.002251534952675511
21 8 0.212461742542933
22 8 0.00928695706834662
23 8 -0.1355594079677363
0 9 -0.00346626336987201
1 9 -0.006486193175725144
2 9 0.002748048108646131
3 9 0.009793016198022697
4 9 -0.002669512919703376
5 9 -0.01388996651857319
6 9 0.002732693402668059
7 9 0.01977386856544863
8 9 -0.002861014612387524
9 9 -0.02915853189592633
10 9 0.003022089749705847
11 9 0.04604333878067129
12 9 -0.003182626897979245
13 9 -0.0822779472007785
14 9 0.003279593186769653
15 9 0.1889837510626053
16 9 -0.003162456821741905
17 9 -0.9288404189158057
18 9 2.181873275003889
19 9 -2.78725095236437
20 9 2.236291496502203
21 9 -1.000506068150704
22 9 -0.01014087319847325
23 9 0.2881916402428332
0 10 0.004927782086982917
1 10 0.006281359228302342
2 10 -0.004017432611009128
3 10 -0.009264474759058665
4 10 0.004029936658805327
5 10 0.01274767317615615
6 10 -0.004284276463985863
7 10 -0.01742257590322339
8 10 0.004695969572637019
9 10 0.02425816165462279
10 10 -0.005255180829356432
11 10 -0.03514803115244396
12 10 0.005973772591479768
13 10 0.05452633646525033
14 10 -0.006863718338374546
15 10 -0.09534013619700084
16 10 0.007891235039221662
17 10 0.212461742542937
18 10 -0.008794756108659188
19 10 -1.000506068150709
20 10 2.299465337954835
21 10 -2.879096361136412
22 10 2.348167387524386
23 10 -1.204969601934504
0 11 -0.009570780358662736
1 11 -0.007706119367062918
2 11 0.008067402689500961
3 11 0.01114719497706251
4 11 -0.008403713129659771
5 11 -0.01497613372356774
6 11 0.009333355405752371
7 11 0.01985769207557147
8 11 -0.01077692050947955
9 11 -0.0265671475530363
10 11 0.01285769297689301
11 11 0.0364216712980354
12 11 -0.01586425542659697
13 11 -0.05203816561077931
14 11 0.02035949917217114
15 11 0.07943403325873317
16 11 -0.02749513131418743
17 11 -0.1355594079678202
18 11 0.03992980393276843
19 11 0.2881916402429132
20 11 -0.06514461792550405
21 11 -1.204969601934569
22 11 2.531004009339823
23 11 -2.201954288840047
