210
0 0 0.4983101931430358
1 0 -0.7980369986239464
2 0 0.7082923789685631
3 0 -0.325547011938277
4 0 -0.001006600051830053
5 0 0.07263122838152018
6 0 0.0008852017378038961
7 0 -0.03351172212391033
8 0 -0.0007764851440542146
9 0 0.01968909980304829
10 0 0.0006605951812865653
11 0 -0.01315339551157856
12 0 -0.0005214008641363558
13 0 0.009608779345077787
14 0 0.0003385727339600578
15 0 -0.007667034275446067
16 0 -7.798101177912647e-05
17 0 0.007077530525591877
18 0 -0.0003334479377572161
19 0 -0.01067560961165769
20 0 0.01111759929328904
0 1 0.002326237508169187
1 1 -0.3255470119382771
2 1 0.8643786793422364
3 1 -1.197061396985794
4 1 1.001412616347012
5 1 -0.4457715297418277
6 1 -0.001257562531073826
7 1 0.09609072311018534
8 1 0.001119881556549723
9 1 -0.04356590761579159
10 1 -0.0009718260107019056
11 1 0.02537632784841311
12 1 0.000790139596670854
13 1 -0.01696800920038378
14 1 -0.0005446941649270959
15 1 0.01266194791537592
16 1 0.000184140133377243
17 1 -0.01101313822854395
18 1 0.0004018491097942828
19 1 0.01567598780052202
20 1 -0.01586511940131722
0 2 -0.002953806190262539
1 2 0.07263122838151991
2 2 0.002111451427555526
3 2 -0.4457715297418278
4 2 1.116201989101311
5 2 -1.496324588143711
6 2 1.226398070864823
7 2 -0.5383343795360579
8 2 -0.001497078472951523
9 2 0.1139916947129516
10 2 0.001327969769303518
11 2 -0.05119013731942899
12 2 -0.001114971018653427
13 2 0.02977696044385744
14 2 0.0008167334683281604
15 2 -0.02023867051290811
16 2 -0.0003612797699445715
17 2 0.01630397679003311
18 2 -0.0004074480213928576
19 2 -0.02156159738292768
20 2 0.02101798914529749
0 3 0.003671230067976374
1 3 -0.03351172212391028
2 3 -0.002652408457381287
3 3 0.09609072311018597
4 3 0.002330389726189101
5 3 -0.5383343795360578
6 3 1.320740838259187
7 3 -1.745684281997559
8 3 1.416183111542022
9 3 -0.6167990666800954
10 3 -0.001790017621891858
11 3 0.1292669525195926
12 3 0.001556280339214572
13 3 -0.05785239399955985
14 3 -0.001212817222737673
15 3 0.03403457048923476
16 3 0.0006600789769352972
17 3 -0.02469195303420455
18 3 0.0003216943574228402
19 3 0.029656871109724
20 3 -0.02747616099044686
0 4 -0.00455830756020331
1 4 0.01968909980304911
2 4 0.003331893453972909
3 4 -0.04356590761579201
4 4 -0.00296806734095522
5 4 0.1139916947129522
6 4 0.002764683324174017
7 4 -0.6167990666800963
8 4 1.497395972801666
9 4 -1.96379764184994
10 4 1.583570091214973
11 4 -0.6863281500437226
12 4 -0.002195675735856806
13 4 0.1430938536002162
14 4 0.001823527194561208
15 4 -0.06444592573050571
16 4 -0.001176940670866588
17 4 0.03995082653398409
18 4 -5.837758068276709e-05
19 4 -0.04204515927917784
20 4 0.03625663282622754
0 5 0.005731051530175251
1 5 -0.01315339551157866
2 5 -0.004242650603635896
3 5 0.02537632784841451
4 5 0.003837178421951959
5 5 -0.05119013731943078
6 5 -0.003640860693918154
7 5 0.1292669525195948
8 5 0.003509260974144674
9 5 -0.6863281500437227
10 5 1.654936382660016
11 5 -2.15988875067497
12 5 1.73522924705453
13 5 -0.7497599591341517
14 5 -0.002820335655023854
15 5 0.1565681289854724
16 5 0.002110597794399306
17 5 -0.0732490652029044
18 5 -0.0005890195224813692
19 5 0.06339408660563579
20 5 -0.04911247134457879
0 6 -0.007408534707502458
1 6 0.009608779345078504
2 6 0.005560636400093166
3 6 -0.01696800920038401
4 6 -0.005113613589598978
5 6 0.02977696044386008
6 6 0.00495214484654809
7 6 -0.05785239399956184
8 6 -0.004897278352726762
9 6 0.1430938536002181
10 6 0.004871300615574479
11 6 -0.7497599591341533
12 6 1.797973911553551
13 6 -2.339002432580861
14 6 1.875398453563312
15 6 -0.8095418824248669
16 6 -0.003916231439881235
17 6 0.1729401485661857
18 6 0.002154758279358691
19 6 -0.107061265644333
20 6 0.06969064391436916
0 7 0.01010622344847886
1 7 -0.00766703427544657
2 7 -0.007698990152456497
3 7 0.01266194791537625
4 7 0.007209679573152552
5 7 -0.02023867051290952
6 7 -0.00714102808706903
7 7 0.03403457048923884
8 7 0.007266556476715445
9 7 -0.06444592573051026
10 7 -0.007503207683452035
11 7 0.1565681289854712
12 7 0.007784488258187989
13 7 -0.809541882424867
14 7 1.928499527357062
15 7 -2.502941451724736
16 7 2.007816164770695
17 7 -0.8715926384427055
18 7 -0.006265234495637865
19 7 0.2284705545216148
20 7 -0.1071956035412996
0 8 -0.01551855434295518
1 8 0.007077530525591263
2 8 0.01200973394934396
3 8 -0.01101313822854433
4 8 -0.01146793768467219
5 8 0.01630397679003087
6 8 0.01164121087712183
7 8 -0.02469195303420563
8 8 -0.01222628369413938
9 8 0.03995082653399476
10 8 0.01316417595998912
11 8 -0.0732490652029095
12 8 -0.01446934752589168
13 8 0.1729401485661864
14 8 0.01616869787972208
15 8 -0.8715926384427086
16 8 2.043385344910152
17 8 -2.642619114460329
18 8 2.140889280677644
19 8 -1.008308164397728
20 8 0.1934820687737462
0 9 0.03686221871765546
1 9 -0.01067560961165396
2 9 -0.02898757630329771
3 9 0.01567598780051477
4 9 0.02824499313110582
5 9 -0.02156159738291841
6 9 -0.02942694467951451
7 9 0.02965687110971482
8 9 0.0319817902778059
9 9 -0.04204515927917274
10 9 -0.03607099551462079
11 9 0.06339408660566087
12 9 0.04233347779884455
13 9 -0.1070612656443687
14 9 -0.05218312271686898
15 9 0.2284705545216504
16 9 0.06886568017668604
17 9 -1.008308164397761
18 9 2.078199485074976
19 9 -2.446653470875834
20 9 1.655171486820374
