300
0 0 0.4987247123636389
1 0 -0.7979962405601799
2 0 0.7080016211878245
3 0 -0.325596439232853
4 0 -0.0007625224971610646
5 0 0.0726821931388591
6 0 0.0006770586514209993
7 0 -0.03355492448974589
8 0 -0.0006060661773838066
9 0 0.01970842385360392
10 0 0.0005371127377684492
11 0 -0.01311788522924736
12 0 -0.0004624198138288689
13 0 0.009453130459566247
14 0 0.0003747613832416678
15 0 -0.007232312992903054
16 0 -0.0002651379681824231
17 0 0.005855407697921155
18 0 0.0001198117747677248
19 0 -0.005105062799592337
20 0 8.607775489742915e-05
21 0 0.005134210032932118
22 0 -0.0004076047268161269
23 0 -0.008428630486763119
24 0 0.009200607723279151
0 1 0.001719743291092107
1 1 -0.3255964392328532
2 1 0.8648112524747457
3 1 -1.197000188905156
4 1 1.001041838286668
5 1 -0.4458361675372524
6 1 -0.0009324825949711035
7 1 0.09614732308280667
8 1 0.0008425696244917119
9 1 -0.0435936936865441
10 1 -0.0007552774672466192
11 1 0.02533403798505848
12 1 0.0006599028782362183
13 1 -0.01676633331944213
14 1 -0.0005462833323181039
15 1 0.01207918572019012
16 1 0.000401535804099156
17 1 -0.009329930672893932
18 1 -0.0002057950872379572
19 1 0.007807208042776474
20 1 -7.699928375317356e-05
21 1 -0.007547943161501491
22 1 0.0005265238521518217
23 1 0.01192723300418254
24 1 -0.01278936104451618
0 2 -0.002131489652656106
1 2 0.07268219313885907
2 2 0.001514865826352551
3 2 -0.4458361675372521
4 2 1.116724280339252
5 2 -1.496254740964996
6 2 1.22592733371117
7 2 -0.5383968385280429
8 2 -0.001079430187146286
9 2 0.114022570753225
10 2 0.0009797210187670587
11 2 -0.05113935267809344
12 2 -0.0008698127119347217
13 2 0.02953264004540735
14 2 0.0007365603174032201
15 2 -0.01951607682722793
16 2 -0.0005629558548052196
17 2 0.01416148355813181
18 2 0.0003224249048276919
19 2 -0.01125772697753312
20 2 3.356275744403231e-05
21 2 0.01037649378766665
22 2 -0.0006121701875678768
23 2 -0.01565327014995839
24 2 0.01641355964700691
0 3 0.002573211497829552
1 3 -0.03355492448974596
2 3 -0.001841931107396534
3 3 0.09614732308280757
4 3 0.001605536403658954
5 3 -0.5383968385280432
6 3 1.321412340820614
7 3 -1.745628898431911
8 3 1.415564368058279
9 3 -0.6168205011209005
10 3 -0.001242804822776837
11 3 0.1291959180992428
12 3 0.001122725525232684
13 3 -0.05755302192241695
14 3 -0.0009740355340342474
15 3 0.03315007432245483
16 3 0.0007748317807311193
17 3 -0.02201253656640471
18 3 -0.0004902924958404696
19 3 0.01636415495619424
20 3 5.6171882387934e-05
21 3 -0.01421457280128486
22 3 0.0006697935222479841
23 3 0.02024445807296911
24 3 -0.0206295363111153
0 4 -0.003081409255426476
1 4 0.0197084238536043
2 4 0.002222772456963291
3 4 -0.04359369368654459
4 4 -0.001954713230688842
5 4 0.1140225707532261
6 4 0.00179997822395202
7 4 -0.6168205011209007
8 4 1.498318045198128
9 4 -1.963814638873669
10 4 1.582709447739292
11 4 -0.6862056793422306
12 4 -0.001445922277216292
13 4 0.1427030473198508
14 4 0.0012873662548739
15 4 -0.06334243112225843
16 4 -0.001067028135307375
17 4 0.03657789089623825
18 4 0.0007394910151910808
19 4 -0.02476226055367546
20 4 -0.0002195840188448851
21 4 0.01992394127129726
22 4 -0.0006828711989188548
23 4 -0.02637727071238205
24 4 0.02589079501690595
0 5 0.003695749299463179
1 5 -0.01311788522924807
2 5 -0.002688137778507415
3 5 0.02533403798506053
4 5 0.00238669842345967
5 5 -0.05113935267809636
6 5 -0.002222494482197014
7 5 0.1291959180992454
8 5 0.002104580251209851
9 5 -0.6862056793422318
10 5 1.656314986579376
11 5 -2.160139332656658
12 5 1.733927839421214
13 5 -0.7491859645777278
14 5 -0.001718324019193847
15 5 0.1551139311433979
16 5 0.001485945180517885
17 5 -0.06888133920881793
18 5 -0.001120637470972617
19 5 0.04034744418694296
20 5 0.0005084559710958621
21 5 -0.0292350798772251
22 5 0.0006094197748714332
23 5 0.03516905293606019
24 5 -0.03281534925698983
0 6 -0.004473813875282901
1 6 0.00945313045956744
2 6 0.003283210715652414
3 6 -0.01676633331944389
4 6 -0.002945370708919956
5 6 0.02953264004541159
6 6 0.002776292647854078
7 6 -0.05755302192242172
8 6 -0.002667460917359353
9 6 0.1427030473198546
10 6 0.0025769496754929
11 6 -0.7491859645777307
12 6 1.800299065939185
13 6 -2.340000454063913
14 6 1.873164786498286
15 6 -0.8074048477665237
16 6 -0.002111334653611516
17 6 0.1669236544284563
18 6 0.001725106847882261
19 6 -0.07481091440786274
20 6 -0.001023242716980384
21 6 0.04630538694804945
22 6 -0.0003554668923772512
23 6 -0.04883158234572828
24 6 0.04242390856702114
0 7 0.00551390192877191
1 7 -0.007232312992905386
2 7 -0.004085336713160163
3 7 0.01207918572019308
4 7 0.003706105342404357
5 7 -0.01951607682723169
6 7 -0.003539783308390343
7 7 0.033150074322463
8 7 0.003455356199470778
9 7 -0.06334243112226576
10 7 -0.003403582705725337
11 7 0.1551139311434002
12 7 0.003352207947388194
13 7 -0.8074048477665237
14 7 1.933225422162462
15 7 -2.506751464575682
16 7 2.003092190988378
17 7 -0.8621606737079635
18 7 -0.00273092800609948
19 7 0.179015946768606
20 7 0.001972639835313727
21 7 -0.08357377283009447
22 7 -0.0002986418216052618
23 7 0.0724948768523434
24 7 -0.05661721467055222
0 8 -0.007009916305474288
1 8 0.005855407697923153
2 8 0.005246899380697376
3 8 -0.009329930672897417
4 8 -0.004817267604977237
5 8 0.01416148355813501
6 8 0.0046672845150967
7 8 -0.0220125365664116
8 8 -0.004635308877590584
9 8 0.03657789089625367
10 8 0.004663980009018394
11 8 -0.06888133920882428
12 8 -0.004718735001043811
13 8 0.1669236544284524
14 8 0.00476304792082937
15 8 -0.8621606737079602
16 8 2.056815112709068
17 8 -2.662322730402805
18 8 2.125842868393422
19 8 -0.9152011658949528
20 8 -0.003837356326882633
21 8 0.1948948603943752
22 8 0.001921287985453554
23 8 -0.1209072649942938
24 8 0.07941687286697018
0 9 0.009424384331864844
1 9 -0.005105062799593251
2 9 -0.007130351389206236
3 9 0.007807208042778603
4 9 0.006630683636406356
5 9 -0.01125772697753782
6 9 -0.006523683981996343
7 9 0.01636415495619713
8 9 0.006601448867454826
9 9 -0.02476226055368047
10 9 -0.006798419368492195
11 9 0.04034744418696355
12 9 0.007084312188784457
13 9 -0.07481091440786994
14 9 -0.007433535358350174
15 9 0.1790159467686031
16 9 0.007800647307526521
17 9 -0.9152011658949514
18 9 2.171378541657947
19 9 -2.806500265648626
20 9 2.243982751910951
21 9 -0.9726110538617577
22 9 -0.006249262880863468
23 9 0.2552124168273507
24 9 -0.1210118409800702
0 10 -0.0142864000525679
1 10 0.005134210032931662
2 10 0.01092991211692924
3 10 -0.007547943161499635
4 10 -0.0103009604690596
5 10 0.0103764937876664
6 10 0.01030106942620533
7 10 -0.01421457280128619
8 10 -0.01063526778447051
9 10 0.01992394127129239
10 10 0.0112321428373486
11 10 -0.02923507987724023
12 10 -0.01208942738592371
13 10 0.04630538694807746
14 10 0.01324034202752489
15 10 -0.08357377283010989
16 10 -0.01474038493692459
17 10 0.1948948603943908
18 10 0.01663957879484563
19 10 -0.9726110538617719
20 10 2.27243763642071
21 10 -2.927625270483458
22 10 2.365620346931415
23 10 -1.114882123638356
24 10 0.2166991208712316
0 11 0.03356200239107706
1 11 -0.008428630486749349
2 11 -0.02596126848188291
3 11 0.01192723300415682
4 11 0.02479847932178156
5 11 -0.01565327014991758
6 11 -0.02521410323745621
7 11 0.02024445807292892
8 11 0.02658032706102325
9 11 -0.02637727071235936
10 11 -0.02883005652145511
11 11 0.03516905293605944
12 11 0.03213198720368358
13 11 -0.04883158234579323
14 11 -0.03688808102269383
15 11 0.0724948768524766
16 11 0.0438823095561042
17 11 -0.1209072649944343
18 11 -0.05469343218536954
19 11 0.2552124168274937
20 11 0.07287628971130888
21 11 -1.114882123638483
22 11 2.289792314656014
23 11 -2.679296235760677
24 11 1.803170655084807
