1250
0 0 0.5001259891195616
1 0 -0.7978037546320155
2 0 0.7070216097957279
3 0 -0.3258377569956743
4 0 6.974392283856365e-05
5 0 0.07295590917210913
6 0 -5.93550514650032e-05
7 0 -0.03385079887038441
8 0 5.080338500452359e-05
9 0 0.02001570580643167
10 0 -4.29821088349584e-05
11 0 -0.01342178053744178
12 0 3.535434319466058e-05
13 0 0.009730267054352577
14 0 -2.759327284681558e-05
15 0 -0.00744220936681574
16 0 1.946028483386437e-05
17 0 0.00592083757682116
18 0 -1.075280293586345e-05
19 0 -0.004856096341521298
20 0 1.276927086952123e-06
21 0 0.004081542080222602
22 0 9.170438932515536e-06
23 0 -0.003501022469695449
24 0 -2.081645804122967e-05
25 0 0.0030557327256689
26 0 3.392784963901867e-05
27 0 -0.0027080513822361
28 0 -4.882997037312009e-05
29 0 0.002433041291328839
30 0 6.593306478413192e-05
31 0 -0.002213731713409033
32 0 -8.577120902756438e-05
33 0 0.002038394650321525
34 0 0.0001090636997379061
35 0 -0.001898948488073938
36 0 -0.0001368177171788741
37 0 0.001790067776150915
38 0 0.0001705117649309899
39 0 -0.001708841567404699
40 0 -0.0002124510270234234
41 0 0.001655086257424885
42 0 0.0002665318770529573
43 0 -0.001633002923499411
44 0 -0.0003401426017069764
45 0 0.001657183140776989
46 0 0.000450032202335695
47 0 -0.001780947030743159
48 0 -0.0006486604318385482
49 0 0.002428843550811841
0 1 -0.000164902244061143
1 1 -0.3258377569956731
2 1 0.86613747241301
3 1 -1.19669605384594
4 1 0.9999076567432278
5 1 -0.4461831080770115
6 1 7.918434955974682e-05
7 1 0.09652468446863727
8 1 -6.842216624112552e-05
9 1 -0.04398827428092388
10 1 5.861635072472352e-05
11 1 0.02572720528831974
12 1 -4.906832335065097e-05
13 1 -0.01712791540708601
14 1 3.935241088980245e-05
15 1 0.01235580447277844
16 1 -2.915710996414261e-05
17 1 -0.009417941660048711
18 1 1.821709466189921e-05
19 1 0.007475216229599487
20 1 -6.277474405407194e-06
21 1 -0.006121973836768453
22 1 -6.929656427164459e-06
23 1 0.005141748229700324
24 1 2.170484006305627e-05
25 1 -0.004410132316388785
26 1 -3.840179012802538e-05
27 1 0.003851399065668409
28 1 5.745275329104423e-05
29 1 -0.003417331735315746
30 1 -7.94034318850312e-05
31 1 0.00307615322677634
32 1 0.000104964782569662
33 1 -0.002806424063193153
34 1 -0.0001350946131586431
35 1 0.002593568726125149
36 1 0.0001711339077784001
37 1 -0.002427921427953669
38 1 -0.0002150501633556585
39 1 0.002303811738913168
40 1 0.0002699082863372204
41 1 -0.002219687973363106
42 1 -0.0003408826431325282
43 1 0.002180106121769408
44 1 0.0004377708315500454
45 1 -0.002203477150281604
46 1 -0.0005827485376393094
47 1 0.002359119252505253
48 1 0.0008451594061215793
49 1 -0.003203227069015908
0 2 0.0001971058158595292
1 2 0.07295590917210508
2 2 -0.0001346515857367352
3 2 -0.4461831080770083
4 2 1.118145615381658
5 2 -1.495856516689383
6 2 1.224648452911442
7 2 -0.5388328960121987
8 2 8.406714847173373e-05
9 2 0.1144818622667913
10 2 -7.286079229551921e-05
11 2 -0.05160063524447621
12 2 6.196926026839172e-05
13 2 0.02996048988825115
14 2 -5.088617318612415e-05
15 2 -0.01984623729297414
16 2 3.924006878044766e-05
17 2 0.01426654304745702
18 2 -2.671344328084515e-05
19 2 -0.0108482092811106
20 2 1.300007950830683e-05
21 2 0.008597256756195477
22 2 2.223093657990756e-06
23 2 -0.007035328198212864
24 2 -1.93196993796397e-05
25 2 0.005908177347838307
26 2 3.871884724736555e-05
27 2 -0.005070223211393945
28 2 -6.094602288942121e-05
29 2 0.004433182001907086
30 2 8.666566654776305e-05
31 2 -0.003941092218290034
32 2 -0.0001167443245044332
33 2 0.00355731588143971
34 2 0.0001523500501373963
35 2 -0.003257437885431685
36 2 -0.0001951183228075017
37 2 0.003025325550411905
38 2 0.0002474478504175536
39 2 -0.002851123731922904
40 2 -0.0003130723487733007
41 2 0.002730865237530949
42 2 0.0003982880467192294
43 2 -0.002668525517132598
44 2 -0.0005149993169475792
45 2 0.002685102001410033
46 2 0.0006901050671230739
47 2 -0.002862921198869504
48 2 -0.001007570038063479
49 2 0.003868920700255709
0 3 -0.0002277232815929148
1 3 -0.03385079887037591
2 3 0.0001563647483358311
3 3 0.09652468446862834
4 3 -0.0001303970483477008
5 3 -0.5388328960121938
6 3 1.322989081132456
7 3 -1.745147941645541
8 3 1.414113814926823
9 3 -0.6173310417768573
10 3 8.7396060507073e-05
11 3 0.1297129040215834
12 3 -7.541791806224118e-05
13 3 -0.05803648387570381
14 3 6.32307574902903e-05
15 3 0.03352532664057696
16 3 -5.040637202357315e-05
17 3 -0.02212774291004149
18 3 3.657740302764157e-05
19 3 0.0158669640610476
20 3 -2.138805876748594e-05
21 3 -0.01204567734170099
22 3 4.461423922889014e-06
23 3 0.009538001271931036
24 3 1.462827235525642e-05
25 3 -0.007803767394246933
26 3 -3.638501289423037e-05
27 3 0.006556705797743495
28 3 6.14274868811508e-05
29 3 -0.005633379213320946
30 3 -9.053946239777001e-05
31 3 0.004935016511320583
32 3 0.0001247444878164814
33 3 -0.004399322077297829
34 3 -0.000165423409814503
35 3 0.003985886822577177
36 3 0.0002145102799706568
37 3 -0.003668342805169026
38 3 -0.0002748412870867594
39 3 0.003430259895548046
40 3 0.0003508282407814197
41 3 -0.003263685450123282
42 3 -0.0004499026700933502
43 3 0.003170935152398812
44 3 0.0005860947463941818
45 3 -0.003174775616539386
46 3 -0.0007910506466444025
47 3 0.003369692194526353
48 3 0.001163364488866583
49 3 -0.004530500021460928
0 4 0.0002585147128817444
1 4 0.0200157058064295
2 4 -0.0001784052160199351
3 4 -0.04398827428092397
4 4 0.0001496428903476807
5 4 0.114481862266798
6 4 -0.0001310563675127592
7 4 -0.6173310417768714
8 4 1.500116202532716
9 4 -1.963268248601728
10 4 1.581035968404361
11 4 -0.6867635201927896
12 4 8.995772384240528e-05
13 4 0.1432283544594723
14 4 -7.683286709222213e-05
15 4 -0.06375006811916585
16 4 6.300209857071365e-05
17 4 0.0366895473456335
18 4 -4.804771883447307e-05
19 4 -0.02415337374775052
20 4 3.156337083092643e-05
21 4 0.01728977303239427
22 4 -1.311666417924128e-05
23 4 -0.01311325955385276
24 4 -7.782793830061784e-06
25 4 0.01038062981405967
26 4 3.171747146474885e-05
27 4 -0.008496773906587284
28 4 -5.940443854565885e-05
29 4 0.007147026531830196
30 4 9.175415595784859e-05
31 4 -0.006152214097811045
32 4 -0.0001299576792397714
33 4 0.005404463278929084
34 4 0.0001756237157586031
35 4 -0.00483620177864455
36 4 -0.0002310069418668061
37 4 0.004404267094348407
38 4 0.000299413928260442
39 4 -0.004081654467980229
40 4 -0.0003859859837634768
41 4 0.00385391812668803
42 4 0.0004993747542785283
43 4 -0.003720126755098821
44 4 -0.0006558895425642006
45 4 0.00370387118752425
46 4 0.0008922495930348408
47 4 -0.00391157887607013
48 4 -0.001322616761157707
49 4 0.005229879906589934
0 5 -0.0002904054852671117
1 5 -0.01342178053749853
2 5 0.0002014168107198793
3 5 0.02572720528839831
4 5 -0.0001699103851790843
5 5 -0.05160063524457875
6 5 0.0001497967097626033
7 5 0.1297129040217112
8 5 -0.0001338724923590782
9 5 -0.6867635201929169
10 5 1.658432053740042
11 5 -2.159565662881733
12 5 1.731944854195125
13 5 -0.7497279624465016
14 5 9.20217072638176e-05
15 5 0.1555284252298798
16 5 -7.732005552452301e-05
17 5 -0.0689604358790704
18 5 6.137846991271083e-05
19 5 0.0395804821715521
20 5 -4.373760528456149e-05
21 5 -0.02600877215494476
22 5 2.390636114612924e-05
23 5 0.01859798990898121
24 5 -1.3253148390951e-06
25 5 -0.01410032339566032
26 5 -2.467254969044918e-05
27 5 0.01116572163899475
28 5 5.491107522498757e-05
29 5 -0.009149081489427007
30 5 -9.043912075910652e-05
31 5 0.007709994174207491
32 5 0.0001326317366951629
33 5 -0.006655170980514904
34 5 -0.0001833491170611023
35 5 0.005868819702661406
36 5 0.0002452009744051881
37 5 -0.005279209586312135
38 5 -0.0003220162508098637
39 5 0.004841876752082462
40 5 0.0004197468012134247
41 5 -0.00453172420476058
42 5 -0.0005484004920406798
43 5 0.004342043389510808
44 5 0.0007268159103662959
45 5 -0.004295846833983328
46 5 -0.0009973237582056496
47 5 0.004511448986264651
48 5 0.001491239985148629
49 5 -0.005995392730567911
0 6 0.0003240342934293956
1 6 0.009730267054149352
2 6 -0.000225857341742021
3 6 -0.01712791540682323
4 6 0.0001916013135589239
5 6 0.02996048988794357
6 6 -0.0001700181254152563
7 6 -0.0580364838753555
8 6 0.0001531090322854431
9 6 0.1432283544590481
10 6 -0.0001381239982317181
11 6 -0.7497279624458504
12 6 1.802899368460525
13 6 -2.33949244927798
14 6 1.87071958009252
15 6 -0.8077717294989205
16 6 9.36669849987009e-05
17 6 0.166907457267551
18 6 -7.6866797126391e-05
19 6 -0.07379479904436398
20 6 5.81970364713954e-05
21 6 0.04227170902736088
22 6 -3.710354854185488e-05
23 6 -0.02774366485033998
24 6 1.295205783459873e-05
25 6 0.01982875164181286
26 6 1.501695240231083e-05
27 6 -0.015036700660847
28 6 -4.774509259598211e-05
29 6 0.01191870184692356
30 6 8.64349875059062e-05
31 6 -0.00978353273096731
32 6 -0.0001326674316625056
33 6 0.008267202890242365
34 6 0.0001885853535981494
35 6 -0.007163772145705826
36 6 -0.0002571995745721317
37 6 0.006350839495076238
38 6 0.0003429308726308703
39 6 -0.005754170185269058
40 6 -0.0004526522560349725
41 6 0.005330873802943484
42 6 0.0005979118620798561
43 6 -0.005064251202068373
44 6 -0.0008004210407522284
45 6 0.004974435351781058
46 6 0.001108868319930585
47 6 -0.00519141569629275
48 6 -0.001673920705857376
49 6 0.006853158556726956
0 7 -0.0003599373495772773
1 7 -0.007442209366522177
2 7 0.0002521226972168828
3 7 0.01235580447240004
4 7 -0.0002150742976077685
5 7 -0.01984623729253006
6 7 0.0001920636445660463
7 7 0.03352532664007861
8 7 -0.000174248906311345
9 7 -0.06375006811857145
10 7 0.0001585937257810371
11 7 0.1555284252290111
12 7 -0.0001436279429033642
13 7 -0.8077717294987852
14 7 1.936620123705968
15 7 -2.506552583344332
16 7 1.999887607638797
17 7 -0.861908069581776
18 7 9.486971976557639e-05
19 7 0.177558026109613
20 7 -7.530657891847293e-05
21 7 -0.07833635665172214
22 7 5.308051300834923e-05
23 7 0.04481176642724763
24 7 -2.74753809508568e-05
25 7 -0.02939154834958397
26 7 -2.370475323093573e-06
27 7 0.02100794928572563
28 7 3.752987144957851e-05
29 7 -0.01594421810734345
30 7 -7.937814916814177e-05
31 7 0.01265936310546397
32 7 0.0001297289240530959
33 7 -0.01041929844252391
34 7 -0.000191047183608774
35 7 0.00883843708982701
36 7 0.000266803085870174
37 7 -0.007699813484601585
38 7 -0.0003620986515391462
39 7 0.006876356974075819
40 7 0.0004848695131655225
41 7 -0.006294613857614261
42 7 -0.000648446412689442
43 7 0.005920623286890264
44 7 0.0008778578878359771
45 7 -0.005767686305739709
46 7 -0.001229128741915589
47 7 0.005976679192423239
48 7 0.001875174069016633
49 7 -0.007831844997224745
0 8 0.0003986310932163656
1 8 0.005920837579385189
2 8 -0.0002806034564968486
3 8 -0.00941794166343481
4 8 0.0002406919526621867
5 8 0.01426654305155688
6 8 -0.0002162889066465792
7 8 -0.02212774291485812
8 8 0.0001976502424574033
9 8 0.03668954735117198
10 8 -0.0001814341371336159
11 8 -0.06896043588519248
12 8 0.0001660238576958658
13 8 0.166907457275502
14 8 -0.0001504282686366992
15 8 -0.8619080695910099
16 8 2.061686722232964
17 8 -2.663153732125314
18 8 2.121204522140769
19 8 -0.9128451721147566
20 8 9.552316567588596e-05
21 8 0.1876158688922765
22 8 -7.231803282786438e-05
23 8 -0.08264460110894052
24 8 4.539994240307809e-05
25 8 0.04723634519332331
26 8 -1.379384805846107e-05
27 8 -0.03097816833961252
28 8 -2.372016592443012e-05
29 8 0.02215671965455608
30 8 6.87128780396015e-05
31 8 -0.01684206026541354
32 8 -0.0001232636051581796
33 8 0.01340662577912177
34 8 0.0001902077313711916
35 8 -0.01107644775899335
36 8 -0.0002735473504879777
37 8 0.009446498291508485
38 8 0.0003791775414963791
39 8 -0.008291133888082123
40 8 -0.0005162776233586916
41 8 0.007482419142369799
42 8 0.0007002673081959455
43 8 -0.006956066957482422
44 8 -0.0009600744673687244
45 8 0.006711554091314046
46 8 0.001360312467077914
47 8 -0.006898578719974797
48 8 -0.002099883565374899
49 8 0.008966022053512797
0 9 -0.0004406608792115524
1 9 -0.004856096342829151
2 9 0.0003117192614781434
3 9 0.007475216231322897
4 9 -0.000268850597539624
5 9 -0.01084820928319714
6 9 0.0002430892338401425
7 9 0.01586696406349442
8 9 -0.0002237178376041878
9 9 -0.02415337375053118
10 9 0.0002070662750147082
11 9 0.03958048217448569
12 9 -0.0001913610201567238
13 9 -0.07379479904877932
14 9 0.0001755148864838136
15 9 0.1775580261147706
16 9 -0.0001587169525617792
17 9 -0.9128451721085128
18 9 2.179589726461637
19 9 -2.811033068409382
20 9 2.235948560419075
21 9 -0.9611026336841298
22 9 9.542678900561267e-05
23 9 0.1971825057717211
24 9 -6.737880180750566e-05
25 9 -0.08676556769704866
26 9 3.417189753324476e-05
27 9 0.0495745990962357
28 9 5.579354094657697e-06
29 9 -0.03252614102797335
30 9 -5.366795525359432e-05
31 9 0.02329528402483466
32 9 0.0001124783279584015
33 9 -0.01775032780381701
34 9 -0.0001852750586691569
35 9 0.01418221090937818
36 9 0.000276681713397021
37 9 -0.01178019484121857
38 9 -0.0003935266865169039
39 9 0.01012277965343906
40 9 0.0005464603913170305
41 9 -0.008980129900278879
42 9 -0.0007533867115096541
43 9 0.008233082204800814
44 9 0.001047870885912961
45 9 -0.007854447123836036
46 9 -0.00150476056873056
47 9 0.00799810960563976
48 9 0.002353747253584254
49 9 -0.01029974521590365
0 10 0.0004866390513511016
1 10 0.004081542075209733
2 10 -0.0003459467814775553
3 10 -0.006121973830165489
4 10 0.0003000055157394365
5 10 0.008597256748240715
6 10 -0.0002729238015867229
7 10 -0.01204567733241428
8 10 0.0002529269888596097
9 10 0.01728977302163505
10 10 -0.0002359898155384664
11 10 -0.02600877214234499
12 10 0.0002201702159113643
13 10 0.04227170901423621
14 10 -0.0002042784579838519
15 10 -0.07833635663685855
16 10 0.0001874260254293133
17 10 0.1876158688613186
18 10 -0.0001688294376685348
19 10 -0.9611026336569589
20 10 2.291435550122431
21 10 -2.951491213343697
22 10 2.345084699128019
23 10 -1.007076748018698
24 10 9.425017848247832e-05
25 10 0.2063381032937847
26 10 -5.966923732717441e-05
27 10 -0.0907379106874688
28 10 1.786606776489289e-05
29 10 0.05185320195340821
30 10 3.320571736597593e-05
31 10 -0.03405830538681967
32 10 -9.62824197668708e-05
33 10 0.02444619293646089
34 10 0.0001751289441426487
35 10 -0.01869361446112917
36 10 -0.0002751004485567054
37 10 0.01501506779450841
38 10 0.0004041336916170341
39 10 -0.01256704886218111
40 10 -0.0005746394696915553
41 10 0.01091701396796062
42 10 0.0008075086859778052
43 10 -0.009842131709628714
44 10 -0.001141908975637979
45 10 0.009264049852687676
46 10 0.001665034534991084
47 10 -0.009330867633382096
48 10 -0.002643693372202481
49 10 0.01189123787267665
0 11 -0.0005372831547298404
1 11 -0.003501022467435206
2 11 0.0003838487292716772
3 11 0.005141748226733659
4 11 -0.0003346980782926532
5 11 -0.007035328194662758
6 11 0.0003063425123583174
7 11 0.009538001267832984
8 11 -0.0002858509426012928
9 11 -0.01311325954911326
10 11 0.0002688116857000074
11 11 0.01859798990322519
12 11 -0.0002531007843593921
13 11 -0.02774366484527629
14 11 0.0002374189452116855
15 11 0.04481176642164175
16 11 -0.0002207953945454689
17 11 -0.08264460108635591
18 11 0.0002023715246702425
19 11 0.1971825057556214
20 11 -0.0001812813413049277
21 11 -1.007076748036493
22 11 2.398072327296899
23 11 -3.085530092278395
24 11 2.449362650796175
25 11 -1.051080070772183
26 11 9.146311942725086e-05
27 11 0.2151497356096974
28 11 -4.789734701811533e-05
29 11 -0.09459728356637517
30 11 -5.940822633887947e-06
31 11 0.05409979118432774
32 11 7.319456722459125e-05
33 11 -0.03560113791864725
34 11 -0.0001582146521969882
35 11 0.02563826908764649
36 11 0.0002672230397065234
37 11 -0.01970610359575837
38 11 -0.0004094838663642841
39 11 0.01594866775073511
40 11 0.0005995360015310813
41 11 -0.01349653179747892
42 11 -0.0008619095027696811
43 11 0.0119193205810915
44 11 0.001242626475772197
45 11 -0.01103827089945488
46 11 -0.001844032901908361
47 11 0.01097471125963459
48 11 0.002978326408979314
49 11 -0.01381972219420132
0 12 0.0005934616429683591
1 12 0.003055732724668443
2 12 -0.0004261092742127432
3 12 -0.004410132315108395
4 12 0.000373589500418446
5 12 0.005908177346318446
6 12 -0.0003440200798487081
7 12 -0.007803767392543396
8 12 0.0003231963436663746
9 12 0.01038062981213772
10 12 -0.0003062836626581147
11 12 -0.01410032339314392
12 12 0.0002909611008657548
13 12 0.01982875164064293
14 12 -0.000275812404911016
15 12 -0.02939154834847416
16 12 0.0002597801345613231
17 12 0.04723634517330245
18 12 -0.0002419269517422768
19 12 -0.08676556768557581
20 12 0.0002213026872436096
21 12 0.2063381033229965
22 12 -0.0001968475880589633
23 12 -1.051080070781819
24 12 2.500167300625237
25 12 -3.213938497538944
26 12 2.549378663713829
27 12 -1.093367200971971
28 12 8.620823997890599e-05
29 12 0.2236775886879317
30 12 -2.998135761779433e-05
31 12 -0.09838041800645725
32 12 -4.120147224143944e-05
33 12 0.05634694354071255
34 12 0.0001323790577922663
35 12 -0.03718945299155634
36 12 -0.0002508058491208845
37 12 0.02691283541136336
38 12 0.0004073479111625701
39 12 -0.02084061392223602
40 12 -0.0006191427106588904
41 12 0.01705556852841713
42 12 0.0009152082653663489
43 12 -0.01467830299032365
44 12 -0.001350083800873551
45 12 0.01332397883289394
46 12 0.002044997953330031
47 12 -0.01304202550531651
48 12 -0.003368697216560961
49 12 0.01619616457970774
0 13 -0.0006562552450683994
1 13 -0.002708051384065394
2 13 0.0004735820529116682
3 13 0.00385139906809402
4 13 -0.0004175070243243712
5 13 -0.005070223214467656
6 13 0.0003868030555711329
7 13 0.006556705801328807
8 13 -0.0003658525294915277
9 13 -0.00849677391074048
10 13 0.0003493550371500954
11 13 0.0111657216435913
12 13 -0.0003347756586558141
13 13 -0.01503670066816212
14 13 0.000320573609196954
15 13 0.02100794929411683
16 13 -0.0003056010757491137
17 13 -0.03097816832702472
18 13 0.0002888395937438451
19 13 0.04957459909571002
20 13 -0.0002692520790483572
21 13 -0.09073791073661067
22 13 0.0002456735902049501
23 13 0.2151497356377738
24 13 -0.0002167060333047423
25 13 -1.093367200991316
26 13 2.598256805507126
27 13 -3.337347061032839
28 13 2.645616250839004
29 13 -1.134153085891139
30 13 7.706654865288404e-05
31 13 0.2319807581869767
32 13 -2.455787257240893e-06
33 13 -0.1021301463551006
34 13 -9.461962560595008e-05
35 13 0.05863808936112589
36 13 0.0002226487091692235
37 13 -0.03887433337282494
38 13 -0.0003944439686950847
39 13 0.02833531524811315
40 13 0.000630347069371005
41 13 -0.02218722887561336
42 13 -0.0009649813516895304
43 13 0.01847163474204555
44 13 0.001463631754332759
45 13 -0.0163507092950446
46 13 -0.002271500724474263
47 13 0.01570076495629454
48 13 0.003829135397264265
49 13 -0.01918051695332956
0 14 0.0007270448703748203
1 14 0.002433041292908213
2 14 -0.0005273592113108835
3 14 -0.003417331737434381
4 14 0.0004675105663697885
5 14 0.004433182004436777
6 14 -0.0004357779075694785
7 14 -0.005633379216851643
8 14 0.000414963092843561
9 14 0.007147026535545772
10 14 -0.0003992492621422926
11 14 -0.009149081493257457
12 14 0.0003858683424634129
13 14 0.01191870185431467
14 14 -0.0003731476019553639
15 14 -0.0159442181158856
16 14 0.0003598465442296311
17 14 0.02215671963739414
18 14 -0.0003448653834037363
19 14 -0.03252614102485275
20 14 0.0003270801574656459
21 14 0.05185320200927752
22 14 -0.0003052192529058232
23 14 -0.09459728359594632
24 14 0.0002777422980405379
25 14 0.2236775887060772
26 14 -0.0002426952952846478
27 14 -1.134153085885196
28 14 2.69277991871129
29 14 -3.456263900072878
30 14 2.738474041370723
31 14 -1.173627780826093
32 14 6.160754252897579e-05
33 14 0.2401242848787682
34 14 4.069687308562227e-05
35 14 -0.1059031825901363
36 14 -0.0001781348327554063
37 14 0.0610379445545973
38 14 0.0003658967979112996
39 14 -0.04073843991366809
40 14 -0.0006283117179146094
41 14 0.03001972830702573
42 14 0.001007094602401344
43 14 -0.02391764837758894
44 14 -0.001581313890667009
45 14 0.02049518850976822
46 14 0.002527214972175002
47 14 -0.01921196988052367
48 14 -0.004378594104737
49 14 0.02301109145605526
0 15 -0.0008076447180590721
1 15 -0.00221373171506351
2 15 0.0005888760544345113
3 15 0.003076153228889393
4 15 -0.0005249938128408807
5 15 -0.003941092220971638
6 15 0.0004923743436756878
7 15 0.004935016514168184
8 15 -0.0004720345324154199
9 15 -0.006152214103080693
10 15 0.0004575803523325131
11 15 0.007709994178420666
12 15 -0.0004459889095524577
13 15 -0.009783532738867394
14 15 0.000435448784562142
15 15 0.01265936311553045
16 15 -0.0004246269629983694
17 15 -0.01684206024445748
18 15 0.0004123459118145155
19 15 0.02329528402061462
20 15 -0.0003973996730857353
21 15 -0.03405830545373497
22 15 0.0003784142543074641
23 15 0.05409979121844708
24 15 -0.0003537082920626139
25 15 -0.09838041802562075
26 15 0.0003211236282421416
27 15 0.2319807581762798
28 15 -0.0002777935778483545
29 15 -1.173627780821986
30 15 2.784101984500803
31 15 -3.571096589858882
32 15 2.828285459466296
33 15 -1.21197098333774
34 15 3.547914562119553e-05
35 15 0.2481899921495839
36 15 0.0001104911237571265
37 15 -0.1097842808963646
38 15 -0.0003143504895578457
39 15 0.06365329775911768
40 15 0.000605429715927948
41 15 -0.04292917526035009
42 15 -0.001034531821811247
43 15 0.03218795108003694
44 15 0.001698719689556353
45 15 -0.02641410190742239
46 15 -0.00281533603456245
47 15 0.0240010764375411
48 15 0.005042428856488567
49 15 -0.02805668553228401
0 16 0.0009005137213803768
1 16 0.002038394652036874
2 16 -0.0006600772285410892
3 16 -0.00280642406553356
4 16 0.0005918446813618528
5 16 0.003557315883537525
6 16 -0.0005585292064168645
7 16 -0.004399322080485945
8 16 0.0005391084704161718
9 16 0.005404463281309339
10 16 -0.0005265372318535307
11 16 -0.006655170989401169
12 16 0.0005175131314972123
13 16 0.008267202899604273
14 16 -0.0005100808207319427
15 16 -0.01041929845412802
16 16 0.0005028191152577951
17 16 0.01340662575451571
18 16 -0.0004944825834406613
19 16 -0.01775032779934595
20 16 0.0004837963622579868
21 16 0.02444619301783378
22 16 -0.0004692985136798448
23 16 -0.03560113795861106
24 16 0.0004491800265821478
25 16 0.05634694356119482
26 16 -0.000421086927162759
27 16 -0.102130146337574
28 16 0.0003818454713028395
29 16 0.2401242848687506
30 16 -0.0003270536998676762
31 16 -1.21197098333192
32 16 2.87253176796277
33 16 -3.682162261770214
34 16 2.915333096826255
35 16 -1.249370705389036
36 16 -9.56206990735491e-06
37 16 0.2562964447581978
38 16 0.0002284676747388937
39 16 -0.1139153178633479
40 16 -0.0005495079487954545
41 16 0.06667935135675206
42 16 0.001035275090486549
43 16 -0.04574065091190199
44 16 -0.001806763953884841
45 16 0.03534341508461717
46 16 0.003137092718556549
47 16 -0.03080322644929686
48 16 -0.00585494102085936
49 16 0.03491472612644736
0 17 -0.001009109853425874
1 17 -0.001898948489674421
2 17 0.0007436949267093691
3 17 0.002593568728385984
4 17 -0.0006707136674716332
5 17 -0.003257437888542648
6 17 0.0006369602404201247
7 17 0.003985886821807766
8 17 -0.0006190489531548034
9 17 -0.004836201781573094
10 17 0.0006091908489744554
11 17 0.005868819701266711
12 17 -0.0006037757454128297
13 17 -0.007163772169717302
14 17 0.0006007019422441882
15 17 0.008838437103226078
16 17 -0.0005984713638164206
17 17 -0.01107644772699965
18 17 0.0005957908874312527
19 17 0.01418221090741213
20 17 -0.0005913436203542514
21 17 -0.01869361456691621
22 17 0.0005836116388725129
23 17 0.02563826913568163
24 17 -0.0005706933453064142
25 17 -0.03718945301338558
26 17 0.0005500735879176149
27 17 0.05863808933397067
28 17 -0.0005182989232767293
29 17 -0.1059031825712706
30 17 0.0004704871207882043
31 17 0.2481899921350393
32 17 -0.0003995507372732128
33 17 -1.249370705380344
34 17 2.958334806903022
35 17 -3.789683326399716
36 17 2.999859694074759
37 17 -1.286054570526175
38 17 -9.028723161704779e-05
39 17 0.2646410848652944
40 17 0.0004404785012587449
41 17 -0.1185623768379339
42 17 -0.0009883097636198784
43 17 0.07051768324442566
44 17 0.001887214006397225
45 17 -0.04985803633812259
46 17 -0.00348813297202579
47 17 0.04098743513360487
48 17 0.006862603609939648
49 17 -0.04460898910222379
0 18 0.001138521901160992
1 18 0.001790067777643373
2 18 -0.0008437443888816323
3 18 -0.00242792142978955
4 18 0.0007654911729821474
5 18 0.003025325553932787
6 18 -0.0007316523805767927
7 18 -0.003668342810897478
8 18 0.0007160520014271683
9 18 0.004404267080040823
10 18 -0.0007100379787581475
11 18 -0.005279209587172947
12 18 0.0007096589872301715
13 18 0.006350839492401963
14 18 -0.0007126695199643575
15 18 -0.007699813537673695
16 18 0.0007175173686076794
17 18 0.009446498248229842
18 18 -0.0007228991407618358
19 18 -0.01178019484170198
20 18 0.0007275060789615446
21 18 0.01501506793867213
22 18 -0.0007298265918033454
23 18 -0.01970610366140965
24 18 0.0007279404499691541
25 18 0.02691283543661696
26 18 -0.0007192551936017116
27 18 -0.03887433333262034
28 18 0.0007001264571765652
29 18 0.06103794452514595
30 18 -0.0006652731050461784
31 18 -0.1097842808709364
32 18 0.0006068332243713178
33 18 0.2562964447391771
34 18 -0.0005127754691336629
35 18 -1.286054570516673
36 18 3.041745368292793
37 18 -3.893758007363895
38 18 3.082077336117809
39 18 -1.322354808874128
40 18 -0.0002441397313347237
41 18 0.2736013861395458
42 18 0.0008557045560707213
43 18 -0.124293457195639
44 18 -0.001903222290797035
45 18 0.07613829465307566
46 18 0.003849589220282275
47 18 -0.05736980956630777
48 18 -0.008127123517602874
49 18 0.05902387548334339
0 19 -0.001296687146931043
1 19 -0.001708841568643094
2 19 0.0009664777355579122
3 19 0.002303811740446686
4 19 -0.0008822251072744697
5 19 -0.002851123732660193
6 19 0.0008487911879020889
7 19 0.003430259904722919
8 19 -0.0008366221156025804
9 19 -0.004081654483019166
10 19 0.0008360415410821622
11 19 0.004841876686132866
12 19 -0.0008427163562384626
13 19 -0.005754170190972517
14 19 0.0008542683588967312
15 19 0.006876356957926836
16 19 -0.0008691332971451426
17 19 -0.008291133926105419
18 19 0.0008860641485726606
19 19 0.01012277966115914
20 19 -0.0009038506355876793
21 19 -0.01256704906419842
22 19 0.0009211033666686418
23 19 0.01594866785021112
24 19 -0.0009360280195835096
25 19 -0.02084061395982581
26 19 0.0009461313411173819
27 19 0.02833531519009021
28 19 -0.0009477879977651971
29 19 -0.04073843986841899
30 19 0.0009355566377058474
31 19 0.06365329772004495
32 19 -0.000901047584760465
33 19 -0.1139153178310726
34 19 0.00083096771352388
35 19 0.2646410848446406
36 19 -0.0007035893994654256
37 19 -1.322354808864133
38 19 3.122981024895507
39 19 -3.994272067794881
40 19 3.162177117931728
41 19 -1.358869341968947
42 19 -0.0005658614753392796
43 19 0.2840173274785208
44 19 0.001777938864522459
45 19 -0.1325495646123935
46 19 -0.004164911887063561
47 19 0.08661021463272334
48 19 0.009723438534817368
49 19 -0.08197151042989841
0 20 0.001496989961348777
1 20 0.00165508625804956
2 20 -0.001122416922183648
3 20 -0.00221968797429426
4 20 0.001031073932069103
5 20 0.002730865237934735
6 20 -0.0009987466222986538
7 20 -0.003263685443946663
8 20 0.00099164418405236
9 20 0.003853918162542449
10 20 -0.0009988339527172534
11 20 -0.004531724252909033
12 20 0.001015548049431095
13 20 0.005330873586000539
14 20 -0.001039301571374688
15 20 -0.006294613860449094
16 20 0.001068594062331577
17 20 0.007482418967890147
18 20 -0.001102353131762154
19 20 -0.00898013013452623
20 20 0.001139629447099199
21 20 0.0109170142737766
22 20 -0.001179369735920196
23 20 -0.01349653195470623
24 20 0.00122018259644819
25 20 0.01705556860699176
26 20 -0.001260029804471815
27 20 -0.02218722880016796
28 20 0.001295758819946905
29 20 0.03001972824446019
30 20 -0.001322339639675019
31 20 -0.04292917520328063
32 20 0.001331556179811877
33 20 0.06667935130941187
34 20 -0.001309664148746148
35 20 -0.1185623768049023
36 20 0.001233003774116705
37 20 0.2736013861196006
38 20 -0.001059327892720484
39 20 -1.358869341960149
40 20 3.202271590625796
41 20 -4.090640114626026
42 20 3.240345296474129
43 20 -1.396941576027547
44 20 -0.001341823882338874
45 20 0.2981636464428084
46 20 0.004274851711966902
47 20 -0.1481739108330941
48 20 -0.0117096713829154
49 20 0.1222493731570843
0 21 -0.001764647681616956
1 21 -0.001633002922713728
2 21 0.001331343326343613
3 21 0.002180106120691814
4 21 -0.001231093620994108
5 21 -0.002668525517163494
6 21 0.001200928142505969
7 21 0.003170935147038756
8 21 -0.001201446098510163
9 21 -0.003720126715587108
10 21 0.001220091360048211
11 21 0.004342043530242618
12 21 -0.001251583574746163
13 21 -0.005064251380684043
14 21 0.001293383997372156
15 21 0.00592062260158419
16 21 -0.001344194776478038
17 21 -0.006956066764773178
18 21 0.001403334217393036
19 21 0.008233082029734639
20 21 -0.001470415102819468
21 21 -0.009842132682062649
22 21 0.001545126090605245
23 21 0.01191932082694683
24 21 -0.001627020512764933
25 21 -0.01467830313333373
26 21 0.001715238880264847
27 21 0.01847163467400005
28 21 -0.001808071986187492
29 21 -0.02391764830862752
30 21 0.001902208101856557
31 21 0.03218795100942304
32 21 -0.001991366078804552
33 21 -0.04574065085105917
34 21 0.002063705123664339
35 21 0.07051768320364274
36 21 -0.00209668912797323
37 21 -0.1242934571699164
38 21 0.002046337848181364
39 21 0.2840173274660742
40 21 -0.001823140740053473
41 21 -1.396941576024926
42 21 3.279952290091192
43 21 -4.180931376593115
44 21 3.316811112671265
45 21 -1.440482855375395
46 21 -0.003711716837394545
47 21 0.3244507125191292
48 21 0.0139550117893173
49 21 -0.2046383693475864
0 22 0.002156110575545398
1 22 0.001657183138784539
2 22 -0.001637436938421751
3 22 -0.002203477147704943
4 22 0.001524742600090533
5 22 0.002685101998506035
6 22 -0.00149847480793704
7 22 -0.003174775622571144
8 22 0.001511092535379713
9 22 0.003703871160997613
10 22 -0.00154774060413359
11 22 -0.004295846664955687
12 22 0.001602486754493223
13 22 0.004974435921215603
14 22 -0.001672844161013169
15 22 -0.005767686827460451
16 22 0.001757989244828397
17 22 0.006711551846477841
18 22 -0.001858057354220507
19 22 -0.007854447061801899
20 22 0.001973826845824828
21 22 0.009264050276017882
22 22 -0.002106558237945233
23 22 -0.01103827225769334
24 22 0.002257886527362655
25 22 0.01332397905219619
26 22 -0.002429698817871816
27 22 -0.01635070920714214
28 22 0.002623917194307854
29 22 0.02049518849875196
30 22 -0.002842046835495219
31 22 -0.02641410184540681
32 22 0.00308420097173383
33 22 0.03534341502176949
34 22 -0.003346961858393326
35 22 -0.04985803629638121
36 22 0.003618566063903396
37 22 0.0761382946331579
38 22 -0.003867601747830567
39 22 -0.1325495646056502
40 22 0.004014768503659145
41 22 0.2981636464473708
42 22 -0.003855774826184077
43 22 -1.440482855383074
44 22 3.35692427641604
45 22 -4.257987817691701
46 22 3.392080728985564
47 22 -1.506241538600907
48 22 -0.01514130602661242
49 22 0.4281521974359346
0 23 -0.002844218634212135
1 23 -0.001780947028522628
2 23 0.002175646330872858
3 23 0.002359119249791112
4 23 -0.002041385708115157
5 23 -0.002862921195744025
6 23 0.002022477200429649
7 23 0.003369692191316779
8 23 -0.002057141783435091
9 23 -0.003911578921091818
10 23 0.002126581652194418
11 23 0.004511448868129626
12 23 -0.002223856435981154
13 23 -0.005191415165480332
14 23 0.002346764398833234
15 23 0.005976681066555191
16 23 -0.002495590764428375
17 23 -0.006898579434044949
18 23 0.002672302015388576
19 23 0.007998104613560441
20 23 -0.002880299729423911
21 23 -0.009330869274804459
22 23 0.003124455366752322
23 23 0.01097471087011469
24 23 -0.003411336301980197
25 23 -0.01304202765335718
26 23 0.003749606759819242
27 23 0.01570076466190865
28 23 -0.004150622208836428
29 23 -0.01921196992103472
30 23 0.004629249923611477
31 23 0.02400107652743409
32 23 -0.005204927859882989
33 23 -0.03080322644882572
34 23 0.005902847991593568
35 23 0.04098743512866911
36 23 -0.006754673889702212
37 23 -0.05736980958026883
38 23 0.007796514093548898
39 23 0.08661021466084229
40 23 -0.009055691062188434
41 23 -0.1481739108690601
42 23 0.01049305557736394
43 23 0.3244507125569976
44 23 -0.01175197514726802
45 23 -1.506241538629854
46 23 3.438707675436757
47 23 -4.280690279266852
48 23 3.469030628449916
49 23 -1.767482142586008
0 24 0.005066500914206983
1 24 0.002428843548420558
2 24 -0.003909796306038748
3 24 -0.003203227065337472
4 24 0.003702539956033383
5 24 0.003868920694333564
6 24 -0.003704137368775075
7 24 -0.004530500009543793
8 24 0.003806739488919855
9 24 0.005229879881350825
10 24 -0.003978838871731886
11 24 -0.005995392893755314
12 24 0.00421034308385243
13 24 0.006853158476250077
14 24 -0.004500173765309366
15 24 -0.007831843153911711
16 24 0.004852545708401258
17 24 0.008966024493184815
18 24 -0.005275916485784815
19 24 -0.01029975046985972
20 24 0.00578310546224967
21 24 0.01189123305204791
22 24 -0.006392198421303992
23 24 -0.01381972013586047
24 24 0.007128264317998326
25 24 0.01619616167645212
26 24 -0.008026181595244528
27 24 -0.01918051794271855
28 24 0.009135204217927805
29 24 0.02301109192758195
30 24 -0.01052646588533641
31 24 -0.02805668598980793
32 24 0.01230573023358873
33 24 0.03491472664014466
34 24 -0.0146360362754829
35 24 -0.04460898952537119
36 24 0.01778020467772259
37 24 0.05902387581502374
38 24 -0.02218629455221554
39 24 -0.08197151070816776
40 24 0.02867500253922847
41 24 0.1222493734014299
42 24 -0.03890001617922015
43 24 -0.2046383695640385
44 24 0.05666947826201464
45 24 0.4281521976250238
46 24 -0.09272300694342062
47 24 -1.767482142735414
48 24 3.69028676690168
49 24 -3.202167452295901
