372
0 0 1
2 1 1
1 2 -1
5 3 1
4 4 -1
3 5 1
6 6 1
11 7 1
9 8 -1
8 9 1
12 10 1
7 11 -1
10 12 -1
19 13 1
17 14 -1
15 15 1
20 16 1
14 17 -1
18 18 -1
13 19 1
16 20 1
21 21 1
31 22 1
28 23 -1
26 24 1
32 25 1
24 26 -1
29 27 -1
23 28 1
27 29 1
33 30 1
22 31 -1
25 32 -1
30 33 -1
46 34 1
43 35 -1
40 36 1
47 37 1
38 38 -1
44 39 -1
36 40 1
41 41 1
48 42 1
35 43 -1
39 44 -1
45 45 -1
34 46 1
37 47 1
42 48 1
49 49 1
66 50 1
62 51 -1
59 52 1
67 53 1
56 54 -1
63 55 -1
54 56 1
60 57 1
68 58 1
52 59 -1
57 60 -1
64 61 -1
51 62 1
55 63 1
61 64 1
69 65 1
50 66 -1
53 67 -1
58 68 -1
65 69 -1
90 70 1
86 71 -1
82 72 1
91 73 1
79 74 -1
87 75 -1
76 76 1
83 77 1
92 78 1
74 79 -1
80 80 -1
88 81 -1
72 82 1
77 83 1
84 84 1
93 85 1
71 86 -1
75 87 -1
81 88 -1
89 89 -1
70 90 1
73 91 1
78 92 1
85 93 1
94 94 1
120 95 1
115 96 -1
111 97 1
121 98 1
107 99 -1
116 100 -1
104 101 1
112 102 1
122 103 1
101 104 -1
108 105 -1
117 106 -1
99 107 1
105 108 1
113 109 1
123 110 1
97 111 -1
102 112 -1
109 113 -1
118 114 -1
96 115 1
100 116 1
106 117 1
114 118 1
124 119 1
95 120 -1
98 121 -1
103 122 -1
110 123 -1
119 124 -1
155 125 1
150 126 -1
145 127 1
156 128 1
141 129 -1
151 130 -1
137 131 1
146 132 1
157 133 1
134 134 -1
142 135 -1
152 136 -1
131 137 1
138 138 1
147 139 1
158 140 1
129 141 -1
135 142 -1
143 143 -1
153 144 -1
127 145 1
132 146 1
139 147 1
148 148 1
159 149 1
126 150 -1
130 151 -1
136 152 -1
144 153 -1
154 154 -1
125 155 1
128 156 1
133 157 1
140 158 1
149 159 1
160 160 1
197 161 1
191 162 -1
186 163 1
198 164 1
181 165 -1
192 166 -1
177 167 1
187 168 1
199 169 1
173 170 -1
182 171 -1
193 172 -1
170 173 1
178 174 1
188 175 1
200 176 1
167 177 -1
174 178 -1
183 179 -1
194 180 -1
165 181 1
171 182 1
179 183 1
189 184 1
201 185 1
163 186 -1
168 187 -1
175 188 -1
184 189 -1
195 190 -1
162 191 1
166 192 1
172 193 1
180 194 1
190 195 1
202 196 1
161 197 -1
164 198 -1
169 199 -1
176 200 -1
185 201 -1
196 202 -1
245 203 1
239 204 -1
233 205 1
246 206 1
228 207 -1
240 208 -1
223 209 1
234 210 1
247 211 1
219 212 -1
229 213 -1
241 214 -1
215 215 1
224 216 1
235 217 1
248 218 1
212 219 -1
220 220 -1
230 221 -1
242 222 -1
209 223 1
216 224 1
225 225 1
236 226 1
249 227 1
207 228 -1
213 229 -1
221 230 -1
231 231 -1
243 232 -1
205 233 1
210 234 1
217 235 1
226 236 1
237 237 1
250 238 1
204 239 -1
208 240 -1
214 241 -1
222 242 -1
232 243 -1
244 244 -1
203 245 1
206 246 1
211 247 1
218 248 1
227 249 1
238 250 1
251 251 1
301 252 1
294 253 -1
288 254 1
302 255 1
282 256 -1
295 257 -1
277 258 1
289 259 1
303 260 1
272 261 -1
283 262 -1
296 263 -1
268 264 1
278 265 1
290 266 1
304 267 1
264 268 -1
273 269 -1
284 270 -1
297 271 -1
261 272 1
269 273 1
279 274 1
291 275 1
305 276 1
258 277 -1
265 278 -1
274 279 -1
285 280 -1
298 281 -1
256 282 1
262 283 1
270 284 1
280 285 1
292 286 1
306 287 1
254 288 -1
259 289 -1
266 290 -1
275 291 -1
286 292 -1
299 293 -1
253 294 1
257 295 1
263 296 1
271 297 1
281 298 1
293 299 1
307 300 1
252 301 -1
255 302 -1
260 303 -1
267 304 -1
276 305 -1
287 306 -1
300 307 -1
364 308 1
357 309 -1
350 310 1
365 311 1
344 312 -1
358 313 -1
338 314 1
351 315 1
366 316 1
333 317 -1
345 318 -1
359 319 -1
328 320 1
339 321 1
352 322 1
367 323 1
324 324 -1
334 325 -1
346 326 -1
360 327 -1
320 328 1
329 329 1
340 330 1
353 331 1
368 332 1
317 333 -1
325 334 -1
335 335 -1
347 336 -1
361 337 -1
314 338 1
321 339 1
330 340 1
341 341 1
354 342 1
369 343 1
312 344 -1
318 345 -1
326 346 -1
336 347 -1
348 348 -1
362 349 -1
310 350 1
315 351 1
322 352 1
331 353 1
342 354 1
355 355 1
370 356 1
309 357 -1
313 358 -1
319 359 -1
327 360 -1
337 361 -1
349 362 -1
363 363 -1
308 364 1
311 365 1
316 366 1
323 367 1
332 368 1
343 369 1
356 370 1
371 371 1
