825
0 0 1
2 1 -1
1 2 1
5 3 1
4 4 -1
3 5 1
6 6 1
11 7 -1
9 8 1
8 9 -1
12 10 -1
7 11 1
10 12 1
19 13 1
17 14 -1
15 15 1
20 16 1
14 17 -1
18 18 -1
13 19 1
16 20 1
21 21 1
31 22 -1
28 23 1
26 24 -1
32 25 -1
24 26 1
29 27 1
23 28 -1
27 29 -1
33 30 -1
22 31 1
25 32 1
30 33 1
46 34 1
43 35 -1
40 36 1
47 37 1
38 38 -1
44 39 -1
36 40 1
41 41 1
48 42 1
35 43 -1
39 44 -1
45 45 -1
34 46 1
37 47 1
42 48 1
49 49 1
66 50 -1
62 51 1
59 52 -1
67 53 -1
56 54 1
63 55 1
54 56 -1
60 57 -1
68 58 -1
52 59 1
57 60 1
64 61 1
51 62 -1
55 63 -1
61 64 -1
69 65 -1
50 66 1
53 67 1
58 68 1
65 69 1
90 70 1
86 71 -1
82 72 1
91 73 1
79 74 -1
87 75 -1
76 76 1
83 77 1
92 78 1
74 79 -1
80 80 -1
88 81 -1
72 82 1
77 83 1
84 84 1
93 85 1
71 86 -1
75 87 -1
81 88 -1
89 89 -1
70 90 1
73 91 1
78 92 1
85 93 1
94 94 1
120 95 -1
115 96 1
111 97 -1
121 98 -1
107 99 1
116 100 1
104 101 -1
112 102 -1
122 103 -1
101 104 1
108 105 1
117 106 1
99 107 -1
105 108 -1
113 109 -1
123 110 -1
97 111 1
102 112 1
109 113 1
118 114 1
96 115 -1
100 116 -1
106 117 -1
114 118 -1
124 119 -1
95 120 1
98 121 1
103 122 1
110 123 1
119 124 1
155 125 1
150 126 -1
145 127 1
156 128 1
141 129 -1
151 130 -1
137 131 1
146 132 1
157 133 1
134 134 -1
142 135 -1
152 136 -1
131 137 1
138 138 1
147 139 1
158 140 1
129 141 -1
135 142 -1
143 143 -1
153 144 -1
127 145 1
132 146 1
139 147 1
148 148 1
159 149 1
126 150 -1
130 151 -1
136 152 -1
144 153 -1
154 154 -1
125 155 1
128 156 1
133 157 1
140 158 1
149 159 1
160 160 1
197 161 -1
191 162 1
186 163 -1
198 164 -1
181 165 1
192 166 1
177 167 -1
187 168 -1
199 169 -1
173 170 1
182 171 1
193 172 1
170 173 -1
178 174 -1
188 175 -1
200 176 -1
167 177 1
174 178 1
183 179 1
194 180 1
165 181 -1
171 182 -1
179 183 -1
189 184 -1
201 185 -1
163 186 1
168 187 1
175 188 1
184 189 1
195 190 1
162 191 -1
166 192 -1
172 193 -1
180 194 -1
190 195 -1
202 196 -1
161 197 1
164 198 1
169 199 1
176 200 1
185 201 1
196 202 1
245 203 1
239 204 -1
233 205 1
246 206 1
228 207 -1
240 208 -1
223 209 1
234 210 1
247 211 1
219 212 -1
229 213 -1
241 214 -1
215 215 1
224 216 1
235 217 1
248 218 1
212 219 -1
220 220 -1
230 221 -1
242 222 -1
209 223 1
216 224 1
225 225 1
236 226 1
249 227 1
207 228 -1
213 229 -1
221 230 -1
231 231 -1
243 232 -1
205 233 1
210 234 1
217 235 1
226 236 1
237 237 1
250 238 1
204 239 -1
208 240 -1
214 241 -1
222 242 -1
232 243 -1
244 244 -1
203 245 1
206 246 1
211 247 1
218 248 1
227 249 1
238 250 1
251 251 1
301 252 -1
294 253 1
288 254 -1
302 255 -1
282 256 1
295 257 1
277 258 -1
289 259 -1
303 260 -1
272 261 1
283 262 1
296 263 1
268 264 -1
278 265 -1
290 266 -1
304 267 -1
264 268 1
273 269 1
284 270 1
297 271 1
261 272 -1
269 273 -1
279 274 -1
291 275 -1
305 276 -1
258 277 1
265 278 1
274 279 1
285 280 1
298 281 1
256 282 -1
262 283 -1
270 284 -1
280 285 -1
292 286 -1
306 287 -1
254 288 1
259 289 1
266 290 1
275 291 1
286 292 1
299 293 1
253 294 -1
257 295 -1
263 296 -1
271 297 -1
281 298 -1
293 299 -1
307 300 -1
252 301 1
255 302 1
260 303 1
267 304 1
276 305 1
287 306 1
300 307 1
364 308 1
357 309 -1
350 310 1
365 311 1
344 312 -1
358 313 -1
338 314 1
351 315 1
366 316 1
333 317 -1
345 318 -1
359 319 -1
328 320 1
339 321 1
352 322 1
367 323 1
324 324 -1
334 325 -1
346 326 -1
360 327 -1
320 328 1
329 329 1
340 330 1
353 331 1
368 332 1
317 333 -1
325 334 -1
335 335 -1
347 336 -1
361 337 -1
314 338 1
321 339 1
330 340 1
341 341 1
354 342 1
369 343 1
312 344 -1
318 345 -1
326 346 -1
336 347 -1
348 348 -1
362 349 -1
310 350 1
315 351 1
322 352 1
331 353 1
342 354 1
355 355 1
370 356 1
309 357 -1
313 358 -1
319 359 -1
327 360 -1
337 361 -1
349 362 -1
363 363 -1
308 364 1
311 365 1
316 366 1
323 367 1
332 368 1
343 369 1
356 370 1
371 371 1
436 372 -1
428 373 1
421 374 -1
437 375 -1
414 376 1
429 377 1
408 378 -1
422 379 -1
438 380 -1
402 381 1
415 382 1
430 383 1
397 384 -1
409 385 -1
423 386 -1
439 387 -1
392 388 1
403 389 1
416 390 1
431 391 1
388 392 -1
398 393 -1
410 394 -1
424 395 -1
440 396 -1
384 397 1
393 398 1
404 399 1
417 400 1
432 401 1
381 402 -1
389 403 -1
399 404 -1
411 405 -1
425 406 -1
441 407 -1
378 408 1
385 409 1
394 410 1
405 411 1
418 412 1
433 413 1
376 414 -1
382 415 -1
390 416 -1
400 417 -1
412 418 -1
426 419 -1
442 420 -1
374 421 1
379 422 1
386 423 1
395 424 1
406 425 1
419 426 1
434 427 1
373 428 -1
377 429 -1
383 430 -1
391 431 -1
401 432 -1
413 433 -1
427 434 -1
443 435 -1
372 436 1
375 437 1
380 438 1
387 439 1
396 440 1
407 441 1
420 442 1
435 443 1
516 444 1
508 445 -1
500 446 1
517 447 1
493 448 -1
509 449 -1
486 450 1
501 451 1
518 452 1
480 453 -1
494 454 -1
510 455 -1
474 456 1
487 457 1
502 458 1
519 459 1
469 460 -1
481 461 -1
495 462 -1
511 463 -1
464 464 1
475 465 1
488 466 1
503 467 1
520 468 1
460 469 -1
470 470 -1
482 471 -1
496 472 -1
512 473 -1
456 474 1
465 475 1
476 476 1
489 477 1
504 478 1
521 479 1
453 480 -1
461 481 -1
471 482 -1
483 483 -1
497 484 -1
513 485 -1
450 486 1
457 487 1
466 488 1
477 489 1
490 490 1
505 491 1
522 492 1
448 493 -1
454 494 -1
462 495 -1
472 496 -1
484 497 -1
498 498 -1
514 499 -1
446 500 1
451 501 1
458 502 1
467 503 1
478 504 1
491 505 1
506 506 1
523 507 1
445 508 -1
449 509 -1
455 510 -1
463 511 -1
473 512 -1
485 513 -1
499 514 -1
515 515 -1
444 516 1
447 517 1
452 518 1
459 519 1
468 520 1
479 521 1
492 522 1
507 523 1
524 524 1
606 525 -1
597 526 1
589 527 -1
607 528 -1
581 529 1
598 530 1
574 531 -1
590 532 -1
608 533 -1
567 534 1
582 535 1
599 536 1
561 537 -1
575 538 -1
591 539 -1
609 540 -1
555 541 1
568 542 1
583 543 1
600 544 1
550 545 -1
562 546 -1
576 547 -1
592 548 -1
610 549 -1
545 550 1
556 551 1
569 552 1
584 553 1
601 554 1
541 555 -1
551 556 -1
563 557 -1
577 558 -1
593 559 -1
611 560 -1
537 561 1
546 562 1
557 563 1
570 564 1
585 565 1
602 566 1
534 567 -1
542 568 -1
552 569 -1
564 570 -1
578 571 -1
594 572 -1
612 573 -1
531 574 1
538 575 1
547 576 1
558 577 1
571 578 1
586 579 1
603 580 1
529 581 -1
535 582 -1
543 583 -1
553 584 -1
565 585 -1
579 586 -1
595 587 -1
613 588 -1
527 589 1
532 590 1
539 591 1
548 592 1
559 593 1
572 594 1
587 595 1
604 596 1
526 597 -1
530 598 -1
536 599 -1
544 600 -1
554 601 -1
566 602 -1
580 603 -1
596 604 -1
614 605 -1
525 606 1
528 607 1
533 608 1
540 609 1
549 610 1
560 611 1
573 612 1
588 613 1
605 614 1
705 615 1
696 616 -1
687 617 1
706 618 1
679 619 -1
697 620 -1
671 621 1
688 622 1
707 623 1
664 624 -1
680 625 -1
698 626 -1
657 627 1
672 628 1
689 629 1
708 630 1
651 631 -1
665 632 -1
681 633 -1
699 634 -1
645 635 1
658 636 1
673 637 1
690 638 1
709 639 1
640 640 -1
652 641 -1
666 642 -1
682 643 -1
700 644 -1
635 645 1
646 646 1
659 647 1
674 648 1
691 649 1
710 650 1
631 651 -1
641 652 -1
653 653 -1
667 654 -1
683 655 -1
701 656 -1
627 657 1
636 658 1
647 659 1
660 660 1
675 661 1
692 662 1
711 663 1
624 664 -1
632 665 -1
642 666 -1
654 667 -1
668 668 -1
684 669 -1
702 670 -1
621 671 1
628 672 1
637 673 1
648 674 1
661 675 1
676 676 1
693 677 1
712 678 1
619 679 -1
625 680 -1
633 681 -1
643 682 -1
655 683 -1
669 684 -1
685 685 -1
703 686 -1
617 687 1
622 688 1
629 689 1
638 690 1
649 691 1
662 692 1
677 693 1
694 694 1
713 695 1
616 696 -1
620 697 -1
626 698 -1
634 699 -1
644 700 -1
656 701 -1
670 702 -1
686 703 -1
704 704 -1
615 705 1
618 706 1
623 707 1
630 708 1
639 709 1
650 710 1
663 711 1
678 712 1
695 713 1
714 714 1
815 715 -1
805 716 1
796 717 -1
816 718 -1
787 719 1
806 720 1
779 721 -1
797 722 -1
817 723 -1
771 724 1
788 725 1
807 726 1
764 727 -1
780 728 -1
798 729 -1
818 730 -1
757 731 1
772 732 1
789 733 1
808 734 1
751 735 -1
765 736 -1
781 737 -1
799 738 -1
819 739 -1
745 740 1
758 741 1
773 742 1
790 743 1
809 744 1
740 745 -1
752 746 -1
766 747 -1
782 748 -1
800 749 -1
820 750 -1
735 751 1
746 752 1
759 753 1
774 754 1
791 755 1
810 756 1
731 757 -1
741 758 -1
753 759 -1
767 760 -1
783 761 -1
801 762 -1
821 763 -1
727 764 1
736 765 1
747 766 1
760 767 1
775 768 1
792 769 1
811 770 1
724 771 -1
732 772 -1
742 773 -1
754 774 -1
768 775 -1
784 776 -1
802 777 -1
822 778 -1
721 779 1
728 780 1
737 781 1
748 782 1
761 783 1
776 784 1
793 785 1
812 786 1
719 787 -1
725 788 -1
733 789 -1
743 790 -1
755 791 -1
769 792 -1
785 793 -1
803 794 -1
823 795 -1
717 796 1
722 797 1
729 798 1
738 799 1
749 800 1
762 801 1
777 802 1
794 803 1
813 804 1
716 805 -1
720 806 -1
726 807 -1
734 808 -1
744 809 -1
756 810 -1
770 811 -1
786 812 -1
804 813 -1
824 814 -1
715 815 1
718 816 1
723 817 1
730 818 1
739 819 1
750 820 1
763 821 1
778 822 1
795 823 1
814 824 1
