0.0050000000000000	0.5000000000000000	0.7646238675077203	-0.0039778410616438	-0.5404219854537325	-0.1691651853385319	0.0473158192289365	0.0342541927193411	-0.0138720114789400	-0.0213310746804899	0.0075004379083381	0.0148771631184314	-0.0046454999854454	-0.0099602152918827	
0.0150000000000000	0.5000000000000000	0.7407884655346660	-0.0052124030951738	-0.5235196485078316	-0.1675465078945712	0.0410905306753300	0.0302752520063203	-0.0093092904805025	-0.0165398060610607	0.0035311512297822	0.0092139694317354	
0.0250000000000000	0.5000000000000000	0.7192139835628849	-0.0038646617092142	-0.5084014894963138	-0.1693120422306520	0.0366271330048890	0.0307495110594878	-0.0066423035341339	-0.0173542666715864	0.0019434080129165	0.0108126098436669	
0.0350000000000000	0.5000000000000000	0.7010938658527041	-0.0039544970172464	-0.4956177993775538	-0.1692012528888405	0.0340747547504496	0.0290515872363141	-0.0055294815782817	-0.0155000242968184	0.0014941828326575	0.0089116246051184	
0.0450000000000000	0.5000000000000000	0.6827157713029116	-0.0036762533676556	-0.4826159175983697	-0.1695758312246405	0.0313035230199914	0.0280813514918440	-0.0041117326110988	-0.0145713974912549	0.0006253175182669	0.0081999963528643	0.0007336174830644	-0.0000575564957258	
0.0550000000000000	0.5000000000000000	0.6660674833919521	-0.0034864061403976	-0.4708689033780414	-0.1698256647713683	0.0296632440787378	0.0270421074671343	-0.0037581835575887	-0.0135469215107263	0.0008539229945940	0.0073217076270681	
0.0650000000000000	0.5000000000000000	0.6497978152419520	-0.0036770930092160	-0.4593636276294715	-0.1695725336533127	0.0281908385316871	0.0254383978099480	-0.0034382578436176	-0.0117997515382859	0.0009247982918640	0.0054498541740342	
0.0750000000000000	0.5000000000000000	0.6330944350926235	-0.0036374811294894	-0.4475618556835579	-0.1696275698456824	0.0264761812371889	0.0242982651968582	-0.0028696794048606	-0.0106371453185047	0.0007741054681631	0.0043297350599669	
0.0850000000000000	0.5000000000000000	0.6166093680418813	-0.0036005312541118	-0.4359136466285482	-0.1696789185894986	0.0248950117214677	0.0232263848767143	-0.0023788252170455	-0.0095567465372544	0.0006579099979345	0.0032912082927172	
0.0950000000000000	0.5000000000000000	0.6003280576869556	-0.0035660033283979	-0.4244087621745845	-0.1697269111850413	0.0234384326451883	0.0222174681217167	-0.0019601876910198	-0.0085509334826211	0.0005737327689158	0.0023260246976662	
0.1050000000000000	0.5000000000000000	0.5827544560400261	-0.0040512575349732	-0.4120141420457300	-0.1690810697747336	0.0212376352351712	0.0203995115283441	-0.0008571048136131	-0.0064764939886851	
0.1150000000000000	0.5000000000000000	0.5651619069654524	-0.0035150799353996	-0.3995699052975171	-0.1697982051197839	0.0189424715904097	0.0204294677168580	0.0004756054647408	-0.0068460568243136	-0.0012440452368589	0.0015331943450225	
0.1250000000000000	0.5000000000000000	0.5493343460499709	-0.0034910506226651	-0.3883842373230414	-0.1698317010628564	0.0177635256103155	0.0196594006173159	0.0007477680642293	-0.0061619790036537	-0.0012783610573755	0.0009318091341954	
0.1350000000000000	0.5000000000000000	0.5336382400639074	-0.0034687553206772	-0.3772910437471432	-0.1698627909875791	0.0166649912757547	0.0189366833923986	0.0009763407441604	-0.0055306086438787	-0.0012943076798297	0.0003807576982925	
0.1450000000000000	0.5000000000000000	0.5180640868946937	-0.0034480529021658	-0.3662836409322218	-0.1698916697693829	0.0156410593712538	0.0182581339845077	0.0011648017058460	-0.0049474801105293	-0.0012934179437674	-0.0001247314938542	
0.1550000000000000	0.5000000000000000	0.5026031663727365	-0.0034288126709354	-0.3553558951758704	-0.1699185178897399	0.0146863984386260	0.0176207985170094	0.0013163150750129	-0.0044084598079477	-0.0012770774807424	-0.0005890702626976	
0.1650000000000000	0.5000000000000000	0.4872474827509140	-0.0034109134732840	-0.3445021822579036	-0.1699435026614267	0.0137961196358160	0.0170219324907139	0.0014337542808021	-0.0039097177586893	-0.0012465357477082	-0.0010163420575574	
0.1750000000000000	0.5000000000000000	0.4719897121212290	-0.0033942428745780	-0.3337173504595231	-0.1699667793639490	0.0129657446117280	0.0164589833542352	0.0015197234016653	-0.0034477012693986	-0.0012029160919519	-0.0014103309906200	
0.1850000000000000	0.5000000000000000	0.4578317356817280	-0.0030975656147935	-0.3237395942404296	-0.1703606675134614	0.0128871808637397	0.0163898942745880	0.0008177644599665	-0.0036249358932290	
0.1950000000000000	0.5000000000000000	0.4437079487525032	-0.0034954146537255	-0.3137225751046190	-0.1698190630868820	0.0126675705957746	0.0151113207372697	0.0004894665462110	-0.0021504613116264	
0.2050000000000000	0.5000000000000000	0.4286359010176254	-0.0034824674591925	-0.3030682324229453	-0.1698374941296295	0.0119419820418309	0.0145902143314414	0.0005560356656955	-0.0016904341996096	
0.2150000000000000	0.5000000000000000	0.4136289204241356	-0.0034703012888256	-0.2924597049089772	-0.1698548148635690	0.0112563838127417	0.0140989166299141	0.0006063140263189	-0.0012600066926907	
0.2250000000000000	0.5000000000000000	0.3986830796636036	-0.0034588677420230	-0.2818942273479754	-0.1698710938854634	0.0106083625629823	0.0136357995351514	0.0006413475480642	-0.0008570943920378	
0.2350000000000000	0.5000000000000000	0.3837946958207524	-0.0034481213613515	-0.2713692065892704	-0.1698863956215388	0.0099956550705076	0.0131993330604437	0.0006621080116873	-0.0004797406885585	
0.2450000000000000	0.5000000000000000	0.3689603155283809	-0.0034380194454484	-0.2608822110947771	-0.1699007805924835	0.0094161391182382	0.0127880792296537	0.0006694975962559	-0.0001261084772732	
0.2550000000000000	0.5000000000000000	0.3541767010683444	-0.0034285218732619	-0.2504309611535572	-0.1699143056623834	0.0088678249566129	0.0124006863469252	0.0006643531217889	0.0002055276246455	
0.2650000000000000	0.5000000000000000	0.3394408173612445	-0.0034195909389066	-0.2400133197220551	-0.1699270242726217	0.0083488473119810	0.0120358836127440	0.0006474500148909	0.0005167885885242	
0.2750000000000000	0.5000000000000000	0.3251114073537270	-0.0033179558364880	-0.2299082452877482	-0.1700518307405290	0.0081715573140995	0.0118185842046349	
0.2850000000000000	0.5000000000000000	0.3111092555941239	-0.0036134877834752	-0.2199877497082092	-0.1696165731262430	0.0080106607444443	0.0108135883944163	
0.2950000000000000	0.5000000000000000	0.2964856359532811	-0.0036082901122416	-0.2096488654101501	-0.1696242792094913	0.0075436144118022	0.0104792571678540	
0.3050000000000000	0.5000000000000000	0.2818849977083638	-0.0036033999055744	-0.1993261836186526	-0.1696315294354246	0.0070908011047006	0.0101646977284259	
0.3150000000000000	0.5000000000000000	0.2673059614019013	-0.0035988079238662	-0.1890187317780798	-0.1696383375063111	0.0066513664780144	0.0098693165988750	
0.3250000000000000	0.5000000000000000	0.2527471883304489	-0.0035945054905614	-0.1787255660654570	-0.1696447162892532	0.0062244814279098	0.0095925564856653	
0.3350000000000000	0.5000000000000000	0.2382073780188213	-0.0035904844758492	-0.1684457696097707	-0.1696506778403982	0.0058093405275592	0.0093338952274875	
0.3450000000000000	0.5000000000000000	0.2236852657664752	-0.0035867372813827	-0.1581784507621318	-0.1696562334276273	0.0054051605075331	0.0090928448100594	
0.3550000000000000	0.5000000000000000	0.2091796202614132	-0.0035832568259931	-0.1479227414135371	-0.1696613935517653	0.0050111787780010	0.0088689504453585	
0.3650000000000000	0.5000000000000000	0.1946892412571030	-0.0035800365323730	-0.1376777953570568	-0.1696661679663516	0.0046266519899528	0.0086617897135507	
0.3750000000000000	0.5000000000000000	0.1802129573080314	-0.0035770703147053	-0.1274427866913540	-0.1696705656960077	0.0042508546327254	0.0084709717659953	
0.3850000000000000	0.5000000000000000	0.1657496235596147	-0.0035743525672129	-0.1172169082625263	-0.1696745950534355	0.0038830776651895	0.0082961365878202	
0.3950000000000000	0.5000000000000000	0.1512981195882992	-0.0035718781536100	-0.1069993701413264	-0.1696782636550789	0.0035226271780114	0.0081369543186768	
0.4050000000000000	0.5000000000000000	0.1368573472877719	-0.0035696423974341	-0.0967893981328891	-0.1696815784354758	0.0031688230844682	0.0079931246303911	
0.4150000000000000	0.5000000000000000	0.1224262287972939	-0.0035676410732422	-0.0865862323161527	-0.1696845456603287	0.0028209978373438	0.0078643761603368	
0.4250000000000000	0.5000000000000000	0.1080037044682453	-0.0035658703986538	-0.0763891256102164	-0.1696871709383157	0.0024784951694857	0.0077504659994602	
0.4350000000000000	0.5000000000000000	0.0935887308650443	-0.0035643270272272	-0.0661973423649303	-0.1696894592316667	0.0021406688556468	0.0076511792339897	
0.4450000000000000	0.5000000000000000	0.0791802787966679	-0.0035630080421554	-0.0560101569730571	-0.1696914148655205	0.0018068814932740	0.0075663285399659	
0.4550000000000000	0.5000000000000000	0.0647773313750579	-0.0035619109507711	-0.0458268525013860	-0.1696930415360831	0.0014765032999442	0.0074957538298253	
0.4650000000000000	0.5000000000000000	0.0503788820967475	-0.0035610336798489	-0.0356467193382160	-0.1696943423175999	0.0011489109251798	0.0074393219503707	
0.4750000000000000	0.5000000000000000	0.0359839329440895	-0.0035603745716986	-0.0254690538546565	-0.1696953196681561	0.0008234862743987	0.0073969264315586	
0.4850000000000000	0.5000000000000000	0.0215914925025004	-0.0035599323810405	-0.0152931570772184	-0.1696959754343141	0.0004996153427831	0.0073684872856279	
0.4950000000000000	0.5000000000000000	0.0072005740901667	-0.0035597062726581	-0.0051183333691897	-0.1696963108545987	0.0001766870568637	0.0073539508561924	
0.5050000000000000	0.5000000000000000	-0.0071898061033143	-0.0035596958198235	0.0050561108816905	-0.1696963265618341	-0.0001459078783636	0.0073532897170101	
0.5150000000000000	0.5000000000000000	-0.0215806308728750	-0.0035599010034929	0.0152308685717383	-0.1696960225843387	-0.0004687781289663	0.0073665026202395	
0.5250000000000000	0.5000000000000000	-0.0359728838520016	-0.0035603222122704	0.0254066331884801	-0.1696953983459783	-0.0007925328804167	0.0073936144940850	
0.5350000000000000	0.5000000000000000	-0.0503675513683399	-0.0035609602431408	0.0355841001189234	-0.1696944526650799	-0.0011177829869133	0.0074346764898264	
0.5450000000000000	0.5000000000000000	-0.0647656243043867	-0.0035618163029715	0.0457639679614118	-0.1696931837522019	-0.0014451421238509	0.0074897660783216	
0.5550000000000000	0.5000000000000000	-0.0791680999667785	-0.0035628920107870	0.0559469398435407	-0.1696915892067581	-0.0017752279456142	0.0075589871961655	
0.5650000000000001	0.5000000000000000	-0.0935759839677044	-0.0035641894008208	0.0661337247486203	-0.1696896660124889	-0.0021086632508782	0.0076424704417797	
0.5750000000000000	0.5000000000000000	-0.1079902921219964	-0.0035657109263478	0.0763250388531885	-0.1696874105317715	-0.0024460771576162	0.0077403733218045	
0.5850000000000000	0.5000000000000000	-0.1224120523634759	-0.0035674594643079	0.0865216068781001	-0.1696848184987584	-0.0027881062900314	0.0078528805482575	
0.5950000000000000	0.5000000000000000	-0.1368423066841742	-0.0035694383207245	0.0967241634557387	-0.1696818850113330	-0.0031353959796507	0.0079802043870215	
0.6050000000000000	0.5000000000000000	-0.1512821131000869	-0.0035716512369331	0.1069334545159348	-0.1696786045218652	-0.0034886014828494	0.0081225850583176	
0.6150000000000000	0.5000000000000000	-0.1657325476471730	-0.0035741023966260	0.1171502386932029	-0.1696749708267531	-0.0038483892171021	0.0082802911899217	
0.6250000000000000	0.5000000000000000	-0.1801947064113650	-0.0035767964337301	0.1273752887579560	-0.1696709770547290	-0.0042154380182935	0.0084536203239786	
0.6350000000000000	0.5000000000000000	-0.1946697075964221	-0.0035797384411298	0.1376093930743955	-0.1696666156539095	-0.0045904404214609	0.0086428994783723	
0.6450000000000000	0.5000000000000000	-0.2091586936335299	-0.0035829339802523	0.1478533570878311	-0.1696618783775669	-0.0049741039673868	0.0088484857637110	
0.6550000000000000	0.5000000000000000	-0.2236628333366261	-0.0035863890915316	0.1581080048442353	-0.1696567562685936	-0.0053671525375037	0.0090707670570920	
0.6650000000000000	0.5000000000000000	-0.2381833241075225	-0.0035901103057719	0.1683741805449006	-0.1696512396426318	-0.0057703277196338	0.0093101627339188	
0.6750000000000000	0.5000000000000000	-0.2527213941949842	-0.0035941046564297	0.1786527501391353	-0.1696453180698391	-0.0061843902071380	0.0095671244591530	
0.6850000000000001	0.5000000000000000	-0.2672783050120282	-0.0035983796928392	0.1889446029580009	-0.1696389803552527	-0.0066101212341158	0.0098421370394920	
0.6950000000000001	0.5000000000000000	-0.2818553535158171	-0.0036029434944035	0.1992506533921769	-0.1696322145177195	-0.0070483240493633	0.0101357193380844	
0.7050000000000001	0.5000000000000000	-0.2964538746546380	-0.0036078046857796	0.2095718426171179	-0.1696250077673503	-0.0074998254318711	0.0104484252535071	
0.7149999999999999	0.5000000000000000	-0.3110752438865840	-0.0036129724530844	0.2199091403687593	-0.1696173464814575	-0.0079654772507220	0.0107808447648536	
0.7250000000000000	0.5000000000000000	-0.3257208797746932	-0.0036184565611518	0.2302635467731237	-0.1696092161789319	-0.0084461580723316	0.0111336050449059	
0.7350000000000001	0.5000000000000000	-0.3398217199849039	-0.0033603703028869	0.2402481989433831	-0.1699924359040677	-0.0086542842119588	0.0120870391412387	
0.7450000000000000	0.5000000000000000	-0.3542987449008105	-0.0034270309263416	0.2504620772949817	-0.1699163843144897	-0.0089346659475934	0.0123959254980672	-0.0005349241661152	0.0003212068143513	
0.7549999999999999	0.5000000000000000	-0.3690747641004514	-0.0034366529027286	0.2609079824693760	-0.1699026849678195	-0.0094783254959909	0.0127859438637187	-0.0005442066938132	-0.0000175814111269	
0.7650000000000000	0.5000000000000000	-0.3839021872029748	-0.0034468727273012	0.2713900823409240	-0.1698881348954175	-0.0100535783501832	0.0131996377792627	-0.0005406977366102	-0.0003780460571285	
0.7750000000000001	0.5000000000000000	-0.3987842191755367	-0.0034577310405139	0.2819106335638030	-0.1698726764988509	-0.0106623941513881	0.0136383748726654	-0.0005235717824609	-0.0007619365286863	
0.7850000000000000	0.5000000000000000	-0.4137242832723551	-0.0034692710376238	0.2924720464765132	-0.1698562485591721	-0.0113068766284489	0.0141036082446875	-0.0004919370990491	-0.0011711128055066	
0.7949999999999999	0.5000000000000000	-0.4287260348066266	-0.0034815386465036	0.3030768947978348	-0.1698387859850754	-0.0119892720572192	0.0145968822653907	-0.0004448315315875	-0.0016075533161308	
0.8050000000000000	0.5000000000000000	-0.4437933758789888	-0.0034945827166973	0.3137279259962168	-0.1698202195451250	-0.0127119783074517	0.0151198387374712	-0.0003812180024134	-0.0020733633114348	
0.8150000000000002	0.5000000000000000	-0.4580072860078548	-0.0031358085706102	0.3238045428532195	-0.1703093711196084	-0.0129782157929496	0.0163335667601819	-0.0006757974327799	-0.0034646876615883	
0.8250000000000001	0.5000000000000000	-0.4723015795495706	-0.0033959542254869	0.3338817398320689	-0.1699645036030282	-0.0131478789551256	0.0164720998984425	-0.0012837271775294	-0.0033849428096189	0.0010742513952318	-0.0011906716092419	
0.8350000000000000	0.5000000000000000	-0.4875710776567946	-0.0034130926235086	0.3446748133451234	-0.1699405859536036	-0.0139853936737782	0.0170424450439300	-0.0011919039703273	-0.0038625658315656	0.0011104020443933	-0.0007776844686057	
0.8450000000000000	0.5000000000000000	-0.5029412581691144	-0.0034314776462948	0.3555387153528889	-0.1699149354852132	-0.0148845028482996	0.0176490288485237	-0.0010673662308320	-0.0043774478156515	0.0011328518267942	-0.0003306580397198	
0.8550000000000000	0.5000000000000000	-0.5184195593555161	-0.0034512251935198	0.3664786779921650	-0.1698873921450868	-0.0158497546597647	0.0182944741388225	-0.0009074602910100	-0.0049332528028419	0.0011404510358046	0.0001543172290630	
0.8650000000000000	0.5000000000000000	-0.5340141117637853	-0.0034724600350636	0.3775004202753731	-0.1698577836389129	-0.0168861202650512	0.0189815987900744	-0.0007092545882562	-0.0055339269518957	0.0011319197412286	0.0006814556984077	
0.8750000000000000	0.5000000000000000	-0.5497337917495395	-0.0034953166594456	0.3886101857364535	-0.1698259242609420	-0.0179990264996540	0.0197134336771533	-0.0004695179257381	-0.0061837256746259	0.0011058375344561	0.0012553064624580	
0.8850000000000000	0.5000000000000000	-0.5669173226371966	-0.0039298888753847	0.4007689222444740	-0.1692444727324058	-0.0200494772907432	0.0198103165749251	0.0006713633778611	-0.0059958838328148	
0.8950000000000000	0.5000000000000000	-0.5840512804044774	-0.0035418596101033	0.4128524843459783	-0.1697606687271669	-0.0219776751226787	0.0214033076301543	0.0015471909932981	-0.0077847527610866	-0.0003569696511417	0.0018609986450793	
0.9050000000000000	0.5000000000000000	-0.6001891395674730	-0.0035739596508631	0.4242564499638211	-0.1697160393950057	-0.0233464813283457	0.0223498997046278	0.0019194745533715	-0.0087172810030903	-0.0004252242800746	0.0027499673839631	
0.9150000000000000	0.5000000000000000	-0.6165163657231543	-0.0036083155260580	0.4357936192418951	-0.1696682833709465	-0.0248310829525306	0.0233556683397047	0.0023585050476230	-0.0097191061618301	-0.0005229677144833	0.0037067484542962	
0.9250000000000000	0.5000000000000000	-0.6330465098783167	-0.0036451499930581	0.4474735233779959	-0.1696170932146135	-0.0264397630369288	0.0244255298498206	0.0028693873716796	-0.0107972987987825	-0.0006524921229300	0.0047389873627129	
0.9350000000000001	0.5000000000000000	-0.6486373889420654	-0.0032735550700573	0.4585153272969648	-0.1701076048224747	-0.0275268570624510	0.0262391470731118	0.0028988356208265	-0.0128057460065395	-0.0003854403302591	0.0069747943510010	
0.9450000000000001	0.5000000000000000	-0.6643770166996641	-0.0036286487933219	0.4696116700559947	-0.1696411045017996	-0.0285896201066293	0.0269006397645369	0.0027404137718156	-0.0133504798165208	0.0003378777935225	0.0072516337937283	-0.0013601277163883	0.0011368969165655	
0.9550000000000001	0.5000000000000000	-0.6815965879646289	-0.0036777210440778	0.4817758369911976	-0.1695738155604612	-0.0306119584105304	0.0281264215601955	0.0034832974442702	-0.0145881058903259	0.0001193285029850	0.0084047016429537	-0.0013873925972578	0.0000808511579183	
0.9649999999999999	0.5000000000000000	-0.6991296534869693	-0.0037310257460644	0.4941603563849740	-0.1695007548381317	-0.0328253334874393	0.0294386783384123	0.0043498519897210	-0.0159345720709196	-0.0001709859227392	0.0096680964355623	-0.0013829792046247	-0.0010797725856747	
0.9750000000000000	0.5000000000000000	-0.7185031960480083	-0.0041860995209688	0.5078753679088459	-0.1688935026083763	-0.0362297920746266	0.0301991686204940	0.0063222589631977	-0.0165943348528342	-0.0015696712064388	0.0099878336853091	
0.9850000000000001	0.5000000000000000	-0.7409448905941300	-0.0052091033835086	0.5235752045709512	-0.1675509952836824	-0.0411656614820192	0.0302420662115891	0.0093876683225830	-0.0164194112348831	-0.0034662598131336	0.0092207685757577	
0.9950000000000000	0.5000000000000000	-0.7647642271222381	-0.0039761639675603	0.5404661250419298	-0.1691675249886751	-0.0473809137765914	0.0342214093202672	0.0139423100840372	-0.0212129794251353	-0.0074316894685574	0.0148827583564539	0.0046401322109790	-0.0099536903602266	
