0.0050000000000000	0.5000000000000000	0.7497254925758189	-0.0040428569142921	-0.5300136645976780	-0.1701212741714889	0.0363587365761609	0.0369823366666551	0.0000000000000000	0.0000000000000000	
0.0150000000000000	0.5000000000000000	0.7332001101896525	-0.0040190747944220	-0.5183337996109139	-0.1701565365572645	0.0347699005294484	0.0354534852454670	0.0000000000000000	0.0000000000000000	
0.0250000000000000	0.5000000000000000	0.7167806510061476	-0.0039963328892814	-0.5067286127971429	-0.1701902561712414	0.0332466661768922	0.0339915252091833	0.0000000000000000	0.0000000000000000	
0.0350000000000000	0.5000000000000000	0.7004624745773433	-0.0039745883625909	-0.4951948325509321	-0.1702224965718518	0.0317861595647424	0.0325936981658604	0.0000000000000000	0.0000000000000000	
0.0450000000000000	0.5000000000000000	0.6842411315605371	-0.0039538002550653	-0.4837293220000359	-0.1702533185323679	0.0303856250930919	0.0312573667317384	0.0000000000000000	0.0000000000000000	
0.0550000000000000	0.5000000000000000	0.6681123553230677	-0.0039339294069842	-0.4723290730864755	-0.1702827801556835	0.0290424203165735	0.0299800095551581	0.0000000000000000	0.0000000000000000	
0.0650000000000000	0.5000000000000000	0.6520720538917689	-0.0039149383841973	-0.4609912008906292	-0.1703109369840091	0.0277540109585422	0.0287592165593647	0.0000000000000000	0.0000000000000000	
0.0750000000000000	0.5000000000000000	0.6361163022319098	-0.0038967914074258	-0.4497129381876308	-0.1703378421036925	0.0265179661293379	0.0275926843952234	0.0000000000000000	0.0000000000000000	
0.0850000000000000	0.5000000000000000	0.6202413348410630	-0.0038794542847240	-0.4384916302258102	-0.1703635462453607	0.0253319537396088	0.0264782120952714	0.0000000000000000	0.0000000000000000	
0.0950000000000000	0.5000000000000000	0.6044435386439330	-0.0038628943469709	-0.4273247297173280	-0.1703880978795797	0.0241937361000429	0.0254136969209076	0.0000000000000000	0.0000000000000000	
0.1050000000000000	0.5000000000000000	0.5887194461747438	-0.0038470803862690	-0.4162097920315584	-0.1704115433082110	0.0231011656992068	0.0243971303948891	0.0000000000000000	0.0000000000000000	
0.1150000000000000	0.5000000000000000	0.5730657290343322	-0.0038319825971315	-0.4051444705821542	-0.1704339267516424	0.0220521811515280	0.0234265945116513	0.0000000000000000	0.0000000000000000	
0.1250000000000000	0.5000000000000000	0.5574791916096061	-0.0038175725203453	-0.3941265123990966	-0.1704552904320601	0.0210448033077757	0.0225002581183035	0.0000000000000000	0.0000000000000000	
0.1350000000000000	0.5000000000000000	0.5419567650435256	-0.0038038229894003	-0.3831537538773774	-0.1704756746529206	0.0200771315207044	0.0216163734594748	0.0000000000000000	0.0000000000000000	
0.1450000000000000	0.5000000000000000	0.5264955014442343	-0.0037907080793831	-0.3722241166942973	-0.1704951178747777	0.0191473400588153	0.0207732728794948	0.0000000000000000	0.0000000000000000	
0.1550000000000000	0.5000000000000000	0.5110925683224211	-0.0037782030582353	-0.3613356038876800	-0.1705136567876087	0.0182536746614692	0.0199693656756896	
0.1650000000000000	0.5000000000000000	0.4957452432464250	-0.0037662843402825	-0.3504862960876070	-0.1705313263797797	0.0173944492288549	0.0192031350968563	
0.1750000000000000	0.5000000000000000	0.4804509087049987	-0.0037549294419435	-0.3396743478945638	-0.1705481600037830	0.0165680426405658	0.0184731354812595	
0.1850000000000000	0.5000000000000000	0.4652070471680478	-0.0037441169395349	-0.3288979843971709	-0.1705641894388730	0.0157728956967857	0.0177779895287478	
0.1950000000000000	0.5000000000000000	0.4500112363360297	-0.0037338264290880	-0.3181554978229278	-0.1705794449507220	0.0150075081763120	0.0171163857018493	
0.2050000000000000	0.5000000000000000	0.4348611445690512	-0.0037240384881008	-0.3074452443156551	-0.1705939553482103	0.0142704360058665	0.0164870757509418	
0.2150000000000000	0.5000000000000000	0.4197545264870475	-0.0037147346391502	-0.2967656408335560	-0.1706077480374611	0.0135602885353542	0.0158888723588330	
0.2250000000000000	0.5000000000000000	0.4046892187327429	-0.0037058973152946	-0.2861151621620469	-0.1706208490732233	0.0128757259139279	0.0153206469003059	
0.2350000000000000	0.5000000000000000	0.3896631358894026	-0.0036975098271987	-0.2754923380357217	-0.1706332832077029	0.0122154565619114	0.0147813273124054	
0.2450000000000000	0.5000000000000000	0.3746742665456763	-0.0036895563319170	-0.2648957503640215	-0.1706450739369348	0.0115782347338085	0.0142698960714488	
0.2550000000000000	0.5000000000000000	0.3597206695001114	-0.0036820218032759	-0.2543240305553758	-0.1706562435447879	0.0109628581678024	0.0137853882729448	
0.2650000000000000	0.5000000000000000	0.3448004700981770	-0.0036748920037957	-0.2437758569347676	-0.1706668131446840	0.0103681658173096	0.0133268898107994	
0.2750000000000000	0.5000000000000000	0.3299118566948880	-0.0036681534580995	-0.2332499522498507	-0.1706768027191149	0.0097930356603090	0.0128935356523734	
0.2850000000000000	0.5000000000000000	0.3150530772363582	-0.0036617934277560	-0.2227450812609132	-0.1706862311570312	0.0092363825823129	0.0124845082061404	
0.2950000000000000	0.5000000000000000	0.3002224359538331	-0.0036557998875081	-0.2122600484101420	-0.1706951162891751	0.0086971563289851	0.0120990357788623	
0.3050000000000000	0.5000000000000000	0.2854182901639643	-0.0036501615028419	-0.2017936955657877	-0.1707034749214264	0.0081743395245437	0.0117363911193761	
0.3150000000000000	0.5000000000000000	0.2706390471692909	-0.0036448676088513	-0.1913448998369780	-0.1707113228662229	0.0076669457522092	0.0113958900462418	
0.3250000000000000	0.5000000000000000	0.2558831612530781	-0.0036399081903582	-0.1809125714550512	-0.1707186749721194	0.0071740176930762	0.0110768901566634	
0.3350000000000000	0.5000000000000000	0.2411491307628437	-0.0036352738632502	-0.1704956517174149	-0.1707255451515373	0.0066946253198965	0.0107787896142484	
0.3450000000000000	0.5000000000000000	0.2264354952770685	-0.0036309558569997	-0.1600931109900500	-0.1707319464067622	0.0062278641423661	0.0105010260133167	
0.3550000000000000	0.5000000000000000	0.2117408328497451	-0.0036269459983293	-0.1497039467648875	-0.1707378908542352	0.0057728535006046	0.0102430753176177	
0.3650000000000000	0.5000000000000000	0.1970637573275635	-0.0036232366959950	-0.1393271817683949	-0.1707433897471871	0.0053287349036061	0.0100044508714529	
0.3750000000000000	0.5000000000000000	0.1824029157346722	-0.0036198209266548	-0.1289618621178008	-0.1707484534966581	0.0048946704095279	0.0097847024813367	
0.3850000000000000	0.5000000000000000	0.1677569857200773	-0.0036166922217984	-0.1186070555214777	-0.1707530916909403	0.0044698410447589	0.0095834155664650	
0.3950000000000000	0.5000000000000000	0.1531246730628628	-0.0036138446557108	-0.1082618495200868	-0.1707573131134845	0.0040534452587847	0.0094002103763864	
0.4050000000000000	0.5000000000000000	0.1385047092305212	-0.0036112728344484	-0.0979253497651643	-0.1707611257593006	0.0036446974119348	0.0092347412744003	
0.4150000000000000	0.5000000000000000	0.1238958489857882	-0.0036089718858054	-0.0875966783319000	-0.1707645368498860	0.0032428262931562	0.0090866960853300	
0.4250000000000000	0.5000000000000000	0.1092968680374605	-0.0036069374502523	-0.0772749720629232	-0.1707675528467084	0.0028470736650174	0.0089557955064392	
0.4350000000000000	0.5000000000000000	0.0947065607307646	-0.0036051656728286	-0.0669593809399690	-0.1707701794632694	0.0024566928331969	0.0088417925803810	
0.4450000000000000	0.5000000000000000	0.0801237377729141	-0.0036036531959747	-0.0566490664803517	-0.1707724216757708	0.0020709472377562	0.0087444722291832	
0.4550000000000000	0.5000000000000000	0.0655472239895627	-0.0036023971532889	-0.0463432001552170	-0.1707742837324044	0.0016891090635385	0.0086636508483917	
0.4650000000000000	0.5000000000000000	0.0509758561079161	-0.0036013951641988	-0.0360409618265882	-0.1707757691612827	0.0013104578670721	0.0085991759606062	
0.4750000000000000	0.5000000000000000	0.0364084805623169	-0.0036006453295348	-0.0257415382002535	-0.1707768807770246	0.0009342792173845	0.0085509259277518	
0.4850000000000000	0.5000000000000000	0.0218439513181598	-0.0036001462280006	-0.0154441212915761	-0.1707776206860099	0.0005598633481655	0.0085188097215467	
0.4950000000000000	0.5000000000000000	0.0072811277100278	-0.0035998969135303	-0.0051479069013279	-0.1707779902903113	0.0001865038187315	0.0085027667517310	
0.5050000000000000	0.5000000000000000	-0.0072811277100335	-0.0035998969135303	0.0051479069013287	-0.1707779902903113	-0.0001865038187314	0.0085027667517310	
0.5150000000000000	0.5000000000000000	-0.0218439513181655	-0.0036001462280006	0.0154441212915769	-0.1707776206860099	-0.0005598633481654	0.0085188097215468	
0.5250000000000000	0.5000000000000000	-0.0364084805623226	-0.0036006453295348	0.0257415382002544	-0.1707768807770245	-0.0009342792173845	0.0085509259277517	
0.5350000000000000	0.5000000000000000	-0.0509758561079218	-0.0036013951641987	0.0360409618265891	-0.1707757691612825	-0.0013104578670720	0.0085991759606062	
0.5450000000000000	0.5000000000000000	-0.0655472239895684	-0.0036023971532889	0.0463432001552180	-0.1707742837324043	-0.0016891090635384	0.0086636508483918	
0.5550000000000000	0.5000000000000000	-0.0801237377729198	-0.0036036531959747	0.0566490664803526	-0.1707724216757706	-0.0020709472377561	0.0087444722291832	
0.5650000000000001	0.5000000000000000	-0.0947065607307702	-0.0036051656728286	0.0669593809399700	-0.1707701794632692	-0.0024566928331969	0.0088417925803810	
0.5750000000000000	0.5000000000000000	-0.1092968680374661	-0.0036069374502522	0.0772749720629241	-0.1707675528467082	-0.0028470736650173	0.0089557955064393	
0.5850000000000000	0.5000000000000000	-0.1238958489857938	-0.0036089718858053	0.0875966783319009	-0.1707645368498857	-0.0032428262931561	0.0090866960853301	
0.5950000000000000	0.5000000000000000	-0.1385047092305269	-0.0036112728344483	0.0979253497651651	-0.1707611257593004	-0.0036446974119348	0.0092347412744004	
0.6050000000000000	0.5000000000000000	-0.1531246730628684	-0.0036138446557108	0.1082618495200876	-0.1707573131134843	-0.0040534452587846	0.0094002103763865	
0.6150000000000000	0.5000000000000000	-0.1677569857200829	-0.0036166922217984	0.1186070555214785	-0.1707530916909402	-0.0044698410447588	0.0095834155664651	
0.6250000000000000	0.5000000000000000	-0.1824029157346777	-0.0036198209266548	0.1289618621178016	-0.1707484534966579	-0.0048946704095278	0.0097847024813368	
0.6350000000000000	0.5000000000000000	-0.1970637573275691	-0.0036232366959950	0.1393271817683957	-0.1707433897471869	-0.0053287349036060	0.0100044508714530	
0.6450000000000000	0.5000000000000000	-0.2117408328497507	-0.0036269459983293	0.1497039467648883	-0.1707378908542349	-0.0057728535006045	0.0102430753176179	
0.6550000000000000	0.5000000000000000	-0.2264354952770742	-0.0036309558569996	0.1600931109900508	-0.1707319464067620	-0.0062278641423660	0.0105010260133168	
0.6650000000000000	0.5000000000000000	-0.2411491307628494	-0.0036352738632502	0.1704956517174157	-0.1707255451515371	-0.0066946253198964	0.0107787896142485	
0.6750000000000000	0.5000000000000000	-0.2558831612530837	-0.0036399081903581	0.1809125714550519	-0.1707186749721191	-0.0071740176930761	0.0110768901566635	
0.6850000000000001	0.5000000000000000	-0.2706390471692964	-0.0036448676088513	0.1913448998369787	-0.1707113228662227	-0.0076669457522092	0.0113958900462418	
0.6950000000000001	0.5000000000000000	-0.2854182901639699	-0.0036501615028419	0.2017936955657884	-0.1707034749214261	-0.0081743395245436	0.0117363911193762	
0.7050000000000001	0.5000000000000000	-0.3002224359538386	-0.0036557998875081	0.2122600484101426	-0.1706951162891750	-0.0086971563289850	0.0120990357788623	
0.7149999999999999	0.5000000000000000	-0.3150530772363637	-0.0036617934277560	0.2227450812609139	-0.1706862311570309	-0.0092363825823128	0.0124845082061404	
0.7250000000000000	0.5000000000000000	-0.3299118566948935	-0.0036681534580995	0.2332499522498514	-0.1706768027191147	-0.0097930356603089	0.0128935356523735	
0.7350000000000001	0.5000000000000000	-0.3448004700981825	-0.0036748920037957	0.2437758569347683	-0.1706668131446838	-0.0103681658173095	0.0133268898107994	
0.7450000000000000	0.5000000000000000	-0.3597206695001170	-0.0036820218032759	0.2543240305553765	-0.1706562435447876	-0.0109628581678024	0.0137853882729449	
0.7549999999999999	0.5000000000000000	-0.3746742665456819	-0.0036895563319170	0.2648957503640223	-0.1706450739369347	-0.0115782347338085	0.0142698960714488	
0.7650000000000000	0.5000000000000000	-0.3896631358894083	-0.0036975098271987	0.2754923380357225	-0.1706332832077026	-0.0122154565619113	0.0147813273124054	
0.7750000000000001	0.5000000000000000	-0.4046892187327487	-0.0037058973152947	0.2861151621620477	-0.1706208490732231	-0.0128757259139278	0.0153206469003059	
0.7850000000000000	0.5000000000000000	-0.4197545264870534	-0.0037147346391502	0.2967656408335569	-0.1706077480374608	-0.0135602885353541	0.0158888723588330	
0.7949999999999999	0.5000000000000000	-0.4348611445690571	-0.0037240384881009	0.3074452443156561	-0.1705939553482101	-0.0142704360058665	0.0164870757509418	
0.8050000000000000	0.5000000000000000	-0.4500112363360356	-0.0037338264290881	0.3181554978229288	-0.1705794449507218	-0.0150075081763119	0.0171163857018493	
0.8150000000000002	0.5000000000000000	-0.4652070471680537	-0.0037441169395350	0.3288979843971719	-0.1705641894388728	-0.0157728956967857	0.0177779895287478	
0.8250000000000001	0.5000000000000000	-0.4804509087050046	-0.0037549294419436	0.3396743478945647	-0.1705481600037828	-0.0165680426405658	0.0184731354812595	
0.8350000000000000	0.5000000000000000	-0.4957452432464308	-0.0037662843402825	0.3504862960876079	-0.1705313263797796	-0.0173944492288549	0.0192031350968563	
0.8450000000000000	0.5000000000000000	-0.5110925683224268	-0.0037782030582354	0.3613356038876809	-0.1705136567876084	-0.0182536746614692	0.0199693656756895	0.0000000000000000	0.0000000000000000	
0.8550000000000000	0.5000000000000000	-0.5264955014442398	-0.0037907080793832	0.3722241166942982	-0.1704951178747774	-0.0191473400588152	0.0207732728794949	0.0000000000000000	0.0000000000000000	
0.8650000000000000	0.5000000000000000	-0.5419567650435312	-0.0038038229894004	0.3831537538773783	-0.1704756746529204	-0.0200771315207044	0.0216163734594748	0.0000000000000000	0.0000000000000000	
0.8750000000000000	0.5000000000000000	-0.5574791916096116	-0.0038175725203453	0.3941265123990974	-0.1704552904320600	-0.0210448033077756	0.0225002581183036	0.0000000000000000	0.0000000000000000	
0.8850000000000000	0.5000000000000000	-0.5730657290343376	-0.0038319825971316	0.4051444705821550	-0.1704339267516423	-0.0220521811515280	0.0234265945116514	0.0000000000000000	0.0000000000000000	
0.8950000000000000	0.5000000000000000	-0.5887194461747493	-0.0038470803862691	0.4162097920315592	-0.1704115433082107	-0.0231011656992068	0.0243971303948891	0.0000000000000000	0.0000000000000000	
0.9050000000000000	0.5000000000000000	-0.6044435386439385	-0.0038628943469710	0.4273247297173288	-0.1703880978795794	-0.0241937361000429	0.0254136969209075	0.0000000000000000	0.0000000000000000	
0.9150000000000000	0.5000000000000000	-0.6202413348410685	-0.0038794542847240	0.4384916302258109	-0.1703635462453605	-0.0253319537396088	0.0264782120952714	0.0000000000000000	0.0000000000000000	
0.9250000000000000	0.5000000000000000	-0.6361163022319153	-0.0038967914074258	0.4497129381876315	-0.1703378421036922	-0.0265179661293379	0.0275926843952234	0.0000000000000000	0.0000000000000000	
0.9350000000000001	0.5000000000000000	-0.6520720538917744	-0.0039149383841972	0.4609912008906299	-0.1703109369840089	-0.0277540109585422	0.0287592165593647	0.0000000000000000	0.0000000000000000	
0.9450000000000001	0.5000000000000000	-0.6681123553230731	-0.0039339294069842	0.4723290730864761	-0.1702827801556831	-0.0290424203165735	0.0299800095551581	0.0000000000000000	0.0000000000000000	
0.9550000000000001	0.5000000000000000	-0.6842411315605423	-0.0039538002550652	0.4837293220000364	-0.1702533185323677	-0.0303856250930918	0.0312573667317385	0.0000000000000000	0.0000000000000000	
0.9649999999999999	0.5000000000000000	-0.7004624745773484	-0.0039745883625908	0.4951948325509324	-0.1702224965718515	-0.0317861595647423	0.0325936981658604	0.0000000000000000	0.0000000000000000	
0.9750000000000000	0.5000000000000000	-0.7167806510061527	-0.0039963328892814	0.5067286127971432	-0.1701902561712411	-0.0332466661768922	0.0339915252091832	0.0000000000000000	0.0000000000000000	
0.9850000000000001	0.5000000000000000	-0.7332001101896576	-0.0040190747944220	0.5183337996109141	-0.1701565365572643	-0.0347699005294483	0.0354534852454670	0.0000000000000000	0.0000000000000000	
0.9950000000000000	0.5000000000000000	-0.7497254925758240	-0.0040428569142921	0.5300136645976784	-0.1701212741714886	-0.0363587365761609	0.0369823366666550	0.0000000000000000	0.0000000000000000	
