0.0016666666666667	0.5000000000000000	0.7776010845695981	-0.0013483538262094	-0.5497555360225498	-0.1705376118259364	0.0505121088484638	0.0356677512841570	-0.0155514528857259	-0.0220900623250237	0.0078027931263439	0.0142773190817672	0.0000000000000000	0.0000000000000000	
0.0050000000000000	0.5000000000000000	0.7620873405926826	-0.0041335534013528	-0.5386318195708452	-0.1667874893870555	0.0434778227537597	0.0301921613391694	-0.0090748888564798	-0.0150590064387704	0.0000000000000000	0.0000000000000000	
0.0083333333333333	0.5000000000000000	0.7482164885512107	-0.0013076212401549	-0.5290059392883939	-0.1705932663603662	0.0382371606170794	0.0344332476720968	-0.0052190639178071	-0.0207233747515851	-0.0014728338441182	0.0056285768493847	0.0000000000000000	0.0000000000000000	
0.0116666666666667	0.5000000000000000	0.7421723768618123	-0.0013011712724720	-0.5247336654721813	-0.1706022941455846	0.0373848942905397	0.0338829004233321	-0.0049029239010918	-0.0201520361657680	-0.0015304556299802	0.0051071678576105	0.0000000000000000	0.0000000000000000	
0.0150000000000000	0.5000000000000000	0.7361647454939055	-0.0012948852311999	-0.5204871421143983	-0.1706110933742968	0.0365549565809220	0.0333447595105753	-0.0045998176405553	-0.0195958372430547	-0.0015824484576265	0.0046006201224671	0.0000000000000000	0.0000000000000000	
0.0183333333333333	0.5000000000000000	0.7301926646452465	-0.0012887582525795	-0.5162657129134300	-0.1706196708060804	0.0357467784658412	0.0328185060206574	-0.0043093882854481	-0.0190543228932167	-0.0016289725149068	0.0041084438088654	0.0000000000000000	0.0000000000000000	
0.0216666666666667	0.5000000000000000	0.7242552322693682	-0.0012827855992843	-0.5120687411585571	-0.1706280330248855	0.0349598079067743	0.0323038291447713	-0.0040312902418448	-0.0185270498976227	-0.0016701826886387	0.0036301620009605	0.0000000000000000	0.0000000000000000	
0.0250000000000000	0.5000000000000000	0.7183515733553540	-0.0012769626565693	-0.5078956092215995	-0.1706361864443826	0.0341935094083613	0.0318004259362235	-0.0037651888780196	-0.0180135865467486	-0.0017062287041121	0.0031653103030209	0.0000000000000000	0.0000000000000000	
0.0283333333333333	0.5000000000000000	0.7124808392296278	-0.0012712849285198	-0.5037457180641021	-0.1706441373131718	0.0334473635911755	0.0313080010744555	-0.0035107602388938	-0.0175135122871027	-0.0017372552602729	0.0027134364506798	0.0000000000000000	0.0000000000000000	
0.0316666666666667	0.5000000000000000	0.7066422068791859	-0.0012657480343971	-0.4996184867596523	-0.1706518917198576	0.0327208667776168	0.0308262666351459	-0.0032676907693199	-0.0170264173772758	-0.0017634021606975	0.0022740999322492	0.0000000000000000	0.0000000000000000	
0.0350000000000000	0.5000000000000000	0.7008348782957236	-0.0012603477050773	-0.4955133520309469	-0.1706594555979935	0.0320135305905866	0.0303549418662017	-0.0030356770459742	-0.0165519025528352	-0.0017848044404673	0.0018468716197870	0.0000000000000000	0.0000000000000000	
0.0383333333333333	0.5000000000000000	0.6950580798401176	-0.0012550797795820	-0.4914297678012253	-0.1706668347309000	0.0313248815646197	0.0298937529694610	-0.0028144255176374	-0.0160895786997883	-0.0018015924890487	0.0014313334096117	0.0000000000000000	0.0000000000000000	
0.0416666666666667	0.5000000000000000	0.6893110616267430	-0.0012499402016961	-0.4873672047597050	-0.1706740347563605	0.0306544607691536	0.0294424328879252	-0.0026036522536486	-0.0156390665363467	-0.0018138921692797	0.0010270778719710	0.0000000000000000	0.0000000000000000	
0.0450000000000000	0.5000000000000000	0.6835930969271307	-0.0012449250166716	-0.4833251499406641	-0.1706810611711989	0.0300018234436284	0.0290007210983514	-0.0024030827003259	-0.0151999963027324	-0.0018218249325630	0.0006337079095755	0.0000000000000000	0.0000000000000000	
0.0483333333333333	0.5000000000000000	0.6779034815924661	-0.0012400303680141	-0.4793031063158270	-0.1706879193357419	0.0293665386441194	0.0285683634090333	-0.0022124514451521	-0.0147720074587698	-0.0018255079303606	0.0002508364247168	0.0000000000000000	0.0000000000000000	
0.0516666666666667	0.5000000000000000	0.6722415334944704	-0.0012352524943485	-0.4753005923997207	-0.1706946144781710	0.0287481889012140	0.0281451117626073	-0.0020315019885323	-0.0143547483890171	-0.0018250541220828	-0.0001219140053034	0.0000000000000000	0.0000000000000000	
0.0550000000000000	0.5000000000000000	0.6666065919841978	-0.0012305877263632	-0.4713171418676801	-0.1707011516987662	0.0281463698888532	0.0277307240437232	-0.0018599865229334	-0.0139478761151952	-0.0018205723794614	-0.0004849114446998	
0.0583333333333333	0.5000000000000000	0.6609980173683141	-0.0012260324838281	-0.4673523031861890	-0.1707075359740461	0.0275606901038687	0.0273249638914231	-0.0016976657192254	-0.0135510560156780	-0.0018121675874937	-0.0008385149079471	
0.0616666666666667	0.5000000000000000	0.6554151904024247	-0.0012215832726863	-0.4634056392552574	-0.1707137721608074	0.0269907705559523	0.0269276005160759	-0.0015443085200465	-0.0131639615518151	-0.0017999407420411	-0.0011830746609920	
0.0650000000000000	0.5000000000000000	0.6498575118010408	-0.0012172366822147	-0.4594767270625418	-0.1707198650000666	0.0264362444678061	0.0265384085207180	-0.0013996919400225	-0.0127862740008623	-0.0017839890441642	-0.0015189325151841	
0.0683333333333333	0.5000000000000000	0.6443244017637848	-0.0012129893822535	-0.4555651573489264	-0.1707258191209073	0.0258967569852282	0.0261571677266552	-0.0012636008726754	-0.0124176821953006	-0.0017644059912724	-0.0018464221141657	
0.0716666666666667	0.5000000000000000	0.6388152995174462	-0.0012088381205006	-0.4516705342852930	-0.1707316390442380	0.0253719648968980	0.0257836630031842	-0.0011358279038621	-0.0120578822683308	-0.0017412814651641	-0.0021658692139561	
0.0750000000000000	0.5000000000000000	0.6333296628735143	-0.0012047797198691	-0.4477924751602153	-0.1707373291864601	0.0248615363636317	0.0254176841012947	-0.0010161731315883	-0.0117065774053358	-0.0017147018170306	-0.0024775919564623	0.0000000000000000	0.0000000000000000	
0.0783333333333333	0.5000000000000000	0.6296164735633092	-0.0006977058699593	-0.4452163970811558	-0.1714224926898412	0.0255528411128151	0.0259212788476128	-0.0021384819646960	-0.0124985701791247	0.0000000000000000	0.0000000000000000	
0.0816666666666667	0.5000000000000000	0.6254918779516874	-0.0012523941850921	-0.4422515243913419	-0.1706674574415297	0.0257632687299015	0.0245640554284289	-0.0025360401610099	-0.0108151990356319	0.0000000000000000	0.0000000000000000	
0.0850000000000000	0.5000000000000000	0.6200160607335170	-0.0012490602595691	-0.4383803212877357	-0.1706722291828960	0.0252575881815190	0.0241911552405120	-0.0024040095386998	-0.0104397227564891	0.0000000000000000	0.0000000000000000	
0.0883333333333333	0.5000000000000000	0.6145574232876603	-0.0012457959038855	-0.4345212488964321	-0.1706769015383587	0.0247624405566918	0.0238255620293455	-0.0022766077050398	-0.0100726228838525	0.0000000000000000	0.0000000000000000	
0.0916666666666667	0.5000000000000000	0.6091156067299164	-0.0012425995716811	-0.4306740538105614	-0.1706814767129743	0.0242776058372014	0.0234671237838578	-0.0021537314324926	-0.0097137016183032	0.0000000000000000	0.0000000000000000	
0.0950000000000000	0.5000000000000000	0.6036902601660421	-0.0012394697492426	-0.4268384882648679	-0.1706859568652621	0.0238028689028818	0.0231156916653996	-0.0020352799346824	-0.0093627653696641	0.0000000000000000	0.0000000000000000	
0.0983333333333333	0.5000000000000000	0.5982810405233318	-0.0012364049547694	-0.4230143100167903	-0.1706903441082514	0.0233380194283737	0.0227711199370910	-0.0019211548144806	-0.0090196246614594	0.0000000000000000	0.0000000000000000	
0.1016666666666667	0.5000000000000000	0.5928876123859901	-0.0012334037376552	-0.4192012822302216	-0.1706946405105052	0.0228828517822047	0.0224332658946564	-0.0018112600132721	-0.0086840940373910	0.0000000000000000	0.0000000000000000	
0.1050000000000000	0.5000000000000000	0.5875096478342196	-0.0012304646777840	-0.4153991733618904	-0.1706988480971238	0.0224371649281461	0.0221019897987142	-0.0017055017613751	-0.0083559919697882	0.0000000000000000	0.0000000000000000	
0.1083333333333333	0.5000000000000000	0.5821468262869413	-0.0012275863848412	-0.4116077570503086	-0.1707029688507263	0.0220007623287971	0.0217771548084878	-0.0016037885295912	-0.0080351407699841	0.0000000000000000	0.0000000000000000	
0.1116666666666667	0.5000000000000000	0.5767988343480759	-0.0012247674976399	-0.4078268120072329	-0.1707070047124117	0.0215734518513515	0.0214586269169073	-0.0015060309818620	-0.0077213665005778	0.0000000000000000	0.0000000000000000	
0.1150000000000000	0.5000000000000000	0.5714653656563076	-0.0012220066834602	-0.4040561219115850	-0.1707109575827003	0.0211550456754994	0.0211462748870681	-0.0014121419290089	-0.0074144988895361	0.0000000000000000	0.0000000000000000	
0.1183333333333333	0.5000000000000000	0.5661461207382610	-0.0012193026374022	-0.4002954753057815	-0.1707148293224551	0.0207453602034209	0.0208399701900180	-0.0013220362835328	-0.0071143712460960	0.0000000000000000	0.0000000000000000	
0.1216666666666667	0.5000000000000000	0.5608408068650160	-0.0012166540817536	-0.3965446654944218	-0.1707186217537844	0.0203442159718264	0.0205395869438415	-0.0012356310154527	-0.0068208203784251	0.0000000000000000	0.0000000000000000	
0.1250000000000000	0.5000000000000000	0.5555491379118932	-0.0012140597653695	-0.3928034904452841	-0.1707223366609252	0.0199514375660019	0.0202450018540107	-0.0011528451091597	-0.0065336865130002	0.0000000000000000	0.0000000000000000	
0.1283333333333334	0.5000000000000000	0.5502708342214426	-0.0012115184630651	-0.3890717526925838	-0.1707259757911084	0.0195668535358171	0.0199560941549764	-0.0010735995212679	-0.0062528132156647	0.0000000000000000	0.0000000000000000	
0.1316666666666667	0.5000000000000000	0.5450056224695671	-0.0012090289750218	-0.3853492592424445	-0.1707295408554060	0.0191902963136557	0.0196727455529685	-0.0009978171394381	-0.0059780473143269	0.0000000000000000	0.0000000000000000	
0.1350000000000000	0.5000000000000000	0.5397532355347152	-0.0012065901262045	-0.3816358214805380	-0.1707330335295613	0.0188216021342280	0.0193948401699800	-0.0009254227421574	-0.0057092388232607	0.0000000000000000	0.0000000000000000	
0.1383333333333334	0.5000000000000000	0.5345134123700830	-0.0012042007657912	-0.3779312550818467	-0.1707364554548013	0.0184606109562264	0.0191222644889060	-0.0008563429594526	-0.0054462408689718	0.0000000000000000	0.0000000000000000	
0.1416666666666667	0.5000000000000000	0.5292858978787599	-0.0012018597666153	-0.3742353799225063	-0.1707398082386328	0.0181071663857873	0.0188549072998120	-0.0007905062345187	-0.0051889096175942	0.0000000000000000	0.0000000000000000	
0.1450000000000000	0.5000000000000000	0.5240704427917593	-0.0011995660246176	-0.3705480199936841	-0.1707430934556218	0.0177611156017197	0.0185926596473049	-0.0007278427862449	-0.0049371042037803	0.0000000000000000	0.0000000000000000	
0.1483333333333333	0.5000000000000000	0.5188332191360663	-0.0012131196659967	-0.3668492391817207	-0.1707271315680565	0.0174085875926141	0.0183136263601880	-0.0006588595141377	-0.0046641664206143	0.0000000000000000	0.0000000000000000	
0.1516666666666667	0.5000000000000000	0.5134403002628329	-0.0011538523049308	-0.3630302493205685	-0.1708103544755254	0.0169433307725943	0.0181691186011145	-0.0004736526136658	-0.0045704048625140	-0.0001349770531312	0.0000368469402689	
0.1550000000000000	0.5000000000000000	0.5083291107124360	-0.0011340048408107	-0.3594205966434526	-0.1708355906076401	0.0166735629010569	0.0179498092071904	-0.0004897505765045	-0.0043717447701649	
0.1583333333333333	0.5000000000000000	0.5033109082394797	-0.0011908857144536	-0.3558708018225527	-0.1707555273355852	0.0164417532740197	0.0175963900355999	-0.0005043958296878	-0.0039885953368644	
0.1616666666666667	0.5000000000000000	0.4981519769289925	-0.0011888134188801	-0.3522233537622369	-0.1707584958831807	0.0161303581493829	0.0173582219374514	-0.0004565338856085	-0.0037625296292022	
0.1650000000000000	0.5000000000000000	0.4930037202924772	-0.0011867822341108	-0.3485834431731348	-0.1707614056299715	0.0158255078586572	0.0171245562513023	-0.0004114602608634	-0.0035412060070655	
0.1683333333333334	0.5000000000000000	0.4878659265553960	-0.0011847912039042	-0.3449509205208327	-0.1707642579398023	0.0155270725657519	0.0168952984627477	-0.0003691165898329	-0.0033245025739090	
0.1716666666666667	0.5000000000000000	0.4827383888898873	-0.0011828393911428	-0.3413256397637110	-0.1707670541492553	0.0152349254670204	0.0166703559286925	-0.0003294460121620	-0.0031122998840344	
0.1750000000000000	0.5000000000000000	0.4776209053161915	-0.0011809258773775	-0.3377074582833427	-0.1707697955682981	0.0149489427308314	0.0164496378335830	-0.0002923931425559	-0.0029044808834810	
0.1783333333333333	0.5000000000000000	0.4725132786064268	-0.0011790497623821	-0.3340962368165499	-0.1707724834809197	0.0146690034385804	0.0162330551465100	-0.0002579040413055	-0.0027009308520935	
0.1816666666666667	0.5000000000000000	0.4674153161906676	-0.0011772101637158	-0.3304918393890877	-0.1707751191457535	0.0143949895271130	0.0160205205791612	-0.0002259261855290	-0.0025015373467399	
0.1850000000000000	0.5000000000000000	0.4623268300652800	-0.0011754062162946	-0.3268941332509205	-0.1707777037966878	0.0141267857325320	0.0158119485446030	-0.0001964084411146	-0.0023061901456519	
0.1883333333333334	0.5000000000000000	0.4572476367034705	-0.0011736370719711	-0.3233029888130614	-0.1707802386434650	0.0138642795353611	0.0156072551168712	-0.0001693010353503	-0.0021147811938595	
0.1916666666666667	0.5000000000000000	0.4521775569680037	-0.0011719018991226	-0.3197182795859437	-0.1707827248722683	0.0136073611070381	0.0154063579913523	-0.0001445555302285	-0.0019272045496951	
0.1950000000000000	0.5000000000000000	0.4471164160260476	-0.0011701998822473	-0.3161398821192933	-0.1707851636462974	0.0133559232577126	0.0152091764459345	-0.0001221247964111	-0.0017433563323390	
0.1983333333333334	0.5000000000000000	0.4420640432661042	-0.0011685302215676	-0.3125676759434755	-0.1707875561063333	0.0131098613853217	0.0150156313029108	-0.0001019629878426	-0.0015631346703819	
0.2016666666666667	0.5000000000000000	0.4370202722169853	-0.0011668921326420	-0.3090015435122838	-0.1707899033712915	0.0128690734259201	0.0148256448916153	-0.0000840255169988	-0.0013864396513788	
0.2050000000000000	0.5000000000000000	0.4319849404687960	-0.0011652848459838	-0.3054413701471471	-0.1707922065387657	0.0126334598052398	0.0146391410117745	-0.0000682690307586	-0.0012131732723706	
0.2083333333333334	0.5000000000000000	0.4269578895958834	-0.0011637076066870	-0.3018870439827259	-0.1707944666855599	0.0124029233914562	0.0144560448975565	-0.0000546513868878	-0.0010432393913473	
0.2116666666666667	0.5000000000000000	0.4219389650817186	-0.0011621596740598	-0.2983384559138708	-0.1707966848682116	0.0121773694491376	0.0142762831822994	-0.0000431316311219	-0.0008765436796313	
0.2150000000000000	0.5000000000000000	0.4169280162456714	-0.0011606403212645	-0.2947954995439196	-0.1707988621235046	0.0119567055943562	0.0140997838639033	-0.0000336699748375	-0.0007129935751568	
0.2183333333333333	0.5000000000000000	0.4119248961716427	-0.0011591488349640	-0.2912580711343056	-0.1708009994689719	0.0117408417509372	0.0139264762708678	-0.0000262277733017	-0.0005524982366211	
0.2216666666666667	0.5000000000000000	0.4069294616385230	-0.0011576845149756	-0.2877260695554549	-0.1708030979033902	0.0115296901078279	0.0137562910289598	-0.0000207675044874	-0.0003949684984879	
0.2250000000000000	0.5000000000000000	0.4019415730524388	-0.0011562466739303	-0.2841993962389460	-0.1708051584072647	0.0113231650775626	0.0135891600284941	-0.0000172527484455	-0.0002403168268191	
0.2283333333333333	0.5000000000000000	0.3968436961281291	-0.0012005026558137	-0.2805937209114329	-0.1707372330120167	0.0110542424005514	0.0133210905239548	0.0000000000000000	0.0000000000000000	
0.2316666666666667	0.5000000000000000	0.3919395634121708	-0.0012240669860912	-0.2771308470970956	-0.1706957844772607	0.0108997367364697	0.0130861964450351	0.0000000000000000	0.0000000000000000	
0.2350000000000000	0.5000000000000000	0.3869776292389653	-0.0012232280847630	-0.2736224460414189	-0.1706970371752352	0.0107070915501466	0.0129273031320084	0.0000000000000000	0.0000000000000000	
0.2383333333333333	0.5000000000000000	0.3820194894250585	-0.0012224040409458	-0.2701167253856810	-0.1706982676916464	0.0105167789088267	0.0127712260544340	0.0000000000000000	0.0000000000000000	
0.2416666666666667	0.5000000000000000	0.3770650765271727	-0.0012215946752692	-0.2666136374866951	-0.1706994762940511	0.0103287573525486	0.0126179312102870	0.0000000000000000	0.0000000000000000	
0.2450000000000000	0.5000000000000000	0.3721143239139463	-0.0012207998115772	-0.2631131352748304	-0.1707006632452164	0.0101429859204700	0.0124673852036428	0.0000000000000000	0.0000000000000000	
0.2483333333333334	0.5000000000000000	0.3671671657514188	-0.0012200192768895	-0.2596151722437589	-0.1707018288031777	0.0099594241419440	0.0123195552374022	
0.2516666666666667	0.5000000000000000	0.3622235369886904	-0.0012192529013631	-0.2561197024403241	-0.1707029732212954	0.0097780320277032	0.0121744091061470	
0.2550000000000000	0.5000000000000000	0.3572833733437509	-0.0012185005182547	-0.2526266804545312	-0.1707040967483112	0.0095987700611479	0.0120319151891252	
0.2583333333333334	0.5000000000000000	0.3523466112894778	-0.0012177619638841	-0.2491360614096547	-0.1707051996284027	0.0094215991897377	0.0118920424433622	
0.2616666666666667	0.5000000000000000	0.3474131880397959	-0.0012170370775976	-0.2456478009524628	-0.1707062821012370	0.0092464808164844	0.0117547603968993	
0.2650000000000000	0.5000000000000000	0.3424830415360026	-0.0012163257017328	-0.2421618552435556	-0.1707073444020241	0.0090733767915433	0.0116200391421558	
0.2683333333333333	0.5000000000000000	0.3375561104332473	-0.0012156276815833	-0.2386781809478150	-0.1707083867615685	0.0089022494039028	0.0114878493294141	
0.2716666666666667	0.5000000000000000	0.3326323340871692	-0.0012149428653647	-0.2351967352249646	-0.1707094094063208	0.0087330613731689	0.0113581621604265	
0.2750000000000000	0.5000000000000000	0.3277116525406863	-0.0012142711041807	-0.2317174757202379	-0.1707104125584267	0.0085657758414443	0.0112309493821420	
0.2783333333333333	0.5000000000000000	0.3227940065109349	-0.0012136122519907	-0.2282403605551512	-0.1707113964357767	0.0084003563652987	0.0111061832805522	
0.2816666666666667	0.5000000000000000	0.3178793373763548	-0.0012129661655765	-0.2247653483183811	-0.1707123612520546	0.0082367669078295	0.0109838366746541	
0.2850000000000000	0.5000000000000000	0.3129675871639196	-0.0012123327045114	-0.2212923980567433	-0.1707133072167835	0.0080749718308119	0.0108638829105292	
0.2883333333333333	0.5000000000000000	0.3080586985365086	-0.0012117117311285	-0.2178214692662714	-0.1707142345353739	0.0079149358869347	0.0107462958555378	
0.2916666666666667	0.5000000000000000	0.3031526147804154	-0.0012111031104901	-0.2143525218833933	-0.1707151434091677	0.0077566242121221	0.0106310498926265	
0.2950000000000000	0.5000000000000000	0.2982492797929941	-0.0012105067103582	-0.2108855162762043	-0.1707160340354830	0.0076000023179384	0.0105181199147479	
0.2983333333333333	0.5000000000000000	0.2933486380704377	-0.0012099224011647	-0.2074204132358326	-0.1707169066076585	0.0074450360840751	0.0104074813193917	
0.3016666666666667	0.5000000000000000	0.2884506346956871	-0.0012093500559828	-0.2039571739678987	-0.1707177613150955	0.0072916917509176	0.0102991100032252	
0.3050000000000000	0.5000000000000000	0.2835552153264681	-0.0012087895504986	-0.2004957600840642	-0.1707185983433000	0.0071399359121907	0.0101929823568438	
0.3083333333333333	0.5000000000000000	0.2786623261834527	-0.0012082407629839	-0.1970361335936688	-0.1707194178739242	0.0069897355076814	0.0100890752596274	
0.3116666666666666	0.5000000000000000	0.2737719140385448	-0.0012077035742685	-0.1935782568954545	-0.1707202200848061	0.0068410578160365	0.0099873660747040	
0.3150000000000001	0.5000000000000000	0.2688839262032838	-0.0012071778677141	-0.1901220927693744	-0.1707210051500093	0.0066938704476346	0.0098878326440198	
0.3183333333333334	0.5000000000000000	0.2639983105173676	-0.0012066635291883	-0.1866676043684845	-0.1707217732398617	0.0065481413375297	0.0097904532835115	
0.3216666666666667	0.5000000000000000	0.2591150153372890	-0.0012061604470391	-0.1832147552109165	-0.1707225245209927	0.0064038387384661	0.0096952067783832	
0.3250000000000000	0.5000000000000000	0.2542339895250864	-0.0012056685120701	-0.1797635091719308	-0.1707232591563708	0.0062609312139621	0.0096020723784857	
0.3283333333333334	0.5000000000000000	0.2493551824372028	-0.0012051876175161	-0.1763138304760460	-0.1707239773053389	0.0061193876314620	0.0095110297937959	
0.3316666666666667	0.5000000000000000	0.2444785439134538	-0.0012047176590195	-0.1728656836892465	-0.1707246791236506	0.0059791771555533	0.0094220591899975	
0.3350000000000000	0.5000000000000000	0.2396040242661002	-0.0012042585346066	-0.1694190337112622	-0.1707253647635039	0.0058402692412498	0.0093351411841607	
0.3383333333333334	0.5000000000000000	0.2347315742690239	-0.0012038101446654	-0.1659738457679224	-0.1707260343735757	0.0057026336273366	0.0092502568405196	
0.3416666666666667	0.5000000000000000	0.2298611451470038	-0.0012033723919231	-0.1625300854035802	-0.1707266880990541	0.0055662403297785	0.0091673876663479	
0.3450000000000000	0.5000000000000000	0.2249926885650907	-0.0012029451814245	-0.1590877184736066	-0.1707273260816710	0.0054310596351873	0.0090865156079305	
0.3483333333333334	0.5000000000000000	0.2201261566180771	-0.0012025284205108	-0.1556467111369515	-0.1707279484597336	0.0052970620943492	0.0090076230466310	
0.3516666666666667	0.5000000000000000	0.2152615018200612	-0.0012021220187986	-0.1522070298487718	-0.1707285553681548	0.0051642185158087	0.0089306927950539	
0.3550000000000000	0.5000000000000000	0.2103986770941026	-0.0012017258881604	-0.1487686413531235	-0.1707291469384836	0.0050324999595098	0.0088557080933007	
0.3583333333333334	0.5000000000000000	0.2055376357619657	-0.0012013399427043	-0.1453315126757165	-0.1707297232989337	0.0049018777304906	0.0087826526053193	
0.3616666666666667	0.5000000000000000	0.2006783315339518	-0.0012009640987552	-0.1418956111167319	-0.1707302845744127	0.0047723233726330	0.0087115104153456	
0.3650000000000000	0.5000000000000000	0.1958207184988139	-0.0012005982748357	-0.1384609042436971	-0.1707308308865492	0.0046438086624626	0.0086422660244363	
0.3683333333333334	0.5000000000000000	0.1909647511137552	-0.0012002423916485	-0.1350273598844210	-0.1707313623537202	0.0045163056030004	0.0085749043470934	
0.3716666666666667	0.5000000000000000	0.1861103841945077	-0.0011998963720580	-0.1315949461199848	-0.1707318790910774	0.0043897864176638	0.0085094107079776	
0.3750000000000000	0.5000000000000000	0.1812575729054883	-0.0011995601410737	-0.1281636312777884	-0.1707323812105724	0.0042642235442151	0.0084457708387121	
0.3783333333333333	0.5000000000000000	0.1764062727500311	-0.0011992336258329	-0.1247333839246503	-0.1707328688209823	0.0041395896287570	0.0083839708747746	
0.3816666666666667	0.5000000000000000	0.1715564395606939	-0.0011989167555848	-0.1213041728599595	-0.1707333420279329	0.0040158575197736	0.0083239973524767	
0.3850000000000000	0.5000000000000000	0.1667080294896358	-0.0011986094616744	-0.1178759671088782	-0.1707338009339233	0.0038930002622150	0.0082658372060319	
0.3883333333333334	0.5000000000000000	0.1618609989990650	-0.0011983116775272	-0.1144487359155943	-0.1707342456383476	0.0037709910916254	0.0082094777647091	
0.3916666666666667	0.5000000000000000	0.1570153048517533	-0.0011980233386344	-0.1110224487366199	-0.1707346762375179	0.0036498034283122	0.0081549067500728	
0.3950000000000000	0.5000000000000000	0.1521709041016168	-0.0011977443825386	-0.1075970752341378	-0.1707350928246852	0.0035294108715552	0.0081021122733084	
0.3983333333333333	0.5000000000000000	0.1473277540843599	-0.0011974747488193	-0.1041725852693920	-0.1707354954900601	0.0034097871938555	0.0080510828326327	
0.4016666666666667	0.5000000000000000	0.1424858124081799	-0.0011972143790799	-0.1007489488961215	-0.1707358843208335	0.0032909063352212	0.0080018073107883	
0.4050000000000000	0.5000000000000000	0.1376450369445326	-0.0011969632169344	-0.0973261363540363	-0.1707362594011953	0.0031727423974906	0.0079542749726225	
0.4083333333333333	0.5000000000000000	0.1328053858189528	-0.0011967212079949	-0.0939041180623336	-0.1707366208123531	0.0030552696386898	0.0079084754627481	
0.4116666666666667	0.5000000000000000	0.1279668174019326	-0.0011964882998590	-0.0904828646132533	-0.1707369686325510	0.0029384624674244	0.0078643988032886	
0.4150000000000000	0.5000000000000000	0.1231292902998515	-0.0011962644420987	-0.0870623467656713	-0.1707373029370864	0.0028222954373050	0.0078220353917042	
0.4183333333333333	0.5000000000000000	0.1182927633459581	-0.0011960495862488	-0.0836425354387285	-0.1707376237983268	0.0027067432414027	0.0077813759987002	
0.4216666666666667	0.5000000000000000	0.1134571955914019	-0.0011958436857957	-0.0802234017054955	-0.1707379312857262	0.0025917807067363	0.0077424117662172	
0.4250000000000000	0.5000000000000000	0.1086225462963114	-0.0011956466961676	-0.0768049167866702	-0.1707382254658402	0.0024773827887881	0.0077051342055007	
0.4283333333333333	0.5000000000000000	0.1037887749209190	-0.0011954585747240	-0.0733870520443079	-0.1707385064023413	0.0023635245660474	0.0076695351952528	
0.4316666666666667	0.5000000000000000	0.0989558411167284	-0.0011952792807465	-0.0699697789755821	-0.1707387741560325	0.0022501812345817	0.0076356069798629	
0.4350000000000001	0.5000000000000000	0.0941237047177243	-0.0011951087754296	-0.0665530692065744	-0.1707390287848613	0.0021373281026327	0.0076033421677182	
0.4383333333333334	0.5000000000000000	0.0892923257316212	-0.0011949470218715	-0.0631368944860932	-0.1707392703439322	0.0020249405852367	0.0075727337295938	
0.4416666666666667	0.5000000000000000	0.0844616643311511	-0.0011947939850667	-0.0597212266795182	-0.1707394988855195	0.0019129941988691	0.0075437749971217	
0.4450000000000001	0.5000000000000000	0.0796316808453859	-0.0011946496318974	-0.0563060377626710	-0.1707397144590784	0.0018014645561101	0.0075164596613381	
0.4483333333333334	0.5000000000000000	0.0748023357510948	-0.0011945139311265	-0.0528912998157098	-0.1707399171112563	0.0016903273603317	0.0074907817713090	
0.4516666666666667	0.5000000000000000	0.0699735896641333	-0.0011943868533905	-0.0494769850170457	-0.1707401068859032	0.0015795584004046	0.0074667357328343	
0.4550000000000001	0.5000000000000000	0.0651454033308624	-0.0011942683711927	-0.0460630656372822	-0.1707402838240814	0.0014691335454234	0.0074443163072290	
0.4583333333333334	0.5000000000000000	0.0603177376195970	-0.0011941584588973	-0.0426495140331732	-0.1707404479640746	0.0013590287394495	0.0074235186101823	
0.4616666666666667	0.5000000000000000	0.0554905535120802	-0.0011940570927236	-0.0392363026416006	-0.1707405993413965	0.0012492199962706	0.0074043381106934	
0.4650000000000001	0.5000000000000000	0.0506638120949820	-0.0011939642507404	-0.0358234039735688	-0.1707407379887987	0.0011396833941744	0.0073867706300846	
0.4683333333333333	0.5000000000000000	0.0458374745514216	-0.0011938799128615	-0.0324107906082161	-0.1707408639362779	0.0010303950707376	0.0073708123410915	
0.4716666666666667	0.5000000000000000	0.0410115021525108	-0.0011938040608410	-0.0289984351868401	-0.1707409772110829	0.0009213312176270	0.0073564597670288	
0.4750000000000000	0.5000000000000000	0.0361858562489152	-0.0011937366782689	-0.0255863104069375	-0.1707410778377204	0.0008124680754127	0.0073437097810333	
0.4783333333333334	0.5000000000000000	0.0313604982624346	-0.0011936777505680	-0.0221743890162551	-0.1707411658379600	0.0007037819283918	0.0073325596053825	
0.4816666666666667	0.5000000000000000	0.0265353896775973	-0.0011936272649902	-0.0187626438068524	-0.1707412412308404	0.0005952490994215	0.0073230068108899	
0.4850000000000000	0.5000000000000000	0.0217104920332689	-0.0011935852106140	-0.0153510476091742	-0.1707413040326720	0.0004868459447610	0.0073150493163759	
0.4883333333333333	0.5000000000000000	0.0168857669142729	-0.0011935515783413	-0.0119395732861307	-0.1707413542570419	0.0003785488489208	0.0073086853882140	
0.4916666666666667	0.5000000000000000	0.0120611759430212	-0.0011935263608963	-0.0085281937271852	-0.1707413919148162	0.0002703342195170	0.0073039136399536	
0.4950000000000000	0.5000000000000000	0.0072366807711522	-0.0011935095528235	-0.0051168818424475	-0.1707414170141422	0.0001621784821322	0.0073007330320177	
0.4983333333333334	0.5000000000000000	0.0024122430711765	-0.0011935011504861	-0.0017056105567716	-0.1707414295604512	0.0000540580751790	0.0072991428714770	
0.5016666666666667	0.5000000000000000	-0.0024121754718740	-0.0011935011520657	0.0017056471961430	-0.1707414295564586	-0.0000540505552328	0.0072991428118981	
0.5050000000000001	0.5000000000000000	-0.0072366131687938	-0.0011935095575617	0.0051169184796484	-0.1707414170021655	-0.0001621709604276	0.0073007328532689	
0.5083333333333333	0.5000000000000000	-0.0120611083345502	-0.0011935263687912	0.0085282303600448	-0.1707413918948577	-0.0002703266942952	0.0073039133419979	
0.5116666666666667	0.5000000000000000	-0.0168856992966318	-0.0011935515893895	0.0119396099124774	-0.1707413542291057	-0.0003785413184223	0.0073086849709903	
0.5150000000000001	0.5000000000000000	-0.0217104244033982	-0.0011935852248111	0.0153510842268351	-0.1707413039967640	-0.0004868384072252	0.0073150487797985	
0.5183333333333333	0.5000000000000000	-0.0265353220324354	-0.0011936272823305	0.0187626804136531	-0.1707412411869677	-0.0005952415530863	0.0073230061548484	
0.5216666666666667	0.5000000000000000	-0.0313604305989172	-0.0011936777710443	0.0221744256100192	-0.1707411657861318	-0.0007037743714934	0.0073325588297418	
0.5250000000000000	0.5000000000000000	-0.0361857885639744	-0.0011937367018729	0.0255863469854865	-0.1707410777779470	-0.0008124605061850	0.0073437088856340	
0.5283333333333333	0.5000000000000000	-0.0410114344430748	-0.0011938040875629	0.0289984717479923	-0.1707409771433770	-0.0009213236343014	0.0073564587516870	
0.5316666666666667	0.5000000000000000	-0.0458374068144141	-0.0011938799426906	0.0324108271497867	-0.1707408638606531	-0.0010303874715425	0.0073708112055982	
0.5350000000000000	0.5000000000000000	-0.0506637443273216	-0.0011939642836644	0.0358234404933697	-0.1707407379052703	-0.0011396757773350	0.0073867693742062	
0.5383333333333333	0.5000000000000000	-0.0554904857106801	-0.0011940571287290	0.0392363391374396	-0.1707405992499819	-0.0012492123600084	0.0074043367341716	
0.5416666666666667	0.5000000000000000	-0.0603176697813637	-0.0011941584979693	0.0426495505028538	-0.1707404478647925	-0.0013590210819821	0.0074235171127340	
0.5450000000000000	0.5000000000000000	-0.0651453354526959	-0.0011942684133153	0.0460631020786030	-0.1707402837169521	-0.0014691258649637	0.0074443146885461	
0.5483333333333333	0.5000000000000000	-0.0699735217429262	-0.0011943868985463	0.0494770214278002	-0.1707401067709488	-0.0015795506951611	0.0074667339925838	
0.5516666666666667	0.5000000000000000	-0.0748022677837317	-0.0011945139792969	0.0528913361936859	-0.1707399169885002	-0.0016903196285075	0.0074907799091328	
0.5550000000000000	0.5000000000000000	-0.0796316128287428	-0.0011946496830625	0.0563060741056509	-0.1707397143285458	-0.0018014567959029	0.0075164576768529	
0.5583333333333333	0.5000000000000000	-0.0844615962620950	-0.0011947940392054	0.0597212629852773	-0.1707394987472374	-0.0019129864084708	0.0075437728899193	
0.5616666666666668	0.5000000000000000	-0.0892922576070094	-0.0011949470789614	0.0631369307524003	-0.1707392701979289	-0.0020249327628327	0.0075727314992403	
0.5649999999999999	0.5000000000000000	-0.0941236365344037	-0.0011951088354469	0.0665531054311913	-0.1707390286311669	-0.0021373202464020	0.0076033398137544	
0.5683333333333334	0.5000000000000000	-0.0989557728715354	-0.0011952793436665	0.0699698151562626	-0.1707387739946785	-0.0022501733426962	0.0076356045018042	
0.5716666666666668	0.5000000000000000	-0.1037887066106781	-0.0011954586405203	0.0733870881787982	-0.1707385062333610	-0.0023635166366716	0.0076695325925890	
0.5750000000000000	0.5000000000000000	-0.1086224779178352	-0.0011956467648128	0.0768049528727077	-0.1707382252892684	-0.0024773748200786	0.0077051314776957	
0.5783333333333334	0.5000000000000000	-0.1134571271414904	-0.0011958437572612	0.0802234377408090	-0.1707379311015992	-0.0025917726968418	0.0077424089127091	
0.5816666666666668	0.5000000000000000	-0.1182926948213982	-0.0011960496605044	0.0836425714210375	-0.1707376236066828	-0.0027067351884632	0.0077813730189013	
0.5850000000000000	0.5000000000000000	-0.1231292216974158	-0.0011962645191134	0.0870623826926854	-0.1707373027379649	-0.0028222873394515	0.0078220322850002	
0.5883333333333334	0.5000000000000000	-0.1279667487183798	-0.0011964883796003	0.0904829004826723	-0.1707369684259931	-0.0029384543227787	0.0078643955690395	
0.5916666666666668	0.5000000000000000	-0.1328053170510262	-0.0011967212904290	0.0939041538718465	-0.1707366205984017	-0.0030552614453640	0.0079084721002872	
0.5950000000000000	0.5000000000000000	-0.1376449680889599	-0.0011969633020266	0.0973261721013211	-0.1707362591798945	-0.0031727341535866	0.0079542714812565	
0.5983333333333334	0.5000000000000000	-0.1424857434616727	-0.0011972144667939	0.1007489845788450	-0.1707358840922292	-0.0032908980388305	0.0080018036897974	
0.6016666666666668	0.5000000000000000	-0.1473276850436126	-0.0011974748391177	0.1041726208852091	-0.1707354952541998	-0.0034097788430585	0.0080510790812700	
0.6050000000000000	0.5000000000000000	-0.1521708349633064	-0.0011977444753829	0.1075971107806910	-0.1707350925816177	-0.0035294024644213	0.0081021083908000	
0.6083333333333334	0.5000000000000000	-0.1570152356125386	-0.0011980234339847	0.1110224842115390	-0.1707346759872939	-0.0036497949628989	0.0081549027356178	
0.6116666666666667	0.5000000000000000	-0.1618609296555861	-0.0011983117753425	0.1144487713164962	-0.1707342453810190	-0.0037709825659781	0.0082094736174788	
0.6150000000000000	0.5000000000000000	-0.1667079600385133	-0.0011986095619124	0.1178760024333660	-0.1707338006695438	-0.0038929916743666	0.0082658329251704	
0.6183333333333334	0.5000000000000000	-0.1715563699985282	-0.0011989168582020	0.1213042081056220	-0.1707333417565577	-0.0040158488677441	0.0083239929371001	
0.6216666666666667	0.5000000000000000	-0.1764062030734022	-0.0011992337307848	0.1247334190890622	-0.1707328685426679	-0.0041395809105531	0.0083839663239710	
0.6250000000000000	0.5000000000000000	-0.1812575031109546	-0.0011995602483142	0.1281636663585092	-0.1707323809253772	-0.0042642147578296	0.0084457661515415	
0.6283333333333334	0.5000000000000000	-0.1861103142786057	-0.0011998964815402	0.1315949811145586	-0.1707318787990608	-0.0043897775610755	0.0085094058834715	
0.6316666666666667	0.5000000000000000	-0.1909646810729985	-0.0012002425033242	0.1350273947903760	-0.1707313620549434	-0.0045162966741733	0.0085748993842547	
0.6350000000000000	0.5000000000000000	-0.1958206483296930	-0.0012005983886555	0.1384609390585453	-0.1707308305810750	-0.0046437996593458	0.0086422609222392	
0.6383333333333334	0.5000000000000000	-0.2006782612329330	-0.0012009642146685	0.1418956458379682	-0.1707302842623052	-0.0047723142931601	0.0087115051727349	
0.6416666666666667	0.5000000000000000	-0.2055375653254907	-0.0012013400606595	0.1453315473008187	-0.1707297229802586	-0.0049018685725793	0.0087826472212106	
0.6450000000000000	0.5000000000000000	-0.2103986065185875	-0.0012017260081044	0.1487686758795513	-0.1707291466133080	-0.0050324907210615	0.0088557025665802	
0.6483333333333334	0.5000000000000000	-0.2152614311018962	-0.0012021221406774	0.1522070642739670	-0.1707285550365474	-0.0051642091947080	0.0089306871245778	
0.6516666666666666	0.5000000000000000	-0.2201260857536255	-0.0012025285442692	0.1556467454583369	-0.1707279481217644	-0.0052970526884635	0.0090076172312256	
0.6550000000000000	0.5000000000000000	-0.2249926175506885	-0.0012029453070063	0.1590877526885859	-0.1707273257374114	-0.0054310501423664	0.0090865096463915	
0.6583333333333334	0.5000000000000000	-0.2298610739789586	-0.0012033725192706	0.1625301195095371	-0.1707266877485772	-0.0055662307478540	0.0091673815574406	
0.6616666666666666	0.5000000000000000	-0.2347315029436143	-0.0012038102737200	0.1659738797622203	-0.1707260340169559	-0.0057026239541215	0.0092502505829782	
0.6650000000000000	0.5000000000000000	-0.2396039527795755	-0.0012042586653087	0.1694190675912439	-0.1707253644008169	-0.0058402594745381	0.0093351347766883	
0.6683333333333334	0.5000000000000000	-0.2444784722620325	-0.0012047177913081	0.1728657174522336	-0.1707246787549738	-0.0059791672931195	0.0094220526312657	
0.6716666666666666	0.5000000000000000	-0.2493551106170725	-0.0012051877513294	0.1763138641193381	-0.1707239769307509	-0.0061193776710606	0.0095110230824445	
0.6750000000000000	0.5000000000000000	-0.2542339175324029	-0.0012056686473450	0.1797635426928051	-0.1707232587759515	-0.0062609211533272	0.0096020655131225	
0.6783333333333335	0.5000000000000000	-0.2591149431681753	-0.0012061605837113	0.1832147886066276	-0.1707225241348239	-0.0064038285753108	0.0096951997575837	
0.6816666666666666	0.5000000000000000	-0.2639982381679132	-0.0012066636671926	0.1866676376362632	-0.1707217728480260	-0.0065481310695459	0.0097904461058181	
0.6850000000000001	0.5000000000000000	-0.2688838536695446	-0.0012071780069842	0.1901221259064279	-0.1707210047525909	-0.0066938600724922	0.0098878253079422	
0.6883333333333334	0.5000000000000000	-0.2737718413165414	-0.0012077037147370	0.1935782898989653	-0.1707202196818907	-0.0068410473313829	0.0099873585787183	
0.6916666666666667	0.5000000000000000	-0.2786622532691698	-0.0012082409045824	0.1970361664607944	-0.1707194174655988	-0.0069897249111411	0.0100890676021759	
0.6950000000000001	0.5000000000000000	-0.2835551422158541	-0.0012087896931576	0.2004957928119366	-0.1707185979296528	-0.0071399252013649	0.0101929745363350	
0.6983333333333334	0.5000000000000000	-0.2884505613846531	-0.0012093501996317	0.2039572065536236	-0.1707177608962160	-0.0072916809233836	0.0102991020180329	
0.7016666666666667	0.5000000000000000	-0.2933485645548565	-0.0012099225457319	0.2074204456764889	-0.1707169061836379	-0.0074450251373859	0.0104074731678549	
0.7050000000000000	0.5000000000000000	-0.2982492060686995	-0.0012105068557711	0.2108855485688436	-0.1707160336064135	-0.0075999912496219	0.0105181115951706	
0.7083333333333334	0.5000000000000000	-0.3031525408432015	-0.0012111032566751	0.2143525540250394	-0.1707151429751426	-0.0077566130196807	0.0106310414032768	
0.7116666666666667	0.5000000000000000	-0.3080586243821289	-0.0012117118780108	0.2178215012539192	-0.1707142340964885	-0.0079149245678449	0.0107462871946481	
0.7150000000000001	0.5000000000000000	-0.3129675127880860	-0.0012123328520154	0.2212924298873591	-0.1707133067731338	-0.0080749603825237	0.0108638740762953	
0.7183333333333334	0.5000000000000000	-0.3178792627747368	-0.0012129663136256	0.2247653799889012	-0.1707123608037378	-0.0082367553277659	0.0109838276652352	
0.7216666666666667	0.5000000000000000	-0.3227939316791592	-0.0012136124005071	0.2282403920624818	-0.1707113959828919	-0.0084003446508550	0.0111061740940703	
0.7250000000000001	0.5000000000000000	-0.3277115774743348	-0.0012142712530859	0.2317175070612538	-0.1707104121010736	-0.0085657639899876	0.0112309400166815	
0.7283333333333334	0.5000000000000000	-0.3326322587817792	-0.0012149430145790	0.2351967663965094	-0.1707094089446007	-0.0087330493820376	0.0113581526140335	
0.7316666666666667	0.5000000000000000	-0.3375560348843102	-0.0012156278310263	0.2386782119467000	-0.1707083862955839	-0.0089022372704059	0.0114878396000966	
0.7350000000000001	0.5000000000000000	-0.3424829657389628	-0.0012163258513230	0.2421618860665593	-0.1707073439318784	-0.0090733645129602	0.0116200292278826	
0.7383333333333334	0.5000000000000000	-0.3474131119900502	-0.0012170372272526	0.2456478315963301	-0.1707062816270352	-0.0092464683900638	0.0117547502955998	
0.7416666666666667	0.5000000000000000	-0.3523465349823741	-0.0012177621135203	0.2491360918710962	-0.1707051991502510	-0.0094215866126973	0.0118920321529262	
0.7450000000000000	0.5000000000000000	-0.3572832967745880	-0.0012185006677879	0.2526267107302228	-0.1707040962663167	-0.0095987573306737	0.0120319047074019	
0.7483333333333333	0.5000000000000000	-0.3622234601527156	-0.0012192530507080	0.2561197325269061	-0.1707029727355665	-0.0097780191409492	0.0121743984309449	
0.7516666666666667	0.5000000000000000	-0.3671670886438286	-0.0012200194259602	0.2596152021378355	-0.1707018283138239	-0.0099594110960311	0.0123195443664883	
0.7550000000000001	0.5000000000000000	-0.3721142465298843	-0.0012207999602865	0.2631131649729689	-0.1707006627523487	-0.0101429727124857	0.0124673741347426	0.0000000000000000	0.0000000000000000	
0.7583333333333333	0.5000000000000000	-0.3770649988617290	-0.0012215948235293	0.2666136669854250	-0.1706994757977813	-0.0103287439795465	0.0126179199410833	0.0000000000000000	0.0000000000000000	
0.7616666666666667	0.5000000000000000	-0.3820194114732687	-0.0012224041886680	0.2701167546814937	-0.1706982671920874	-0.0105167653678254	0.0127712145825669	0.0000000000000000	0.0000000000000000	
0.7650000000000001	0.5000000000000000	-0.3869775509958093	-0.0012232282318575	0.2736224751307668	-0.1706970366725012	-0.0107070778381296	0.0129272914550748	0.0000000000000000	0.0000000000000000	
0.7683333333333333	0.5000000000000000	-0.3919394848725718	-0.0012240671324677	0.2771308759763910	-0.1706957839714669	-0.0108997228503842	0.0130861845605876	0.0000000000000000	0.0000000000000000	
0.7716666666666667	0.5000000000000000	-0.3968436029144466	-0.0012004957676753	0.2805937403876543	-0.1707372423816426	-0.0110542220141880	0.0133210919919744	0.0000000000000000	0.0000000000000000	
0.7750000000000001	0.5000000000000000	-0.4019414572321170	-0.0011562466860352	0.2841993988022688	-0.1708051580780310	-0.0113231283760955	0.0135891477026203	0.0000172320288182	-0.0002402834022838	
0.7783333333333333	0.5000000000000000	-0.4069293447477217	-0.0011576845212621	0.2877260713623260	-0.1708030975782047	-0.0115296527586869	0.0137562781595473	0.0000207463627576	-0.0003949343095360	
0.7816666666666667	0.5000000000000000	-0.4119247781798526	-0.0011591488352447	0.2912580721631834	-0.1708009991480857	-0.0117408037354802	0.0139264628484461	0.0000262061998468	-0.0005524632691540	
0.7850000000000000	0.5000000000000000	-0.4169278971218345	-0.0011606403153481	0.2947954997728751	-0.1707988618071739	-0.0119566668936035	0.0140997698787287	0.0000336479598568	-0.0007129578147019	
0.7883333333333333	0.5000000000000000	-0.4219388447942136	-0.0011621596617519	0.2983384553205777	-0.1707966845566977	-0.0121773300437631	0.0142762686243496	0.0000431091646316	-0.0008765071113347	
0.7916666666666667	0.5000000000000000	-0.4269577681125101	-0.0011637075877892	0.3018870425444494	-0.1707944663791288	-0.0124028832617776	0.0144560297565258	0.0000546284587164	-0.0010432019999668	
0.7950000000000000	0.5000000000000000	-0.4319848177567605	-0.0011652848202941	0.3054413678407335	-0.1707922062376885	-0.0126334189312093	0.0146391252770682	0.0000682456305417	-0.0012131350422688	
0.7983333333333333	0.5000000000000000	-0.4370201482428834	-0.0011668920999548	0.3090015403141483	-0.1707899030758449	-0.0128690317871146	0.0148256285523446	0.0000840016341744	-0.0013864005665152	
0.8016666666666666	0.5000000000000000	-0.4420639179959048	-0.0011685301816735	0.3125676718295915	-0.1707875558167986	-0.0131098189609326	0.0150156143478872	0.0001019386116460	-0.0015630947143053	
0.8050000000000000	0.5000000000000000	-0.4471162894250771	-0.0011701998349330	0.3161398770651805	-0.1707851633629616	-0.0133558800265358	0.0152091588636638	0.0001220999158696	-0.0017433154881799	
0.8083333333333333	0.5000000000000000	-0.4521774290009284	-0.0011719018441712	0.3197182735666559	-0.1707827245954236	-0.0136073170474638	0.0154063397700291	0.0001445301341561	-0.0019271628001577	
0.8116666666666668	0.5000000000000000	-0.4572475073342797	-0.0011736370091615	0.3233029818031752	-0.1707802383734090	-0.0138642346253630	0.0156072362443726	0.0001692751123426	-0.0021147385212129	
0.8150000000000001	0.5000000000000000	-0.4623266992572689	-0.0011754061454022	0.3268941252245221	-0.1707777035337235	-0.0141267399496569	0.0158119290084825	0.0001963819795431	-0.0023061465317222	
0.8183333333333334	0.5000000000000000	-0.4674151839064188	-0.0011772100845116	0.3304918303197607	-0.1707751188901896	-0.0143949428484696	0.0160205003666428	0.0002258991735356	-0.0025014927729015	
0.8216666666666668	0.5000000000000000	-0.4725131448077923	-0.0011790496746333	0.3340962266773622	-0.1707724832330706	-0.0146689558408282	0.0162330342444809	0.0002578764667965	-0.0027008852992595	
0.8250000000000001	0.5000000000000000	-0.4776207699642744	-0.0011809257808472	0.3377074470468338	-0.1707697953284836	-0.0149488941901693	0.0164496162285875	0.0002923649931968	-0.0029044343320949	
0.8283333333333334	0.5000000000000000	-0.4827382519450228	-0.0011828392855898	0.3413256274018784	-0.1707670539178014	-0.0152348759591751	0.0166703336069253	0.0003294172753713	-0.0031122523140604	
0.8316666666666668	0.5000000000000000	-0.4878657879771320	-0.0011847910890833	0.3449509070051182	-0.1707642577170404	-0.0155270220659663	0.0168952754100464	0.0003690872527757	-0.0033244539648222	
0.8350000000000000	0.5000000000000000	-0.4930035800395542	-0.0011867821097726	0.3485834284744108	-0.1707614054162390	-0.0158254563416779	0.0171245324531405	0.0004114303104457	-0.0035411563378425	
0.8383333333333334	0.5000000000000000	-0.4981518349593244	-0.0011888132847709	0.3522233378507919	-0.1707584956788212	-0.0161303055894482	0.0173581973789315	0.0004565033084707	-0.0037624788783105	
0.8416666666666667	0.5000000000000000	-0.5031613312322573	-0.0011327526851241	0.3557669428660052	-0.1708374239057431	-0.0163566623669002	0.0177054409336801	0.0004399531471357	-0.0041385750222805	
0.8450000000000000	0.5000000000000000	-0.5082639889158075	-0.0011518411828223	0.3593706660230592	-0.1708132140193030	-0.0166214213469378	0.0179213156043110	0.0004228829787142	-0.0043339101742323	0.0001321049558025	0.0000367050613374	
0.8483333333333334	0.5000000000000000	-0.5136424484348068	-0.0012102098276425	0.3631793174950090	-0.1707312372329971	-0.0170775457196445	0.0180626200361440	0.0006028531117906	-0.0044247641221940	0.0000000000000000	0.0000000000000000	
0.8516666666666668	0.5000000000000000	-0.5188663954249552	-0.0011973200180825	0.3668687994663584	-0.1707463100141824	-0.0174221016870076	0.0183355441774769	0.0006681677617668	-0.0046908688946331	0.0000000000000000	0.0000000000000000	
0.8550000000000000	0.5000000000000000	-0.5240700417534095	-0.0011995675504616	0.3705478211450178	-0.1707430908653424	-0.0177609123591074	0.0185927860508039	0.0007277282227927	-0.0049372822206859	0.0000000000000000	0.0000000000000000	
0.8583333333333334	0.5000000000000000	-0.5292855037614224	-0.0012018612590934	0.3742351859600851	-0.1707398056912308	-0.0181069673951773	0.0188550307711408	0.0007903938663935	-0.0051890835037052	0.0000000000000000	0.0000000000000000	
0.8616666666666668	0.5000000000000000	-0.5345130250125937	-0.0012042022254494	0.3779310658918828	-0.1707364529494804	-0.0184604161188518	0.0191223850894363	0.0008562327356418	-0.0054464107081808	0.0000000000000000	0.0000000000000000	
0.8650000000000000	0.5000000000000000	-0.5397528547792240	-0.0012065915535737	0.3816356369515833	-0.1707330310655460	-0.0188214113533515	0.0193949579596586	0.0009253146126830	-0.0057094046975110	0.0000000000000000	0.0000000000000000	
0.8683333333333334	0.5000000000000000	-0.5450052481614606	-0.0012090303706183	0.3853490792653365	-0.1707295384319421	-0.0191901094945228	0.0196728605903468	0.0009977110553323	-0.0059782093036527	0.0000000000000000	0.0000000000000000	
0.8716666666666668	0.5000000000000000	-0.5502704662092678	-0.0012115198273904	0.3890715771603920	-0.1707259734074623	-0.0195666705856091	0.0199562064972392	0.0010734954345497	-0.0062529713982299	0.0000000000000000	0.0000000000000000	
0.8750000000000000	0.5000000000000000	-0.5555487760472843	-0.0012140610989111	0.3928033192532583	-0.1707223343163835	-0.0199512583937913	0.0202451115570035	0.0011527429728119	-0.0065338409651364	0.0000000000000000	0.0000000000000000	
0.8783333333333334	0.5000000000000000	-0.5608404510026218	-0.0012166553849851	0.3965444985399404	-0.1707186194476535	-0.0203440404885323	0.0205396940620982	0.0012355307833988	-0.0068209711746689	0.0000000000000000	0.0000000000000000	
0.8816666666666667	0.5000000000000000	-0.5661457707356746	-0.0012193039107834	0.4002953124883022	-0.1707148270540605	-0.0207451883217654	0.0208400747767872	0.0013219379106155	-0.0071145184592247	0.0000000000000000	0.0000000000000000	
0.8850000000000000	0.5000000000000000	-0.5714650213739961	-0.0012220079274377	0.4040559631325950	-0.1707109553513868	-0.0211548773099651	0.0211463769943394	0.0014120453709677	-0.0074146425906036	0.0000000000000000	0.0000000000000000	
0.8883333333333334	0.5000000000000000	-0.5767984956493123	-0.0012247687126473	0.4078266571702010	-0.1707070025175425	-0.0215732869181396	0.0214587265954363	0.0015059361953125	-0.0077215067589490	0.0000000000000000	0.0000000000000000	
0.8916666666666667	0.5000000000000000	-0.5821464930377382	-0.0012275875712992	0.4116076060606383	-0.1707029666916827	-0.0220006007457870	0.0217772521078210	0.0016036954720039	-0.0080352776533682	0.0000000000000000	0.0000000000000000	
0.8950000000000000	0.5000000000000000	-0.5875093199032634	-0.0012304658361010	0.4153990261268733	-0.1706988459733048	-0.0224370066148544	0.0221020847672129	0.0017054103910550	-0.0083561255442719	0.0000000000000000	0.0000000000000000	
0.8983333333333333	0.5000000000000000	-0.5928872896445772	-0.0012334048682276	0.4192011386589927	-0.1706946384213271	-0.0228826966597468	0.0224333585795205	0.0018111702893387	-0.0086842243674708	0.0000000000000000	0.0000000000000000	
0.9016666666666667	0.5000000000000000	-0.5982807228453056	-0.0012364060579812	0.4230141700202831	-0.1706903420531477	-0.0233378674194247	0.0227712103843820	0.0019210666968481	-0.0090197518100723	0.0000000000000000	0.0000000000000000	
0.9050000000000000	0.5000000000000000	-0.6036899474277320	-0.0012394708254661	0.4268383517557715	-0.1706859548436830	-0.0238027199316393	0.0231157799200629	0.0020351933840408	-0.0093628893982189	0.0000000000000000	0.0000000000000000	
0.9083333333333334	0.5000000000000000	-0.6091152988100760	-0.0012426006212775	0.4306739207032772	-0.1706814747243861	-0.0242774598293477	0.0234672098897448	0.0021536464102886	-0.0097138225867097	0.0000000000000000	0.0000000000000000	
0.9116666666666667	0.5000000000000000	-0.6145571200674097	-0.0012457969272045	0.4345211191070324	-0.1706768995822437	-0.0247622974393581	0.0238256460292348	0.0022765241734581	-0.0100727408505512	0.0000000000000000	0.0000000000000000	
0.9150000000000000	0.5000000000000000	-0.6200157620962840	-0.0012490612569494	0.4383801947339228	-0.1706722272587521	-0.0252574478832500	0.0241912371761301	0.0024039274606453	-0.0104398377784791	0.0000000000000000	0.0000000000000000	
0.9183333333333334	0.5000000000000000	-0.6254915837831500	-0.0012523951568618	0.4422514009924071	-0.1706674555488703	-0.0257631311806200	0.0245641353404709	0.0025359595000895	-0.0108153111684988	0.0000000000000000	0.0000000000000000	
0.9216666666666666	0.5000000000000000	-0.6296161937199261	-0.0006977109141089	0.4452162834076733	-0.1714224852793221	-0.0255527114689063	0.0259213496876197	0.0021384064980644	-0.0124986701171131	0.0000000000000000	0.0000000000000000	
0.9250000000000000	0.5000000000000000	-0.6333294018487206	-0.0012047806545165	0.4477923751845965	-0.1707373273508528	-0.0248614191747163	0.0254177602922994	0.0010161091167408	-0.0117066843086913	0.0017146885453857	-0.0024775721216898	0.0000000000000000	0.0000000000000000	
0.9283333333333335	0.5000000000000000	-0.6388150430455766	-0.0012088390272816	0.4516704375232953	-0.1707316372425257	-0.0253718505051270	0.0257837375165985	0.0011357654244732	-0.0120579868315869	0.0017412679922121	-0.0021658514345590	
0.9316666666666666	0.5000000000000000	-0.6443241497107509	-0.0012129902616527	0.4555650637059171	-0.1707258173523993	-0.0258966453085390	0.0261572406025124	0.0012635398762001	-0.0124177844742905	0.0017643923392294	-0.0018464063354723	
0.9350000000000001	0.5000000000000000	-0.6498572640360610	-0.0012172375346982	0.4594766364462228	-0.1707198632640978	-0.0264361354261582	0.0265384797978794	0.0013996323752295	-0.0127863740496891	0.0017839752346572	-0.0015189186843941	
0.9383333333333334	0.5000000000000000	-0.6554149467979198	-0.0012215840987024	0.4634055515755912	-0.1707137704567379	-0.0269906640712635	0.0269276702322599	0.0015442503369756	-0.0131640594228939	0.0017999267961287	-0.0011830627271301	
0.9416666666666667	0.5000000000000000	-0.6609977777998047	-0.0012260332838081	0.4673522183553262	-0.1707075343012593	-0.0275605860999520	0.0273250320832323	0.0016976088691453	-0.0135511517597773	0.0018121535256854	-0.0008385048218182	
0.9450000000000001	0.5000000000000000	-0.6666063563302046	-0.0012305885007214	0.4713170597998894	-0.1707011500566690	-0.0281462682913562	0.0277307907466720	0.0018599309583011	-0.0139479697814771	0.0018205582217371	-0.0004849031588452	
0.9483333333333335	0.5000000000000000	-0.6722413016364165	-0.0012352532434829	0.4753005130113198	-0.1706946128661935	-0.0287480896375591	0.0281451770111477	0.0020314476629530	-0.0143548400250760	0.0018250398879115	-0.0001219074739583	0.0000000000000000	0.0000000000000000	
0.9516666666666667	0.5000000000000000	-0.6779032534145828	-0.0012400310923066	0.4793030295251157	-0.1706879177533360	-0.0293664416434458	0.0285684272365801	0.0022123983133405	-0.0147720971106694	0.0018254936387190	0.0002508412456631	0.0000000000000000	0.0000000000000000	
0.9550000000000001	0.5000000000000000	-0.6835928723163638	-0.0012449257164886	0.4833250756678590	-0.1706810596178382	-0.0300017286367352	0.0290007835373063	0.0024030307180680	-0.0152000840150421	0.0018218106019532	0.0006337110626198	0.0000000000000000	0.0000000000000000	
0.9583333333333335	0.5000000000000000	-0.6893108404726632	-0.0012499408773887	0.4873671329268754	-0.1706740332315402	-0.0306543680884444	0.0294424939697012	0.0026036013777649	-0.0156391523521765	0.0018138778177468	0.0010270793980342	0.0000000000000000	0.0000000000000000	
0.9616666666666667	0.5000000000000000	-0.6950578620348307	-0.0012550804314865	0.4914296983322307	-0.1706668332341353	-0.0313247909440486	0.0298938127245044	0.0028143757059463	-0.0160896626608223	0.0018015781341977	0.0014313333480749	0.0000000000000000	0.0000000000000000	
0.9650000000000001	0.5000000000000000	-0.7008346637337860	-0.0012603483335157	0.4955132848513761	-0.1706594541288199	-0.0320134419656054	0.0303550003240144	0.0030356282572570	-0.0165519846993647	0.0017847900994800	0.0018468700085275	0.0000000000000000	0.0000000000000000	
0.9683333333333334	0.5000000000000000	-0.7066419954575182	-0.0012657486396772	0.4996184217967638	-0.1706518902778302	-0.0327207800851232	0.0308263238243064	0.0032676429632861	-0.0170264977482302	0.0017633878503488	0.0022740968076745	0.0000000000000000	0.0000000000000000	
0.9716666666666667	0.5000000000000000	-0.7124806308474337	-0.0012712855109356	0.5037456552467660	-0.1706441358978649	-0.0334472787694625	0.0313080570226401	0.0035107133761473	-0.0175135909200802	0.0017372409969465	0.0027134318477607	0.0000000000000000	0.0000000000000000	
0.9750000000000001	0.5000000000000000	-0.7183513679140388	-0.0012769632164012	0.5078955484802399	-0.1706361850553893	-0.0341934263970678	0.0318004806702251	0.0037651429200254	-0.0180136634780451	0.0017062145038165	0.0031653042553230	0.0000000000000000	0.0000000000000000	
0.9783333333333334	0.5000000000000000	-0.7242550296724598	-0.0012827861367999	0.5120686824250968	-0.1706280316618168	-0.0349597266468371	0.0323038826905194	0.0040312451508971	-0.0185271251622602	0.0016701685670220	0.0036301545406749	0.0000000000000000	0.0000000000000000	
0.9816666666666667	0.5000000000000000	-0.7301924647983187	-0.0012887587680335	0.5162656561212365	-0.1706196694685655	-0.0357466988994473	0.0328185584032359	0.0043093440246384	-0.0190543965249705	0.0016289584872720	0.0041084349668383	0.0000000000000000	0.0000000000000000	
0.9850000000000001	0.5000000000000000	-0.7361645483045013	-0.0012948857248345	0.5204870871982292	-0.1706110920619820	-0.0365548786514627	0.0333448107542403	0.0045997741737415	-0.0195959092744792	0.0015824345389457	0.0046006099282280	0.0000000000000000	0.0000000000000000	
0.9883333333333334	0.5000000000000000	-0.7421721822393713	-0.0013011717445170	0.5247336123681330	-0.1706022928581332	-0.0373848179425651	0.0338829505515292	0.0049028811928678	-0.0201521066282221	0.0015304418349091	0.0051071563393992	0.0000000000000000	0.0000000000000000	
0.9916666666666667	0.5000000000000000	-0.7482162964069955	-0.0013076216908285	0.5290058879338502	-0.1705932650974583	-0.0382370857962540	0.0344332967074773	0.0052190219334734	-0.0207234436752564	0.0014728201870102	0.0056285640341781	0.0000000000000000	0.0000000000000000	
0.9950000000000000	0.5000000000000000	-0.7620871502119941	-0.0041335548317061	0.5386317686466787	-0.1667874868006466	-0.0434777471228156	0.0301922075697313	0.0090748431034432	-0.0150590715710757	0.0000000000000000	0.0000000000000000	
0.9983333333333333	0.5000000000000000	-0.7776009035537788	-0.0013483543533678	0.5497554925222442	-0.1705376104514633	-0.0505120408535608	0.0356677979904756	0.0155514158640014	-0.0220901279540278	-0.0078028098899536	0.0142773386031871	0.0000000000000000	0.0000000000000000	
