0.1312500000000000	0.5000000000000000	0.5506441370878841	-0.0045749938324900	-0.3892784572833892	-0.1657706176014818	0.0203908665525402	0.0185846837487599	
0.1437500000000000	0.5000000000000000	0.5320843237449319	-0.0045545588359918	-0.3761588310742516	-0.1658008630774775	0.0194054922510597	0.0175255335683432	
0.8562500000000000	0.5000000000000000	-0.5320843240906249	-0.0045545587204249	0.3761588301226977	-0.1658008635434388	-0.0194054921858816	0.0175255337500690	
0.8687500000000000	0.5000000000000000	-0.5506441374881789	-0.0045749937232787	0.3892784563715819	-0.1657706180711487	-0.0203908664961119	0.0185846839308921	
0.1156250000000000	0.5000000000000000	0.5745797840816534	-0.0023827313622870	-0.4062428399578542	-0.1699164445096536	0.0220788626120028	0.0228486041105476	
0.1218750000000000	0.5000000000000000	0.5648819891533560	-0.0023769021073679	-0.3993867728500611	-0.1699251183018520	0.0214560820278178	0.0222552091300177	
0.1781250000000000	0.5000000000000000	0.4800564075850404	-0.0023310720587311	-0.3394157427891936	-0.1699933123310407	0.0168361022656709	0.0175898952767102	
0.1843750000000000	0.5000000000000000	0.4705909102624683	-0.0023266276067522	-0.3327236336434774	-0.1699999255713068	0.0163565967382776	0.0171374683663067	
0.1968750000000000	0.5000000000000000	0.4515433059736010	-0.0023181010002320	-0.3192569670492123	-0.1700126129621028	0.0153941767774151	0.0162694951493697	
0.8031250000000000	0.5000000000000000	-0.4515433060887009	-0.0023181008617826	0.3192569659306224	-0.1700126134114449	-0.0153941766735493	0.0162694953326880	
0.8156250000000000	0.5000000000000000	-0.4705909104307765	-0.0023266274707928	0.3327236325640563	-0.1699999260290813	-0.0163565966434409	0.0171374685523710	
0.8218750000000001	0.5000000000000000	-0.4800564077801045	-0.0023310719243445	0.3394157417294427	-0.1699933127926309	-0.0168361021753374	0.0175898954639551	
0.8781250000000000	0.5000000000000000	-0.5648819895939327	-0.0023769019972172	0.3993867719699142	-0.1699251187854636	-0.0214560819779091	0.0222552093218070	
0.8843749999999999	0.5000000000000000	-0.5745797845505020	-0.0023827312559525	0.4062428390982878	-0.1699164449943312	-0.0220788625667198	0.0228486043021466	
0.1531250000000000	0.5000000000000000	0.5181300202062273	-0.0023501858841683	-0.3663335452249140	-0.1699648714091228	0.0188846480835627	0.0195356047954769	
0.1593750000000000	0.5000000000000000	0.5085786397061540	-0.0023451999336032	-0.3595808188778584	-0.1699722903857816	0.0183521720696374	0.0190280552384447	
0.1656250000000000	0.5000000000000000	0.4990496634877687	-0.0023403547274491	-0.3528439056957863	-0.1699794999382968	0.0178335144277479	0.0185348329646415	
0.1718750000000000	0.5000000000000000	0.4895424583751470	-0.0023356466174877	-0.3461223587768191	-0.1699865054951051	0.0173282846316495	0.0180555665995196	
0.8281250000000000	0.5000000000000000	-0.4895424585971894	-0.0023356464848948	0.3461223577368855	-0.1699865059602399	-0.0173282845458462	0.0180555667878120	
0.8343750000000001	0.5000000000000000	-0.4990496637369963	-0.0023403545968725	0.3528439046758046	-0.1699795004067031	-0.0178335143464985	0.0185348331538469	
0.8406250000000002	0.5000000000000000	-0.5085786399827572	-0.0023451998052669	0.3595808178779507	-0.1699722908571845	-0.0183521719929623	0.0190280554284277	
0.8468750000000000	0.5000000000000000	-0.5181300205103821	-0.0023501857582979	0.3663335442451902	-0.1699648718832456	-0.0188846480114792	0.0195356049861008	
0.4265625000000001	0.5000000000000000	0.1079923589148479	-0.0011373273304073	-0.0763591055032875	-0.1722286880592995	0.0028769552219256	0.0091218102627831	
0.4296875000000000	0.5000000000000000	0.1033904012279689	-0.0011371348279141	-0.0731051629392245	-0.1722289752661862	0.0027505132686600	0.0090829808056943	
0.4328125000000000	0.5000000000000000	0.0987893014849020	-0.0011369509578717	-0.0698518264786995	-0.1722292495938106	0.0026245986038974	0.0090458926060419	
0.4359375000000000	0.5000000000000000	0.0941890204101677	-0.0011367756850339	-0.0665990683751320	-0.1722295110947588	0.0024991870891027	0.0090105385538102	
0.4515625000000000	0.5000000000000000	0.0711985309865816	-0.0011360271603153	-0.0503429895464152	-0.1722306278682696	0.0018788384102686	0.0088595548536284	
0.4546875000000000	0.5000000000000000	0.0666023454022262	-0.0011359028223960	-0.0470931247456146	-0.1722308133764169	0.0017559439659495	0.0088344749051500	
0.4578125000000001	0.5000000000000000	0.0620067075342317	-0.0011357868807654	-0.0438436468848659	-0.1722309863576481	0.0016333861457190	0.0088110885741334	
0.4609375000000000	0.5000000000000000	0.0574115791541918	-0.0011356793131991	-0.0405945289573044	-0.1722311468451214	0.0015111414545679	0.0087893913772878	
0.4640625000000000	0.5000000000000000	0.0528169221313719	-0.0011355800990777	-0.0373457440250666	-0.1722312948696002	0.0013891864575156	0.0087693791551385	
0.4671875000000000	0.5000000000000000	0.0482226984253994	-0.0011354892193833	-0.0340972652141261	-0.1722314304594589	0.0012674977751177	0.0087510480712303	
0.4703125000000000	0.5000000000000000	0.0436288700789708	-0.0011354066566954	-0.0308490657091419	-0.1722315536406880	0.0011460520789836	0.0087343946113913	
0.4734375000000000	0.5000000000000000	0.0390353992105757	-0.0011353323951881	-0.0276011187483174	-0.1722316644368997	0.0010248260873048	0.0087194155830598	
0.4765625000000000	0.5000000000000000	0.0344422480072339	-0.0011352664206265	-0.0243533976182702	-0.1722317628693317	0.0009037965603911	0.0087061081146716	
0.4796874999999999	0.5000000000000000	0.0298493787172472	-0.0011352087203644	-0.0211058756489110	-0.1722318489568520	0.0007829402962158	0.0086944696551103	
0.4828125000000000	0.5000000000000000	0.0252567536429617	-0.0011351592833418	-0.0178585262083308	-0.1722319227159617	0.0006622341259678	0.0086844979732175	
0.4859375000000000	0.5000000000000000	0.0206643351335410	-0.0011351181000825	-0.0146113226976954	-0.1722319841607993	0.0005416549096097	0.0086761911573656	
0.4890625000000000	0.5000000000000000	0.0160720855777486	-0.0011350851626926	-0.0113642385461461	-0.1722320333031421	0.0004211795314419	0.0086695476150911	
0.4921875000000000	0.5000000000000000	0.0114799673967373	-0.0011350604648589	-0.0081172472057061	-0.1722320701524093	0.0003007848956711	0.0086645660727892	
0.4953125000000000	0.5000000000000000	0.0068879430368451	-0.0011350440018476	-0.0048703221461912	-0.1722320947156637	0.0001804479219828	0.0086612455754702	
0.4984375000000000	0.5000000000000000	0.0022959749623964	-0.0011350357705034	-0.0016234368501235	-0.1722321069976130	0.0000601455411169	0.0086595854865754	
0.5015625000000000	0.5000000000000000	-0.0022959743514946	-0.0011350357692491	0.0016234351923521	-0.1722321070006104	-0.0000601453095553	0.0086595854878562	
0.5046875000000000	0.5000000000000000	-0.0068879424261166	-0.0011350439980850	0.0048703204885496	-0.1722320947246556	-0.0001804476904522	0.0086612455793124	
0.5078125000000000	0.5000000000000000	-0.0114799667863552	-0.0011350604585891	0.0081172455483240	-0.1722320701673941	-0.0003007846642023	0.0086645660791923	
0.5109374999999999	0.5000000000000000	-0.0160720849678863	-0.0011350851539175	0.0113642368891532	-0.1722320333241176	-0.0004211793000660	0.0086695476240537	
0.5140625000000000	0.5000000000000000	-0.0206643345243717	-0.0011351180888045	0.0146113210412215	-0.1722319841877625	-0.0005416546783576	0.0086761911688865	
0.5171875000000000	0.5000000000000000	-0.0252567530346583	-0.0011351592695641	0.0178585245525055	-0.1722319227489086	-0.0006622338948704	0.0086844979872947	
0.5203125000000001	0.5000000000000000	-0.0298493781099828	-0.0011352087040910	0.0211058739938637	-0.1722318489957776	-0.0007829400653039	0.0086944696717415	
0.5234375000000000	0.5000000000000000	-0.0344422474011812	-0.0011352664018620	0.0243533959641303	-0.1722317629142304	-0.0009037963296955	0.0087061081338541	
0.5265625000000000	0.5000000000000000	-0.0390353986059071	-0.0011353323739379	0.0276011170952141	-0.1722316644877647	-0.0010248258568564	0.0087194156047904	
0.5296875000000000	0.5000000000000000	-0.0436288694758589	-0.0011354066329657	0.0308490640572043	-0.1722315536975117	-0.0011460518488132	0.0087343946356664	
0.5328125000000000	0.5000000000000000	-0.0482226978240164	-0.0011354891931808	0.0340972635634832	-0.1722314305222329	-0.0012674975452560	0.0087510480980459	
0.5359375000000001	0.5000000000000000	-0.0528169215318897	-0.0011355800704099	0.0373457423758469	-0.1722312949383152	-0.0013891862279933	0.0087693791844902	
0.5390625000000001	0.5000000000000000	-0.0574115785567821	-0.0011356792820742	0.0405945273096365	-0.1722311469197671	-0.0015111412254156	0.0087893914091707	
0.5421875000000000	0.5000000000000000	-0.0620067069390656	-0.0011357868471923	0.0438436452388780	-0.1722309864382136	-0.0016333859169673	0.0088110886085423	
0.5453125000000001	0.5000000000000000	-0.0666023448094747	-0.0011359027863843	0.0470931231014346	-0.1722308134628901	-0.0017559437376289	0.0088344749420792	
0.5484375000000000	0.5000000000000000	-0.0711985303964156	-0.0011360271218756	0.0503429879041709	-0.1722306279606375	-0.0018788381824094	0.0088595548930716	
0.4140625000000000	0.5000000000000000	0.1264095605256278	-0.0011381844278761	-0.0893814959056394	-0.1722274093007760	0.0033884823263921	0.0092946945795419	
0.4171875000000000	0.5000000000000000	0.1218037749056398	-0.0011379570099160	-0.0861248490574853	-0.1722277486001097	0.0032596877422549	0.0092488222945833	
0.4203125000000001	0.5000000000000000	0.1171990060518838	-0.0011377383820109	-0.0828689205146589	-0.1722280747850407	0.0031315180581736	0.0092047230598038	
0.4234375000000000	0.5000000000000000	0.1125952139854909	-0.0011375285022520	-0.0796136820336626	-0.1722283879180957	0.0030039487033133	0.0091623884211328	
0.4390625000000000	0.5000000000000000	0.0895895188852300	-0.0011366089758028	-0.0633468609928156	-0.1722297598191577	0.0023742546821975	0.0089769118714291	
0.4421875000000000	0.5000000000000000	0.0849907579409974	-0.0011364507982221	-0.0600951768016207	-0.1722299958146853	0.0022497774329510	0.0089450061124752	
0.4453125000000000	0.5000000000000000	0.0803926987503516	-0.0011363011219707	-0.0568439883717161	-0.1722302191265793	0.0021257314783887	0.0089148151604356	
0.4484375000000000	0.5000000000000000	0.0757953026207048	-0.0011361599183575	-0.0535932683683112	-0.1722304297976464	0.0020020930382180	0.0088863332275354	
0.5515625000000001	0.5000000000000000	-0.0757953020332945	-0.0011361598775007	0.0535932667281300	-0.1722304298958953	-0.0020020928108506	0.0088863332694863	
0.5546875000000000	0.5000000000000000	-0.0803926981658668	-0.0011363010787086	0.0568439867337251	-0.1722302192306949	-0.0021257312515435	0.0089148152048873	
0.5578125000000000	0.5000000000000000	-0.0849907573596075	-0.0011364507525671	0.0600951751659465	-0.1722299959246518	-0.0022497772066579	0.0089450061594203	
0.5609375000000000	0.5000000000000000	-0.0895895183071042	-0.0011366089277682	0.0633468593595848	-0.1722297599349589	-0.0023742544564868	0.0089769119208598	
0.5640625000000000	0.5000000000000000	-0.0941890198354744	-0.0011367756346334	0.0665990667444706	-0.1722295112163774	-0.0024991868640044	0.0090105386057183	
0.5671875000000001	0.5000000000000000	-0.0987893009138094	-0.0011369509051199	0.0698518248507333	-0.1722292497212286	-0.0026245983794413	0.0090458926604189	
0.5703125000000001	0.5000000000000000	-0.1033904006606446	-0.0011371347728264	0.0731051613140786	-0.1722289753993845	-0.0027505130448759	0.0090829808625312	
0.5734375000000000	0.5000000000000000	-0.1079923583514587	-0.0011373272729994	0.0763591038810866	-0.1722286881982585	-0.0028769549988431	0.0091218103220706	
0.5765625000000001	0.5000000000000000	-0.1125952134262032	-0.0011375284425407	0.0796136804145310	-0.1722283880627947	-0.0030039484809621	0.0091623884828610	
0.5796875000000000	0.5000000000000000	-0.1171990054968634	-0.0011377383200135	0.0828689188987206	-0.1722280749354581	-0.0031315178365830	0.0092047231239624	
0.5828125000000001	0.5000000000000000	-0.1218037743550518	-0.0011379569456504	0.0861248474448636	-0.1722277487562231	-0.0032596875214542	0.0092488223611618	
0.5859375000000001	0.5000000000000000	-0.1264095599796369	-0.0011381843613611	0.0893814942964571	-0.1722274094625623	-0.0033884821064105	0.0092946946485292	
0.3515625000000000	0.5000000000000000	0.2188023507464713	-0.0011446584736584	-0.1547101774449482	-0.1722177502680112	0.0061346648156910	0.0106005733574743	
0.3546875000000000	0.5000000000000000	0.2141674765908478	-0.0011442437889728	-0.1514329806911404	-0.1722183689617033	0.0059879925460330	0.0105169271788785	
0.3578125000000001	0.5000000000000000	0.2095344702182002	-0.0011438390994712	-0.1481571034524992	-0.1722189727429840	0.0058424682075172	0.0104352971532635	
0.3609375000000000	0.5000000000000000	0.2049032862363656	-0.0011434443275771	-0.1448825136612480	-0.1722195617275945	0.0056980639023243	0.0103556676316968	
0.3640625000000001	0.5000000000000000	0.2002738796025439	-0.0011430593976151	-0.1416091794964212	-0.1722201360284395	0.0055547519473513	0.0102780233487539	
0.3671875000000000	0.5000000000000000	0.1956462056146628	-0.0011426842357967	-0.1383370693777639	-0.1722206957556089	0.0054125048689050	0.0102023494195917	
0.3703125000000000	0.5000000000000000	0.1910202199028080	-0.0011423187702057	-0.1350661519596777	-0.1722212410163988	0.0052712953974351	0.0101286313370948	
0.3734375000000000	0.5000000000000000	0.1863958784207174	-0.0011419629307849	-0.1317963961252119	-0.1722217719153319	0.0051310964623061	0.0100568549690943	
0.3765625000000000	0.5000000000000000	0.1817731374373370	-0.0011416166493222	-0.1285277709800977	-0.1722222885541783	0.0049918811866082	0.0099870065556591	
0.3796875000000000	0.5000000000000000	0.1771519535284379	-0.0011412798594379	-0.1252602458468264	-0.1722227910319739	0.0048536228820047	0.0099190727064577	
0.3828125000000000	0.5000000000000000	0.1725322835682908	-0.0011409524965719	-0.1219937902587674	-0.1722232794450401	0.0047162950436153	0.0098530403981910	
0.3859375000000000	0.5000000000000000	0.1679140847213993	-0.0011406344979709	-0.1187283739543283	-0.1722237538870025	0.0045798713449356	0.0097888969720962	
0.3890625000000000	0.5000000000000000	0.1632973144342880	-0.0011403258026772	-0.1154639668711532	-0.1722242144488079	0.0044443256327896	0.0097266301315196	
0.3921875000000000	0.5000000000000000	0.1586819304273440	-0.0011400263515161	-0.1122005391403595	-0.1722246612187426	0.0043096319223166	0.0096662279395592	
0.3953125000000001	0.5000000000000000	0.1540678906867129	-0.0011397360870852	-0.1089380610808125	-0.1722250942824492	0.0041757643919889	0.0096076788167771	
0.3984375000000000	0.5000000000000000	0.1494551534562434	-0.0011394549537432	-0.1056765031934346	-0.1722255137229425	0.0040426973786626	0.0095509715389785	
0.4015625000000000	0.5000000000000000	0.1448436772294830	-0.0011391828975990	-0.1024158361555504	-0.1722259196206259	0.0039104053726573	0.0094960952350609	
0.4046875000000000	0.5000000000000000	0.1402334207417209	-0.0011389198665017	-0.0991560308152657	-0.1722263120533069	0.0037788630128656	0.0094430393849296	
0.4078125000000000	0.5000000000000000	0.1356243429620770	-0.0011386658100306	-0.0958970581858783	-0.1722266910962114	0.0036480450818918	0.0093917938174812	
0.4109375000000001	0.5000000000000000	0.1310164030856368	-0.0011384206794852	-0.0926388894403220	-0.1722270568219990	0.0035179265012171	0.0093423487086534	
0.5890625000000002	0.5000000000000000	-0.1310164025444069	-0.0011384206107401	0.0926388878347017	-0.1722270569894342	-0.0035179262820837	0.0093423487800381	
0.5921875000000001	0.5000000000000000	-0.1356243424257712	-0.0011386657390755	0.0958970565839416	-0.1722266912692706	-0.0036480448636355	0.0093917938912516	
0.5953125000000001	0.5000000000000000	-0.1402334202105014	-0.0011389197933573	0.0991560292171336	-0.1722263122319644	-0.0037788627955151	0.0094430394610734	
0.5984375000000001	0.5000000000000000	-0.1448436767035118	-0.0011391828222867	0.1024158345613438	-0.1722259198048550	-0.0039104051562412	0.0094960953135654	
0.6265625000000001	0.5000000000000000	-0.1863958779491255	-0.0011419628370329	0.1317963945716583	-0.1722217721483758	-0.0051310962555601	0.0100568550682128	
0.6296875000000001	0.5000000000000000	-0.1910202194380362	-0.0011423186745359	0.1350661504112201	-0.1722212412547037	-0.0052712951919003	0.0101286314384262	
0.6328125000000001	0.5000000000000000	-0.1956462051568631	-0.0011426841382376	0.1383370678345152	-0.1722206959991396	-0.0054125046646082	0.0102023495231194	
0.6359375000000002	0.5000000000000000	-0.2002738791518673	-0.0011430592981959	0.1416091779584937	-0.1722201362771598	-0.0055547517443187	0.0102780234544605	
0.6390625000000002	0.5000000000000000	-0.2049032857929622	-0.0011434442263275	0.1448825121287530	-0.1722195619814674	-0.0056980637005823	0.0103556677395646	
0.6421875000000001	0.5000000000000000	-0.2095344697822190	-0.0011438389964216	0.1481571019255473	-0.1722189730019718	-0.0058424680070917	0.0104352972632747	
0.6453125000000002	0.5000000000000000	-0.2141674761624366	-0.0011442436841544	0.1514329791698412	-0.1722183692257675	-0.0059879923469498	0.0105169272910147	
0.6484375000000001	0.5000000000000000	-0.2188023503257767	-0.0011446583671028	0.1547101759294106	-0.1722177505371123	-0.0061346646179757	0.0106005734717165	
0.3015625000000001	0.5000000000000000	0.2932528875632193	-0.0011527236902889	-0.2073520007985962	-0.1722057172761622	0.0086612212624255	0.0122274144564438	
0.3046875000000000	0.5000000000000000	0.2885816358926993	-0.0011521369188543	-0.2040491047621267	-0.1722065927163498	0.0084921915337197	0.0121090561267831	
0.3078125000000000	0.5000000000000000	0.2839130331185754	-0.0011515616556809	-0.2007480800667161	-0.1722074509866760	0.0083247898049465	0.0119930191701153	
0.3109375000000001	0.5000000000000000	0.2792470270246528	-0.0011509977904928	-0.1974488898236776	-0.1722082922516678	0.0081589839842685	0.0118792813415082	
0.3265625000000001	0.5000000000000000	0.2559541534845042	-0.0011483457264745	-0.1809791885168689	-0.1722122490285797	0.0073527913644694	0.0113443311679059	
0.3296875000000000	0.5000000000000000	0.2513026581195593	-0.0011478480543365	-0.1776902495327939	-0.1722129915362076	0.0071959037733054	0.0112439453584667	
0.3328125000000001	0.5000000000000000	0.2466534073110227	-0.0011473610683011	-0.1744028962394883	-0.1722137181006007	0.0070403956765411	0.0111457150754558	
0.3359375000000000	0.5000000000000000	0.2420063525525812	-0.0011468846750156	-0.1711170943691505	-0.1722144288610376	0.0068862372624148	0.0110496214875792	
0.3390625000000000	0.5000000000000000	0.2373614457589164	-0.0011464187831575	-0.1678328099513956	-0.1722151239537676	0.0067333989779063	0.0109556461731594	
0.3421875000000000	0.5000000000000000	0.2327186392564872	-0.0011459633034179	-0.1645500093067429	-0.1722158035120363	0.0065818515230717	0.0108637711166034	
0.3453125000000000	0.5000000000000000	0.2280778857743903	-0.0011455181484835	-0.1612686590401594	-0.1722164676661114	0.0064315658454265	0.0107739787049495	
0.3484375000000001	0.5000000000000000	0.2234391384352979	-0.0011450832330207	-0.1579887260346580	-0.1722171165433077	0.0062825131343757	0.0106862517244906	
0.6515625000000002	0.5000000000000000	-0.2234391380224658	-0.0011450831247601	0.1579887245249899	-0.1722171168174059	-0.0062825129380535	0.0106862518408200	
0.6546875000000001	0.5000000000000000	-0.2280778853695652	-0.0011455180385507	0.1612686575364680	-0.1722164679451660	-0.0064315656505227	0.0107739788233466	
0.6578125000000001	0.5000000000000000	-0.2327186388598124	-0.0011459631918464	0.1645500078091342	-0.1722158037960056	-0.0065818513296111	0.0108637712370482	
0.6609375000000001	0.5000000000000000	-0.2373614453705341	-0.0011464186699813	0.1678328084599748	-0.1722151242426094	-0.0067333987859135	0.0109556462956319	
0.6640625000000001	0.5000000000000000	-0.2420063521726326	-0.0011468845602693	0.1711170928840220	-0.1722144291547091	-0.0068862370719142	0.0110496216120590	
0.6671875000000000	0.5000000000000000	-0.2466534069396475	-0.0011473609520200	0.1744028947607553	-0.1722137183990581	-0.0070403954875568	0.0111457152019219	
0.6703125000000001	0.5000000000000000	-0.2513026577568959	-0.0011478479365562	0.1776902480605587	-0.1722129918394067	-0.0071959035858613	0.0112439454868979	
0.6734374999999999	0.5000000000000000	-0.2559541531306899	-0.0011483456072315	0.1809791870512329	-0.1722122493364751	-0.0073527911785892	0.0113443312982807	
0.6890624999999999	0.5000000000000000	-0.2792470267170972	-0.0011509976645009	0.1974488883925208	-0.1722082925823452	-0.0081589838065523	0.0118792814812659	
0.6921875000000001	0.5000000000000000	-0.2839130328206648	-0.0011515615284561	0.2007480786427444	-0.1722074513217648	-0.0083247896289302	0.0119930193116802	
0.6953125000000002	0.5000000000000000	-0.2885816356045616	-0.0011521367904365	0.2040491033454340	-0.1722065930558004	-0.0084921913594250	0.0121090562701314	
0.6984375000000000	0.5000000000000000	-0.2932528872849808	-0.0011527235607190	0.2073519993892752	-0.1722057176199241	-0.0086612210898739	0.0122274146015514	
0.0265625000000000	0.5000000000000000	0.7187864070968735	-0.0012668637276449	-0.5082231666631069	-0.1720354250247969	0.0338411977774736	0.0352509450135476	
0.0296875000000000	0.5000000000000000	0.7135986806354130	-0.0012645651646682	-0.5045554015078000	-0.1720388543809097	0.0333547449616399	0.0347872938137669	
0.0328125000000000	0.5000000000000000	0.7084213582349769	-0.0012622996630893	-0.5008949864123419	-0.1720422344110728	0.0328746864349376	0.0343303115308116	
0.0359375000000000	0.5000000000000000	0.7032542901550091	-0.0012600667885885	-0.4972418155909175	-0.1720455657632647	0.0324009301674911	0.0338799105586570	
0.0390625000000000	0.5000000000000000	0.6980973286207637	-0.0012578661131017	-0.4935957846464793	-0.1720488490761313	0.0319333853376028	0.0334360045529517	
0.0421875000000000	0.5000000000000000	0.6929503277949743	-0.0012556972147372	-0.4899567905507329	-0.1720520849791092	0.0314719623143420	0.0329985084144650	
0.0453125000000000	0.5000000000000000	0.6878131437498975	-0.0012535596776959	-0.4863247316243868	-0.1720552740925456	0.0310165726403618	0.0325673382727730	
0.0484375000000000	0.5000000000000000	0.6826856344397202	-0.0012514530921909	-0.4826995075176592	-0.1720584170278177	0.0305671290149419	0.0321424114701799	
0.6015625000000001	0.5000000000000000	-0.1494551529356816	-0.0011394548762850	0.1056765016032736	-0.1722255139127158	-0.0040426971632095	0.0095509716198307	
0.6046875000000000	0.5000000000000000	-0.1540678901717205	-0.0011397360075039	0.1089380594948165	-0.1722250944777387	-0.0041757641775269	0.0096076788999636	
0.6078125000000001	0.5000000000000000	-0.1586819299180804	-0.0011400262698350	0.1122005375586472	-0.1722246614195193	-0.0043096317088739	0.0096662280250663	
0.6109375000000000	0.5000000000000000	-0.1632973139309117	-0.0011403257189204	0.1154639652938426	-0.1722242146550416	-0.0044443254203942	0.0097266302193329	
0.6140625000000001	0.5000000000000000	-0.1679140842240681	-0.0011406344121631	0.1187283723815371	-0.1722237540986628	-0.0045798711336152	0.0097888970622013	
0.6171875000000001	0.5000000000000000	-0.1725322830771614	-0.0011409524087384	0.1219937886906123	-0.1722232796620955	-0.0047162948333976	0.0098530404905729	
0.6203125000000002	0.5000000000000000	-0.1771519530436664	-0.0011412797696048	0.1252602442834235	-0.1722227912543920	-0.0048536226729171	0.0099190728011009	
0.6234375000000001	0.5000000000000000	-0.1817731369590784	-0.0011416165575160	0.1285277694215622	-0.1722222887819262	-0.0049918809786779	0.0099870066525481	
0.9515625000000000	0.5000000000000000	-0.6826856352159566	-0.0012514530383967	0.4826995068816951	-0.1720584175119012	-0.0305671290195499	0.0321424116556171	
0.9546874999999999	0.5000000000000000	-0.6878131445403111	-0.0012535596271640	0.4863247309985890	-0.1720552745754962	-0.0310165726472059	0.0325673384572682	
0.9578125000000000	0.5000000000000000	-0.6929503285995336	-0.0012556971675263	0.4899567899350695	-0.1720520854608551	-0.0314719623234104	0.0329985085979809	
0.9609374999999999	0.5000000000000000	-0.6980973294394350	-0.0012578660692704	0.4935957840409168	-0.1720488495566009	-0.0319333853488836	0.0334360047354512	
0.9640625000000000	0.5000000000000000	-0.7032542909877577	-0.0012600667481950	0.4972418149954210	-0.1720455662423868	-0.0324009301809718	0.0338799107401030	
0.9671875000000000	0.5000000000000000	-0.7084213590817651	-0.0012622996261917	0.5008949858268748	-0.1720422348887763	-0.0328746864506053	0.0343303117111672	
0.9703124999999999	0.5000000000000000	-0.7135986814962014	-0.0012645651313246	0.5045554009323240	-0.1720388548571236	-0.0333547449794812	0.0347872939929950	
0.9734375000000001	0.5000000000000000	-0.7187864079716205	-0.0012668636979131	0.5082231660975819	-0.1720354254994508	-0.0338411977974746	0.0352509451916112	
0.3140625000000000	0.5000000000000000	0.2745835658925352	-0.0011504452151990	-0.1941514974959994	-0.1722091166725925	0.0079947422857926	0.0117678208367852	
0.3171875000000001	0.5000000000000000	0.2699225984917097	-0.0011499038238729	-0.1908558668913401	-0.1722099244074883	0.0078320332234768	0.0116586162883452	
0.3203125000000001	0.5000000000000000	0.2652640740697256	-0.0011493735127316	-0.1875619621550907	-0.1722107156111946	0.0076708256050939	0.0115516467610667	
0.3234375000000000	0.5000000000000000	0.2606079423424653	-0.0011488541801167	-0.1842697477635009	-0.1722114904353816	0.0075110885262519	0.0114468917482939	
0.6765625000000001	0.5000000000000000	-0.2606079419976361	-0.0011488540594479	0.1842697463045644	-0.1722114907479277	-0.0075110883419588	0.0114468918805904	
0.6796875000000000	0.5000000000000000	-0.2652640737340162	-0.0011493733906743	0.1875619607029529	-0.1722107159283450	-0.0076708254224111	0.0115516468952627	
0.6828125000000000	0.5000000000000000	-0.2699225981652533	-0.0011499037004653	0.1908558654460991	-0.1722099247291958	-0.0078320330424271	0.0116586164244181	
0.6859375000000000	0.5000000000000000	-0.2745835655754639	-0.0011504450904798	0.1941514960577524	-0.1722091169988092	-0.0079947421063985	0.0117678209747120	
0.0515625000000000	0.5000000000000000	0.6775676596733281	-0.0012493770543693	-0.4790810191910406	-0.1720615143874497	0.0301235452772520	0.0317236465458723	
0.0546875000000000	0.5000000000000000	0.6724590810874327	-0.0012473311662347	-0.4754691688963075	-0.1720645667652282	0.0296857363898347	0.0313109632203023	
0.9390624999999999	0.5000000000000000	-0.6622695687035494	-0.0012433282096104	0.4682649970769329	-0.1720705393952605	-0.0288271085308086	0.0305035262502312	
0.9421875000000001	0.5000000000000000	-0.6673597628535833	-0.0012453149723420	0.4718638594911477	-0.1720675752333666	-0.0292536184201382	0.0309042825678386	
0.9453125000000000	0.5000000000000000	-0.6724590818352303	-0.0012473311060919	0.4754691682399226	-0.1720645672513616	-0.0296857363899378	0.0313109634075120	
0.9484375000000000	0.5000000000000000	-0.6775676604353587	-0.0012493769973715	0.4790810185448802	-0.1720615148725941	-0.0301235452796129	0.0317236467322142	
0.0578125000000000	0.5000000000000000	0.6673597621200439	-0.0012453150355707	-0.4718638601577841	-0.1720675747463163	0.0292536184223033	0.0309042823797983	
0.0609375000000000	0.5000000000000000	0.6622695679842909	-0.0012433282758658	-0.4682649977538460	-0.1720705389073660	0.0288271085352516	0.0305035260613978	
0.0640625000000000	0.5000000000000000	0.6571883656425839	-0.0012413705062397	-0.4646724876986670	-0.1720734598166277	0.0284061249643734	0.0301086174379014	
0.0671875000000000	0.5000000000000000	0.6521160237811086	-0.0012394413513697	-0.4610862372242009	-0.1720763380340605	0.0279905870047879	0.0297194808031452	
0.0703125000000000	0.5000000000000000	0.6470524127846536	-0.0012375404414191	-0.4575061547623974	-0.1720791741114386	0.0275804149955680	0.0293360415574870	
0.0734375000000000	0.5000000000000000	0.6419974047117621	-0.0012356674119661	-0.4539321499276481	-0.1720819685924574	0.0271755303044686	0.0289582261935052	
0.2515625000000000	0.5000000000000000	0.3683978612054015	-0.0011637759558395	-0.2604844164405706	-0.1721892277281110	0.0116145754891562	0.0144567841813895	
0.2546875000000000	0.5000000000000000	0.3636766796018669	-0.0011629881846892	-0.2571462468713470	-0.1721904030517022	0.0114148590464275	0.0142978813718914	
0.2578125000000000	0.5000000000000000	0.3589590585375318	-0.0011622140019692	-0.2538105926829500	-0.1721915581019128	0.0112173308951739	0.0141417195453894	
0.2609375000000000	0.5000000000000000	0.3542449363991198	-0.0011614532592688	-0.2504774103480241	-0.1721926931001647	0.0110219531681547	0.0139882687647916	
0.2640625000000000	0.5000000000000000	0.3495342522441180	-0.0011607058107542	-0.2471466568130821	-0.1721938082640350	0.0108286884103776	0.0138374996127283	
0.2671875000000000	0.5000000000000000	0.3448269457890940	-0.0011599715131403	-0.2438182894902509	-0.1721949038072987	0.0106374995719182	0.0136893831859130	
0.2703125000000001	0.5000000000000000	0.3401229573981399	-0.0011592502256627	-0.2404922662491082	-0.1721959799399696	0.0104483500008174	0.0135438910896014	
0.2734375000000000	0.5000000000000000	0.3354222280714391	-0.0011585418100516	-0.2371685454086049	-0.1721970368683402	0.0102612034360550	0.0134009954321477	
0.2765625000000000	0.5000000000000000	0.3307246994339556	-0.0011578461305045	-0.2338470857290753	-0.1721980747950214	0.0100760240005982	0.0132606688196578	
0.2796875000000000	0.5000000000000000	0.3260303137242437	-0.0011571630536608	-0.2305278464043309	-0.1721990939189813	0.0098927761945241	0.0131228843507379	
0.2828125000000000	0.5000000000000000	0.3213390137833750	-0.0011564924485759	-0.2272107870538378	-0.1722000944355834	0.0097114248882137	0.0129876156113369	
0.2859375000000001	0.5000000000000000	0.3166507430439798	-0.0011558341866960	-0.2238958677149754	-0.1722010765366243	0.0095319353156176	0.0128548366696834	
0.2890625000000000	0.5000000000000000	0.3119654455194035	-0.0011551881418337	-0.2205830488353752	-0.1722020404103699	0.0093542730675911	0.0127245220713136	
0.2921875000000000	0.5000000000000000	0.3072830657929737	-0.0011545541901436	-0.2172722912653390	-0.1722029862415921	0.0091784040852980	0.0125966468341924	
0.2953125000000001	0.5000000000000000	0.3026035490073762	-0.0011539322100987	-0.2139635562503328	-0.1722039142116040	0.0090042946536809	0.0124711864439234	
0.2984375000000000	0.5000000000000000	0.2979268408541386	-0.0011533220824671	-0.2106568054235580	-0.1722048244982944	0.0088319113949983	0.0123481168490499	
0.7015625000000001	0.5000000000000000	-0.2979268405859243	-0.0011533219517862	0.2106568040217003	-0.1722048248463164	-0.0088319112242108	0.0123481169958922	
0.7046874999999999	0.5000000000000000	-0.3026035487493098	-0.0011539320783487	0.2139635548560289	-0.1722039145638344	-0.0090042944846784	0.0124711865924756	
0.7078125000000001	0.5000000000000000	-0.3072830655451772	-0.0011545540573668	0.2172722898786782	-0.1722029865979784	-0.0091784039181009	0.0125966469844293	
0.7109375000000002	0.5000000000000000	-0.3119654452819975	-0.0011551880080728	0.2205830474564457	-0.1722020407708591	-0.0093542729022197	0.0127245222232098	
0.7140625000000002	0.5000000000000000	-0.3166507428170833	-0.0011558340519944	0.2238958663438640	-0.1722010769011628	-0.0095319351520917	0.0128548368232131	
0.7171875000000001	0.5000000000000000	-0.3213390135671055	-0.0011564923129772	0.2272107856906302	-0.1722000948041171	-0.0097114247265530	0.0129876157664742	
0.7203125000000001	0.5000000000000000	-0.3260303135187171	-0.0011571629172092	0.2305278450491115	-0.1721990942914553	-0.0098927760347478	0.0131228845074563	
0.7234375000000001	0.5000000000000000	-0.3307246992392863	-0.0011578459932446	0.2338470843819274	-0.1721980751713803	-0.0100760238427253	0.0132606689779308	
0.7265625000000002	0.5000000000000000	-0.3354222278877402	-0.0011585416720286	0.2371685440696106	-0.1721970372485282	-0.0102612032801040	0.0134009955919484	
0.7296875000000000	0.5000000000000000	-0.3401229572255227	-0.0011592500869224	0.2404922649183482	-0.1721959803239301	-0.0104483498468067	0.0135438912509026	
0.7328125000000001	0.5000000000000000	-0.3448269456276679	-0.0011599713737288	0.2438182881678048	-0.1721949041949745	-0.0106374994198658	0.0136893833486872	
0.7359374999999999	0.5000000000000000	-0.3495342520939909	-0.0011607056707182	0.2471466554990280	-0.1721938086553682	-0.0108286882603011	0.0138374997769475	
0.7390625000000001	0.5000000000000000	-0.3542449362603984	-0.0011614531186550	0.2504774090424390	-0.1721926934950973	-0.0110219530200714	0.0139882689304279	
0.7421875000000000	0.5000000000000000	-0.3589590584103206	-0.0011622138608251	0.2538105913859093	-0.1721915585003863	-0.0112173307491007	0.0141417197124145	
0.7453125000000000	0.5000000000000000	-0.3636766794862688	-0.0011629880430627	0.2571462455829249	-0.1721904034536569	-0.0114148589023811	0.0142978815402766	
0.7484375000000000	0.5000000000000000	-0.3683978611015181	-0.0011637758137789	0.2604844151608403	-0.1721892281334874	-0.0116145753471528	0.0144567843511061	
0.9265625000000001	0.5000000000000000	-0.6419974053737098	-0.0012356673341959	0.4539321492094096	-0.1720819690830036	-0.0271755302908250	0.0289582263851399	
0.9296875000000000	0.5000000000000000	-0.6470524134609527	-0.0012375403664386	0.4575061540545197	-0.1720791746014311	-0.0275804149842369	0.0293360417484772	
0.9328125000000000	0.5000000000000000	-0.6521160244717447	-0.0012394412792382	0.4610862365266654	-0.1720763385234264	-0.0279905869957615	0.0297194809934538	
0.9359375000000000	0.5000000000000000	-0.6571883663475403	-0.0012413704370166	0.4646724870114536	-0.1720734603052942	-0.0284061249576431	0.0301086176274910	
0.0765625000000000	0.5000000000000000	0.6369508732702051	-0.0012338219039341	-0.4503641334994591	-0.1720847220128379	0.0267758553128531	0.0285859622819073	
0.0796875000000000	0.5000000000000000	0.6319126937927698	-0.0012320035635229	-0.4468020174053470	-0.1720874349004288	0.0263813134008125	0.0282191784576446	
0.0828125000000000	0.5000000000000000	0.6268827432133615	-0.0012302120421407	-0.4432457147039549	-0.1720901077753086	0.0259918289324778	0.0278578044062311	
0.0859375000000000	0.5000000000000000	0.6218609000434099	-0.0012284469963371	-0.4396951395683850	-0.1720927411498845	0.0256073272415200	0.0275017708502639	
0.0890625000000000	0.5000000000000000	0.6168470443485791	-0.0012267080877379	-0.4361502072697454	-0.1720953355289911	0.0252277346168354	0.0271510095361424	
0.0921875000000000	0.5000000000000000	0.6118410577257765	-0.0012249949829797	-0.4326108341609072	-0.1720978914099867	0.0248529782884160	0.0268054532209834	
0.0953125000000000	0.5000000000000000	0.6068428232804540	-0.0012233073536462	-0.4290769376604686	-0.1721004092828496	0.0244829864133983	0.0264650356597310	
0.0984375000000000	0.5000000000000000	0.6018522256041982	-0.0012216448762048	-0.4255484362369237	-0.1721028896302710	0.0241176880622905	0.0261296915924561	
0.2015625000000000	0.5000000000000000	0.4444740648865524	-0.0011783598715455	-0.3142747094586685	-0.1721674691034577	0.0151402595335462	0.0173985389050678	
0.2046875000000000	0.5000000000000000	0.4396869405402744	-0.0011773322829330	-0.3108899539366640	-0.1721690022246980	0.0149000149764696	0.0171912613820947	
0.2078125000000000	0.5000000000000000	0.4349044638282643	-0.0011763210325316	-0.3075084817853819	-0.1721705109700198	0.0146626268345703	0.0169872795191635	
0.2109375000000000	0.5000000000000000	0.4301265607040563	-0.0011753259264823	-0.3041302406939073	-0.1721719956286510	0.0144280495992258	0.0167865542118174	
0.2140625000000000	0.5000000000000000	0.4253531579979668	-0.0011743467740208	-0.3007551789707371	-0.1721734564852023	0.0141962383006801	0.0165890469798990	
0.2171875000000000	0.5000000000000000	0.4205841834030672	-0.0011733833874415	-0.2973832455338709	-0.1721748938197208	0.0139671484994228	0.0163947199601741	
0.2203125000000000	0.5000000000000000	0.4158195654613225	-0.0011724355820613	-0.2940143899010182	-0.1721763079077446	0.0137407362776694	0.0162035358990723	
0.2234375000000000	0.5000000000000000	0.4110592335498924	-0.0011715031761841	-0.2906485621799209	-0.1721776990203550	0.0135169582309423	0.0160154581455460	
0.2265625000000000	0.5000000000000000	0.4063031178675925	-0.0011705859910664	-0.2872857130587881	-0.1721790674242287	0.0132957714597499	0.0158304506440437	
0.2296875000000000	0.5000000000000000	0.4015511494215127	-0.0011696838508822	-0.2839257937968436	-0.1721804133816889	0.0130771335613628	0.0156484779275982	
0.2328125000000000	0.5000000000000000	0.3968032600137919	-0.0011687965826904	-0.2805687562149813	-0.1721817371507556	0.0128610026216841	0.0154695051110273	
0.2359375000000000	0.5000000000000000	0.3920593822285426	-0.0011679240164005	-0.2772145526865293	-0.1721830389851952	0.0126473372072154	0.0152934978842463	
0.2390625000000000	0.5000000000000000	0.3873194494189281	-0.0011670659847410	-0.2738631361281196	-0.1721843191345691	0.0124360963571127	0.0151204225056902	
0.2421875000000000	0.5000000000000000	0.3825833956943857	-0.0011662223232266	-0.2705144599906619	-0.1721855778442810	0.0122272395753349	0.0149502457958456	
0.2453125000000000	0.5000000000000000	0.3778511559079946	-0.0011653928701270	-0.2671684782504201	-0.1721868153556251	0.0120207268228796	0.0147829351308899	
0.2484375000000000	0.5000000000000000	0.3731226656439875	-0.0011645774664356	-0.2638251454001890	-0.1721880319058312	0.0118165185101084	0.0146184584364373	
0.7515624999999999	0.5000000000000000	-0.3731226655519185	-0.0011645773239895	0.2638251441292221	-0.1721880323145690	-0.0118165183701639	0.0146184586074562	
0.7546875000000001	0.5000000000000000	-0.3778511558278379	-0.0011653927273445	0.2671684769882867	-0.1721868157676635	-0.0120207266850097	0.0147829353031818	
0.7578125000000000	0.5000000000000000	-0.3825833956262373	-0.0011662221801574	0.2705144587374308	-0.1721855782595586	-0.0122272394395546	0.0149502459693806	
0.7609375000000000	0.5000000000000000	-0.3873194493628827	-0.0011670658414348	0.2738631348838583	-0.1721843195530241	-0.0124360962234370	0.0151204226804386	
0.7640625000000000	0.5000000000000000	-0.3920593821846929	-0.0011679238729077	0.2772145514513041	-0.1721830394067656	-0.0126473370756588	0.0152934980601779	
0.7671874999999999	0.5000000000000000	-0.3968032599822288	-0.0011687964390616	0.2805687549888568	-0.1721817375753784	-0.0128610024922607	0.0154695052881119	
0.7703125000000001	0.5000000000000000	-0.4015511494023253	-0.0011696837071685	0.2839257925798831	-0.1721804138093011	-0.0130771334340863	0.0156484781058051	
0.7734375000000000	0.5000000000000000	-0.4063031178608679	-0.0011705858473191	0.2872857118510533	-0.1721790678547668	-0.0132957713346338	0.0158304508233422	
0.7765625000000000	0.5000000000000000	-0.4110592335557163	-0.0011715030324551	0.2906485609814721	-0.1721776994537549	-0.0135169581079995	0.0160154583259049	
0.7796875000000000	0.5000000000000000	-0.4158195654797785	-0.0011724354384026	0.2940143887119145	-0.1721763083439418	-0.0137407361569125	0.0162035360804603	
0.7828124999999999	0.5000000000000000	-0.4205841834342371	-0.0011733832439057	0.2973832443541698	-0.1721748942586504	-0.0139671483808642	0.0163947201425598	
0.7859375000000001	0.5000000000000000	-0.4253531580419307	-0.0011743466306606	0.3007551778004947	-0.1721734569267989	-0.0141962381843317	0.0165890471632506	
0.7890625000000002	0.5000000000000000	-0.4301265607608922	-0.0011753257833508	0.3041302395331782	-0.1721719960728491	-0.0144280494850989	0.0167865543961029	
0.7921875000000000	0.5000000000000000	-0.4349044638980484	-0.0011763208896822	0.3075084806342192	-0.1721705114167532	-0.0146626267226761	0.0169872797043509	
0.7953125000000001	0.5000000000000000	-0.4396869406230810	-0.0011773321404194	0.3108899527951190	-0.1721690026739004	-0.0149000148668188	0.0171912615681516	
0.7984374999999999	0.5000000000000000	-0.4444740649824540	-0.0011783597294220	0.3142747083267915	-0.1721674695550621	-0.0151402594261491	0.0173985390919616	
0.9015625000000000	0.5000000000000000	-0.6018522261510673	-0.0012216447782593	0.4255484354353321	-0.1721028901226179	-0.0241176880299120	0.0261296917879113	
0.9046875000000000	0.5000000000000000	-0.6068428238417142	-0.0012233072580143	0.4290769368693258	-0.1721004097752276	-0.0244829863833802	0.0264650358548381	
0.9078124999999999	0.5000000000000000	-0.6118410583014302	-0.0012249948897208	0.4326108333802083	-0.1720978919023225	-0.0248529782607540	0.0268054534157057	
0.9109375000000001	0.5000000000000000	-0.6168470449386266	-0.0012267079969116	0.4361502064994836	-0.1720953360212112	-0.0252277345915246	0.0271510097304426	
0.9140625000000002	0.5000000000000000	-0.6218609006478496	-0.0012284469080029	0.4396951388085516	-0.1720927416419160	-0.0256073272185550	0.0275017710441052	
0.9171875000000000	0.5000000000000000	-0.6268827438321896	-0.0012302119563581	0.4432457139545397	-0.1720901082670785	-0.0259918289118530	0.0278578045995765	
0.9203125000000001	0.5000000000000000	-0.6319126944259799	-0.0012320034803516	0.4468020166663381	-0.1720874353918639	-0.0263813133825215	0.0282191786504570	
0.9234374999999999	0.5000000000000000	-0.6369508739177889	-0.0012338218234337	0.4503641327708430	-0.1720847225038650	-0.0267758552968893	0.0285859624741494	
0.1015625000000000	0.5000000000000000	0.5968691507526060	-0.0012200072319452	-0.4220252493930329	-0.1721053329277478	0.0237570132053756	0.0257993567318465	
0.1046875000000000	0.5000000000000000	0.5918934862234414	-0.0012183941069180	-0.4185072976503902	-0.1721077396436744	0.0234008926992860	0.0254739677508822	
0.1078125000000000	0.5000000000000000	0.5869251209350680	-0.0012168051918748	-0.4149945025341878	-0.1721101102394317	0.0230492582737479	0.0251534622706955	
0.1109375000000000	0.5000000000000000	0.5819639452051538	-0.0012152401822080	-0.4114867865581713	-0.1721124451694758	0.0227020425184943	0.0248377788486126	
0.1890625000000000	0.5000000000000000	0.4634946452924761	-0.0011826181044462	-0.3277232919069381	-0.1721611159900001	0.0160904661868931	0.0182574783082759	
0.1921875000000000	0.5000000000000000	0.4586882544958915	-0.0011815259141618	-0.3243249253959342	-0.1721627454942047	0.0158383805558993	0.0180371696589072	
0.8078125000000000	0.5000000000000000	-0.4586882546310759	-0.0011815257735297	0.3243249242930339	-0.1721627459526220	-0.0158383804552064	0.0180371698481270	
0.8109375000000000	0.5000000000000000	-0.4634946454410269	-0.0011826179644215	0.3277232908138915	-0.1721611164505507	-0.0160904660884913	0.0182574784982009	
0.8890625000000000	0.5000000000000000	-0.5819639456945246	-0.0012152400756042	0.4114867857147647	-0.1721124456609668	-0.0227020424766388	0.0248377790450914	
0.8921874999999999	0.5000000000000000	-0.5869251214387994	-0.0012168050873462	0.4149945017012345	-0.1721101107312464	-0.0230492582342661	0.0251534624669735	
0.8953125000000001	0.5000000000000000	-0.5918934867415441	-0.0012183940045243	0.4185072968278916	-0.1721077401357397	-0.0234008926621751	0.0254739679469227	
0.8984375000000000	0.5000000000000000	-0.5968691512850884	-0.0012200071317458	0.4220252485809887	-0.1721053334199907	-0.0237570131706327	0.0257993569276128	
0.0007812500000000	0.5000000000000000	0.7624317230252632	-0.0006495764716250	-0.5391004994710359	-0.1731878395997553	0.0383205381568850	0.0402434524550389	
0.0023437500000000	0.5000000000000000	0.7597648397761925	-0.0006489162497902	-0.5372148751249272	-0.1731888259450906	0.0380411032438515	0.0399783447546652	
0.0039062500000000	0.5000000000000000	0.7571009560106333	-0.0006482608440692	-0.5353313707666917	-0.1731898050954093	0.0377635084828768	0.0397151709160330	
0.0054687500000000	0.5000000000000000	0.7544400498406595	-0.0006476102227566	-0.5334499709262865	-0.1731907770980767	0.0374877404459446	0.0394539182087061	
0.9945312500000001	0.5000000000000000	-0.7544400508078742	-0.0006476102172573	0.5334499704272495	-0.1731907775633492	-0.0374877404803487	0.0394539183803815	
0.9960937500000000	0.5000000000000000	-0.7571009569846817	-0.0006482608405911	0.5353313702724904	-0.1731898055596342	-0.0377635085183174	0.0397151710869833	
0.9976562500000000	0.5000000000000000	-0.7597648407570599	-0.0006489162483477	0.5372148746355483	-0.1731888264082504	-0.0380411032803240	0.0399783449248811	
0.9992187500000000	0.5000000000000000	-0.7624317240129347	-0.0006495764722321	0.5391004989864661	-0.1731878400618329	-0.0383205381943852	0.0402434526245112	
0.0070312500000000	0.5000000000000000	0.7517820995223795	-0.0006469643543785	-0.5315706602354701	-0.1731917420001127	0.0372137857934019	0.0391945739951789	
0.0085937500000000	0.5000000000000000	0.7491270834548840	-0.0006463232076906	-0.5296934234270581	-0.1731926998481938	0.0369416312733140	0.0389371257302647	
0.0101562500000000	0.5000000000000000	0.7464749801792013	-0.0006456867516777	-0.5278182453341861	-0.1731936506886548	0.0366712637208237	0.0386815609604891	
0.0117187500000000	0.5000000000000000	0.7438257683772596	-0.0006450549555509	-0.5259451108895751	-0.1731945945674918	0.0364026700575141	0.0384278673234874	
0.0132812500000000	0.5000000000000000	0.7411794268708556	-0.0006444277887470	-0.5240740051248030	-0.1731955315303642	0.0361358372907765	0.0381760325474067	
0.0148437500000000	0.5000000000000000	0.7385359346206296	-0.0006438052209265	-0.5222049131695801	-0.1731964616225967	0.0358707525131811	0.0379260444503123	
0.0164062500000000	0.5000000000000000	0.7358952707250485	-0.0006431872219726	-0.5203378202510309	-0.1731973848891818	0.0356074029018535	0.0376778909395983	
0.0179687500000000	0.5000000000000000	0.7332574144193942	-0.0006425737619896	-0.5184727116929780	-0.1731983013747816	0.0353457757178538	0.0374315600114028	
0.0195312500000000	0.5000000000000000	0.7306223450747596	-0.0006419648113014	-0.5166095729152334	-0.1731992111237301	0.0350858583055605	0.0371870397500271	
0.0210937500000000	0.5000000000000000	0.7279900421970503	-0.0006413603404499	-0.5147483894328923	-0.1732001141800357	0.0348276380920588	0.0369443183273595	
0.0226562500000000	0.5000000000000000	0.7253604854259939	-0.0006407603201935	-0.5128891468556330	-0.1732010105873828	0.0345711025865317	0.0367033840023029	
0.0242187500000000	0.5000000000000000	0.7227336545341534	-0.0006401647215063	-0.5110318308870212	-0.1732019003891341	0.0343162393796561	0.0364642251202069	
0.9757812500000000	0.5000000000000000	-0.7227336554183128	-0.0006401646928667	0.5110318303289858	-0.1732019008656137	-0.0343162394012990	0.0364642252998610	
0.9773437500000000	0.5000000000000000	-0.7253604863171431	-0.0006407602934029	0.5128891463025782	-0.1732010110630255	-0.0345711026092596	0.0367033841813433	
0.9789062499999999	0.5000000000000000	-0.7279900430951778	-0.0006413603155228	0.5147483888848066	-0.1732001146548238	-0.0348276381158680	0.0369443185057769	
0.9804687500000000	0.5000000000000000	-0.7306223459798532	-0.0006419647882524	0.5166095723721059	-0.1731992115976459	-0.0350858583304472	0.0371870399278122	
0.9820312500000000	0.5000000000000000	-0.7332574153314418	-0.0006425737408331	0.5184727111547975	-0.1731983018478074	-0.0353457757438141	0.0374315601885463	
0.9835937500000000	0.5000000000000000	-0.7358952716440379	-0.0006431872027229	0.5203378197177859	-0.1731973853612999	-0.0356074029288836	0.0376778911160909	
0.9851562500000000	0.5000000000000000	-0.7385359355465482	-0.0006438052035980	0.5222049126412589	-0.1731964620937895	-0.0358707525412770	0.0379260446261446	
0.9867187500000001	0.5000000000000000	-0.7411794278036906	-0.0006444277733542	0.5240740046013933	-0.1731955320006139	-0.0361358373199341	0.0381760327225694	
0.9882812500000000	0.5000000000000000	-0.7438257693169980	-0.0006450549421084	0.5259451103710651	-0.1731945950367811	-0.0364026700877293	0.0384278674979712	
0.9898437500000001	0.5000000000000000	-0.7464749811258296	-0.0006456867401996	0.5278182448205634	-0.1731936511569660	-0.0366712637520924	0.0386815611342848	
0.9914062500000000	0.5000000000000000	-0.7491270844083882	-0.0006463231981911	0.5296934229183101	-0.1731927003155096	-0.0369416313056321	0.0389371259033629	
0.9929687500000000	0.5000000000000000	-0.7517821004827462	-0.0006469643468719	0.5315706597315840	-0.1731917424664156	-0.0372137858267651	0.0391945741675703	
