56
1 0 1
0 1 1
2 1 1.414213562373095
1 2 1.414213562373095
3 2 1.732050807568877
2 3 1.732050807568877
4 3 2
3 4 2
5 4 2.23606797749979
4 5 2.23606797749979
6 5 2.449489742783178
5 6 2.449489742783178
7 6 2.645751311064591
6 7 2.645751311064591
8 7 2.82842712474619
7 8 2.82842712474619
9 8 3
8 9 3
10 9 3.16227766016838
9 10 3.16227766016838
11 10 3.3166247903554
10 11 3.3166247903554
12 11 3.464101615137754
11 12 3.464101615137754
13 12 3.605551275463989
12 13 3.605551275463989
14 13 3.741657386773941
13 14 3.741657386773941
15 14 3.872983346207417
14 15 3.872983346207417
16 15 4
15 16 4
17 16 4.123105625617661
16 17 4.123105625617661
18 17 4.242640687119285
17 18 4.242640687119285
19 18 4.358898943540674
18 19 4.358898943540674
20 19 4.47213595499958
19 20 4.47213595499958
21 20 4.58257569495584
20 21 4.58257569495584
22 21 4.69041575982343
21 22 4.69041575982343
23 22 4.795831523312719
22 23 4.795831523312719
24 23 4.898979485566356
23 24 4.898979485566356
25 24 5
24 25 5
26 25 5.099019513592784
25 26 5.099019513592784
27 26 5.196152422706632
26 27 5.196152422706632
28 27 5.291502622129181
27 28 5.291502622129181
